Id,close,coin,coin_units,computer_name,exchange,high,low,open,symbol,time,timestamp_api_call,volumefrom,volumeto
0,0.9998,BFX,1,JordanManual,CCCAGG,0.9998,0.9998,0.9998,,1507154400,2017-12-26 23:21:23.208812,0,0.0
1,0.9998,BFX,1,JordanManual,Bitfinex,0.9998,0.9998,0.9998,,1507154400,2017-12-26 23:21:24.889614,0,0.0
2,0.9998,BFX,1,JordanManual,CCCAGG,0.9998,0.9998,0.9998,,1507158000,2017-12-26 23:21:23.208812,0,0.0
3,0.9998,BFX,1,JordanManual,Bitfinex,0.9998,0.9998,0.9998,,1507158000,2017-12-26 23:21:24.889614,0,0.0
4,0.9998,BFX,1,JordanManual,CCCAGG,0.9998,0.9998,0.9998,,1507161600,2017-12-26 23:21:23.208812,0,0.0
5,0.9998,BFX,1,JordanManual,Bitfinex,0.9998,0.9998,0.9998,,1507161600,2017-12-26 23:21:24.889614,0,0.0
6,0.9998,BFX,1,JordanManual,CCCAGG,0.9998,0.9998,0.9998,,1507165200,2017-12-26 23:21:23.208812,0,0.0
7,0.9998,BFX,1,JordanManual,Bitfinex,0.9998,0.9998,0.9998,,1507165200,2017-12-26 23:21:24.889614,0,0.0
8,0.9998,BFX,1,JordanManual,Bitfinex,0.9998,0.9998,0.9998,,1507168800,2017-12-26 23:21:24.889614,0,0.0
9,0.9998,BFX,1,JordanManual,CCCAGG,0.9998,0.9998,0.9998,,1507168800,2017-12-26 23:21:23.208812,0,0.0
10,0.9998,BFX,1,JordanManual,CCCAGG,0.9998,0.9998,0.9998,,1507172400,2017-12-26 23:21:23.208812,0,0.0
11,0.9998,BFX,1,JordanManual,Bitfinex,0.9998,0.9998,0.9998,,1507172400,2017-12-26 23:21:24.889614,0,0.0
12,0.9998,BFX,1,JordanManual,CCCAGG,0.9998,0.9998,0.9998,,1507176000,2017-12-26 23:21:23.208812,0,0.0
13,0.9998,BFX,1,JordanManual,Bitfinex,0.9998,0.9998,0.9998,,1507176000,2017-12-26 23:21:24.889614,0,0.0
14,0.9998,BFX,1,JordanManual,Bitfinex,0.9998,0.9998,0.9998,,1507179600,2017-12-26 23:21:24.889614,0,0.0
15,0.9998,BFX,1,JordanManual,CCCAGG,0.9998,0.9998,0.9998,,1507179600,2017-12-26 23:21:23.208812,0,0.0
16,0.9998,BFX,1,JordanManual,Bitfinex,0.9998,0.9998,0.9998,,1507183200,2017-12-26 23:21:24.889614,0,0.0
17,0.9998,BFX,1,JordanManual,CCCAGG,0.9998,0.9998,0.9998,,1507183200,2017-12-26 23:21:23.208812,0,0.0
18,0.9998,BFX,1,JordanManual,Bitfinex,0.9998,0.9998,0.9998,,1507186800,2017-12-26 23:21:24.889614,0,0.0
19,0.9998,BFX,1,JordanManual,CCCAGG,0.9998,0.9998,0.9998,,1507186800,2017-12-26 23:21:23.208812,0,0.0
20,0.9998,BFX,1,JordanManual,Bitfinex,0.9998,0.9998,0.9998,,1507190400,2017-12-26 23:21:24.889614,0,0.0
21,0.9998,BFX,1,JordanManual,CCCAGG,0.9998,0.9998,0.9998,,1507190400,2017-12-26 23:21:23.208812,0,0.0
22,0.9998,BFX,1,JordanManual,CCCAGG,0.9998,0.9998,0.9998,,1507194000,2017-12-26 23:21:23.208812,0,0.0
23,0.9998,BFX,1,JordanManual,Bitfinex,0.9998,0.9998,0.9998,,1507194000,2017-12-26 23:21:24.889614,0,0.0
24,0.9998,BFX,1,JordanManual,CCCAGG,0.9998,0.9998,0.9998,,1507197600,2017-12-26 23:21:23.208812,0,0.0
25,0.9998,BFX,1,JordanManual,Bitfinex,0.9998,0.9998,0.9998,,1507197600,2017-12-26 23:21:24.889614,0,0.0
26,0.9998,BFX,1,JordanManual,Bitfinex,0.9998,0.9998,0.9998,,1507201200,2017-12-26 23:21:24.889614,0,0.0
27,0.9998,BFX,1,JordanManual,CCCAGG,0.9998,0.9998,0.9998,,1507201200,2017-12-26 23:21:23.208812,0,0.0
28,0.9998,BFX,1,JordanManual,Bitfinex,0.9998,0.9998,0.9998,,1507204800,2017-12-26 23:21:24.889614,0,0.0
29,0.9998,BFX,1,JordanManual,CCCAGG,0.9998,0.9998,0.9998,,1507204800,2017-12-26 23:21:23.208812,0,0.0
30,0.9998,BFX,1,JordanManual,Bitfinex,0.9998,0.9998,0.9998,,1507208400,2017-12-26 23:21:24.889614,0,0.0
31,0.9998,BFX,1,JordanManual,CCCAGG,0.9998,0.9998,0.9998,,1507208400,2017-12-26 23:21:23.208812,0,0.0
32,0.9998,BFX,1,JordanManual,CCCAGG,0.9998,0.9998,0.9998,,1507212000,2017-12-26 23:21:23.208812,0,0.0
33,0.9998,BFX,1,JordanManual,Bitfinex,0.9998,0.9998,0.9998,,1507212000,2017-12-26 23:21:24.889614,0,0.0
34,0.9998,BFX,1,JordanManual,CCCAGG,0.9998,0.9998,0.9998,,1507215600,2017-12-26 23:21:23.208812,0,0.0
35,0.9998,BFX,1,JordanManual,Bitfinex,0.9998,0.9998,0.9998,,1507215600,2017-12-26 23:21:24.889614,0,0.0
36,0.9998,BFX,1,JordanManual,CCCAGG,0.9998,0.9998,0.9998,,1507219200,2017-12-26 23:21:23.208812,0,0.0
37,0.9998,BFX,1,JordanManual,Bitfinex,0.9998,0.9998,0.9998,,1507219200,2017-12-26 23:21:24.889614,0,0.0
38,0.9998,BFX,1,JordanManual,Bitfinex,0.9998,0.9998,0.9998,,1507222800,2017-12-26 23:21:24.889614,0,0.0
39,0.9998,BFX,1,JordanManual,CCCAGG,0.9998,0.9998,0.9998,,1507222800,2017-12-26 23:21:23.208812,0,0.0
40,0.9998,BFX,1,JordanManual,Bitfinex,0.9998,0.9998,0.9998,,1507226400,2017-12-26 23:21:24.889614,0,0.0
41,0.9998,BFX,1,JordanManual,CCCAGG,0.9998,0.9998,0.9998,,1507226400,2017-12-26 23:21:23.208812,0,0.0
42,0.9998,BFX,1,JordanManual,Bitfinex,0.9998,0.9998,0.9998,,1507230000,2017-12-26 23:21:24.889614,0,0.0
43,0.9998,BFX,1,JordanManual,CCCAGG,0.9998,0.9998,0.9998,,1507230000,2017-12-26 23:21:23.208812,0,0.0
44,0.9998,BFX,1,JordanManual,CCCAGG,0.9998,0.9998,0.9998,,1507233600,2017-12-26 23:21:23.208812,0,0.0
45,0.9998,BFX,1,JordanManual,Bitfinex,0.9998,0.9998,0.9998,,1507233600,2017-12-26 23:21:24.889614,0,0.0
46,0.9998,BFX,1,JordanManual,Bitfinex,0.9998,0.9998,0.9998,,1507237200,2017-12-26 23:21:24.889614,0,0.0
47,0.9998,BFX,1,JordanManual,CCCAGG,0.9998,0.9998,0.9998,,1507237200,2017-12-26 23:21:23.208812,0,0.0
48,0.9998,BFX,1,JordanManual,Bitfinex,0.9998,0.9998,0.9998,,1507240800,2017-12-26 23:21:24.889614,0,0.0
49,0.9998,BFX,1,JordanManual,CCCAGG,0.9998,0.9998,0.9998,,1507240800,2017-12-26 23:21:23.208812,0,0.0
50,0.9998,BFX,1,JordanManual,Bitfinex,0.9998,0.9998,0.9998,,1507244400,2017-12-26 23:21:24.889614,0,0.0
51,0.9998,BFX,1,JordanManual,CCCAGG,0.9998,0.9998,0.9998,,1507244400,2017-12-26 23:21:23.208812,0,0.0
52,0.9998,BFX,1,JordanManual,Bitfinex,0.9998,0.9998,0.9998,,1507248000,2017-12-26 23:21:24.889614,0,0.0
53,0.9998,,1,JordanManual,Bitfinex,0.9998,0.9998,0.9998,BFX,1507248000,2017-12-28 01:09:55.862859,0,0.0
54,0.9998,,1,JordanManual,CCCAGG,0.9998,0.9998,0.9998,BFX,1507248000,2017-12-28 01:14:48.478985,0,0.0
55,0.9998,BFX,1,JordanManual,CCCAGG,0.9998,0.9998,0.9998,,1507248000,2017-12-26 23:21:23.208812,0,0.0
56,0.9998,BFX,1,JordanManual,CCCAGG,0.9998,0.9998,0.9998,,1507251600,2017-12-26 23:21:23.208812,0,0.0
57,0.9998,BFX,1,JordanManual,Bitfinex,0.9998,0.9998,0.9998,,1507251600,2017-12-26 23:21:24.889614,0,0.0
58,0.9998,BFX,1,JordanManual,Bitfinex,0.9998,0.9998,0.9998,,1507255200,2017-12-26 23:21:24.889614,0,0.0
59,0.9998,BFX,1,JordanManual,CCCAGG,0.9998,0.9998,0.9998,,1507255200,2017-12-26 23:21:23.208812,0,0.0
60,0.9998,BFX,1,JordanManual,Bitfinex,0.9998,0.9998,0.9998,,1507258800,2017-12-26 23:21:24.889614,0,0.0
61,0.9998,,1,JordanManual,Bitfinex,0.9998,0.9998,0.9998,BFX,1507258800,2017-12-28 01:09:55.862859,0,0.0
62,0.9998,BFX,1,JordanManual,CCCAGG,0.9998,0.9998,0.9998,,1507258800,2017-12-26 23:21:23.208812,0,0.0
63,0.9998,,1,JordanManual,CCCAGG,0.9998,0.9998,0.9998,BFX,1507258800,2017-12-28 01:14:48.478985,0,0.0
64,0.9998,BFX,1,JordanManual,CCCAGG,0.9998,0.9998,0.9998,,1507262400,2017-12-26 23:21:23.208812,0,0.0
65,0.9998,BFX,1,JordanManual,Bitfinex,0.9998,0.9998,0.9998,,1507262400,2017-12-26 23:21:24.889614,0,0.0
66,0.9998,BFX,1,JordanManual,Bitfinex,0.9998,0.9998,0.9998,,1507266000,2017-12-26 23:21:24.889614,0,0.0
67,0.9998,BFX,1,JordanManual,CCCAGG,0.9998,0.9998,0.9998,,1507266000,2017-12-26 23:21:23.208812,0,0.0
68,0.9998,,1,JordanManual,Bitfinex,0.9998,0.9998,0.9998,BFX,1507269600,2017-12-28 01:09:55.862859,0,0.0
69,0.9998,,1,JordanManual,CCCAGG,0.9998,0.9998,0.9998,BFX,1507269600,2017-12-28 01:14:48.478985,0,0.0
70,0.9998,BFX,1,JordanManual,Bitfinex,0.9998,0.9998,0.9998,,1507269600,2017-12-26 23:21:24.889614,0,0.0
71,0.9998,BFX,1,JordanManual,CCCAGG,0.9998,0.9998,0.9998,,1507269600,2017-12-26 23:21:23.208812,0,0.0
72,0.9998,BFX,1,JordanManual,Bitfinex,0.9998,0.9998,0.9998,,1507273200,2017-12-26 23:21:24.889614,0,0.0
73,0.9998,BFX,1,JordanManual,CCCAGG,0.9998,0.9998,0.9998,,1507273200,2017-12-26 23:21:23.208812,0,0.0
74,0.9998,BFX,1,JordanManual,Bitfinex,0.9998,0.9998,0.9998,,1507276800,2017-12-26 23:21:24.889614,0,0.0
75,0.9998,BFX,1,JordanManual,CCCAGG,0.9998,0.9998,0.9998,,1507276800,2017-12-26 23:21:23.208812,0,0.0
76,0.9998,BFX,1,JordanManual,CCCAGG,0.9998,0.9998,0.9998,,1507280400,2017-12-26 23:21:23.208812,0,0.0
77,0.9998,BFX,1,JordanManual,Bitfinex,0.9998,0.9998,0.9998,,1507280400,2017-12-26 23:21:24.889614,0,0.0
78,0.9998,,1,JordanManual,Bitfinex,0.9998,0.9998,0.9998,BFX,1507280400,2017-12-28 01:09:55.862859,0,0.0
79,0.9998,,1,JordanManual,CCCAGG,0.9998,0.9998,0.9998,BFX,1507280400,2017-12-28 01:14:48.478985,0,0.0
80,0.9998,BFX,1,JordanManual,Bitfinex,0.9998,0.9998,0.9998,,1507284000,2017-12-26 23:21:24.889614,0,0.0
81,0.9998,BFX,1,JordanManual,CCCAGG,0.9998,0.9998,0.9998,,1507284000,2017-12-26 23:21:23.208812,0,0.0
82,0.9998,BFX,1,JordanManual,CCCAGG,0.9998,0.9998,0.9998,,1507287600,2017-12-26 23:21:23.208812,0,0.0
83,0.9998,BFX,1,JordanManual,Bitfinex,0.9998,0.9998,0.9998,,1507287600,2017-12-26 23:21:24.889614,0,0.0
84,0.9998,,1,JordanManual,CCCAGG,0.9998,0.9998,0.9998,BFX,1507291200,2017-12-28 01:14:48.478985,0,0.0
85,0.9998,BFX,1,JordanManual,Bitfinex,0.9998,0.9998,0.9998,,1507291200,2017-12-26 23:21:24.889614,0,0.0
86,0.9998,,1,JordanManual,Bitfinex,0.9998,0.9998,0.9998,BFX,1507291200,2017-12-28 01:09:55.862859,0,0.0
87,0.9998,BFX,1,JordanManual,CCCAGG,0.9998,0.9998,0.9998,,1507291200,2017-12-26 23:21:23.208812,0,0.0
88,0.9998,BFX,1,JordanManual,CCCAGG,0.9998,0.9998,0.9998,,1507294800,2017-12-26 23:21:23.208812,0,0.0
89,0.9998,BFX,1,JordanManual,Bitfinex,0.9998,0.9998,0.9998,,1507294800,2017-12-26 23:21:24.889614,0,0.0
90,0.9998,BFX,1,JordanManual,Bitfinex,0.9998,0.9998,0.9998,,1507298400,2017-12-26 23:21:24.889614,0,0.0
91,0.9998,BFX,1,JordanManual,CCCAGG,0.9998,0.9998,0.9998,,1507298400,2017-12-26 23:21:23.208812,0,0.0
92,0.9998,BFX,1,JordanManual,Bitfinex,0.9998,0.9998,0.9998,,1507302000,2017-12-26 23:21:24.889614,0,0.0
93,0.9998,,1,JordanManual,CCCAGG,0.9998,0.9998,0.9998,BFX,1507302000,2017-12-28 01:14:48.478985,0,0.0
94,0.9998,,1,JordanManual,Bitfinex,0.9998,0.9998,0.9998,BFX,1507302000,2017-12-28 01:09:55.862859,0,0.0
95,0.9998,BFX,1,JordanManual,CCCAGG,0.9998,0.9998,0.9998,,1507302000,2017-12-26 23:21:23.208812,0,0.0
96,0.9998,BFX,1,JordanManual,CCCAGG,0.9998,0.9998,0.9998,,1507305600,2017-12-26 23:21:23.208812,0,0.0
97,0.9998,BFX,1,JordanManual,Bitfinex,0.9998,0.9998,0.9998,,1507305600,2017-12-26 23:21:24.889614,0,0.0
98,0.9998,BFX,1,JordanManual,CCCAGG,0.9998,0.9998,0.9998,,1507309200,2017-12-26 23:21:23.208812,0,0.0
99,0.9998,BFX,1,JordanManual,Bitfinex,0.9998,0.9998,0.9998,,1507309200,2017-12-26 23:21:24.889614,0,0.0
100,0.9998,,1,JordanManual,CCCAGG,0.9998,0.9998,0.9998,BFX,1507312800,2017-12-28 01:14:48.478985,0,0.0
101,0.9998,BFX,1,JordanManual,Bitfinex,0.9998,0.9998,0.9998,,1507312800,2017-12-26 23:21:24.889614,0,0.0
102,0.9998,BFX,1,JordanManual,CCCAGG,0.9998,0.9998,0.9998,,1507312800,2017-12-26 23:21:23.208812,0,0.0
103,0.9998,,1,JordanManual,Bitfinex,0.9998,0.9998,0.9998,BFX,1507312800,2017-12-28 01:09:55.862859,0,0.0
104,0.9998,BFX,1,JordanManual,CCCAGG,0.9998,0.9998,0.9998,,1507316400,2017-12-26 23:21:23.208812,0,0.0
105,0.9998,BFX,1,JordanManual,Bitfinex,0.9998,0.9998,0.9998,,1507316400,2017-12-26 23:21:24.889614,0,0.0
106,0.9998,BFX,1,JordanManual,CCCAGG,0.9998,0.9998,0.9998,,1507320000,2017-12-26 23:21:23.208812,0,0.0
107,0.9998,BFX,1,JordanManual,Bitfinex,0.9998,0.9998,0.9998,,1507320000,2017-12-26 23:21:24.889614,0,0.0
108,0.9998,BFX,1,JordanManual,CCCAGG,0.9998,0.9998,0.9998,,1507323600,2017-12-26 23:21:23.208812,0,0.0
109,0.9998,,1,JordanManual,Bitfinex,0.9998,0.9998,0.9998,BFX,1507323600,2017-12-28 01:09:55.862859,0,0.0
110,0.9998,,1,JordanManual,CCCAGG,0.9998,0.9998,0.9998,BFX,1507323600,2017-12-28 01:14:48.478985,0,0.0
111,0.9998,BFX,1,JordanManual,Bitfinex,0.9998,0.9998,0.9998,,1507323600,2017-12-26 23:21:24.889614,0,0.0
112,0.9998,BFX,1,JordanManual,Bitfinex,0.9998,0.9998,0.9998,,1507327200,2017-12-26 23:21:24.889614,0,0.0
113,0.9998,BFX,1,JordanManual,CCCAGG,0.9998,0.9998,0.9998,,1507327200,2017-12-26 23:21:23.208812,0,0.0
114,0.9998,BFX,1,JordanManual,Bitfinex,0.9998,0.9998,0.9998,,1507330800,2017-12-26 23:21:24.889614,0,0.0
115,0.9998,BFX,1,JordanManual,CCCAGG,0.9998,0.9998,0.9998,,1507330800,2017-12-26 23:21:23.208812,0,0.0
116,0.9998,,1,JordanManual,CCCAGG,0.9998,0.9998,0.9998,BFX,1507334400,2017-12-28 01:14:48.478985,0,0.0
117,0.9998,BFX,1,JordanManual,Bitfinex,0.9998,0.9998,0.9998,,1507334400,2017-12-26 23:21:24.889614,0,0.0
118,0.9998,BFX,1,JordanManual,CCCAGG,0.9998,0.9998,0.9998,,1507334400,2017-12-26 23:21:23.208812,0,0.0
119,0.9998,,1,JordanManual,Bitfinex,0.9998,0.9998,0.9998,BFX,1507334400,2017-12-28 01:09:55.862859,0,0.0
120,0.9998,BFX,1,JordanManual,Bitfinex,0.9998,0.9998,0.9998,,1507338000,2017-12-26 23:21:24.889614,0,0.0
121,0.9998,BFX,1,JordanManual,CCCAGG,0.9998,0.9998,0.9998,,1507338000,2017-12-26 23:21:23.208812,0,0.0
122,0.9998,BFX,1,JordanManual,CCCAGG,0.9998,0.9998,0.9998,,1507341600,2017-12-26 23:21:23.208812,0,0.0
123,0.9998,BFX,1,JordanManual,Bitfinex,0.9998,0.9998,0.9998,,1507341600,2017-12-26 23:21:24.889614,0,0.0
124,0.9998,BFX,1,JordanManual,Bitfinex,0.9998,0.9998,0.9998,,1507345200,2017-12-26 23:21:24.889614,0,0.0
125,0.9998,,1,JordanManual,Bitfinex,0.9998,0.9998,0.9998,BFX,1507345200,2017-12-28 01:09:55.862859,0,0.0
126,0.9998,BFX,1,JordanManual,CCCAGG,0.9998,0.9998,0.9998,,1507345200,2017-12-26 23:21:23.208812,0,0.0
127,0.9998,,1,JordanManual,CCCAGG,0.9998,0.9998,0.9998,BFX,1507345200,2017-12-28 01:14:48.478985,0,0.0
128,0.9998,BFX,1,JordanManual,CCCAGG,0.9998,0.9998,0.9998,,1507348800,2017-12-26 23:21:23.208812,0,0.0
129,0.9998,BFX,1,JordanManual,Bitfinex,0.9998,0.9998,0.9998,,1507348800,2017-12-26 23:21:24.889614,0,0.0
130,0.9998,BFX,1,JordanManual,Bitfinex,0.9998,0.9998,0.9998,,1507352400,2017-12-26 23:21:24.889614,0,0.0
131,0.9998,BFX,1,JordanManual,CCCAGG,0.9998,0.9998,0.9998,,1507352400,2017-12-26 23:21:23.208812,0,0.0
132,0.9998,BFX,1,JordanManual,Bitfinex,0.9998,0.9998,0.9998,,1507356000,2017-12-26 23:21:24.889614,0,0.0
133,0.9998,BFX,1,JordanManual,CCCAGG,0.9998,0.9998,0.9998,,1507356000,2017-12-26 23:21:23.208812,0,0.0
134,0.9998,,1,JordanManual,CCCAGG,0.9998,0.9998,0.9998,BFX,1507356000,2017-12-28 01:14:48.478985,0,0.0
135,0.9998,,1,JordanManual,Bitfinex,0.9998,0.9998,0.9998,BFX,1507356000,2017-12-28 01:09:55.862859,0,0.0
136,0.9998,BFX,1,JordanManual,CCCAGG,0.9998,0.9998,0.9998,,1507359600,2017-12-26 23:21:23.208812,0,0.0
137,0.9998,BFX,1,JordanManual,Bitfinex,0.9998,0.9998,0.9998,,1507359600,2017-12-26 23:21:24.889614,0,0.0
138,0.9998,BFX,1,JordanManual,Bitfinex,0.9998,0.9998,0.9998,,1507363200,2017-12-26 23:21:24.889614,0,0.0
139,0.9998,BFX,1,JordanManual,CCCAGG,0.9998,0.9998,0.9998,,1507363200,2017-12-26 23:21:23.208812,0,0.0
140,0.9998,,1,JordanManual,Bitfinex,0.9998,0.9998,0.9998,BFX,1507366800,2017-12-28 01:09:55.862859,0,0.0
141,0.9998,BFX,1,JordanManual,Bitfinex,0.9998,0.9998,0.9998,,1507366800,2017-12-26 23:21:24.889614,0,0.0
142,0.9998,BFX,1,JordanManual,CCCAGG,0.9998,0.9998,0.9998,,1507366800,2017-12-26 23:21:23.208812,0,0.0
143,0.9998,,1,JordanManual,CCCAGG,0.9998,0.9998,0.9998,BFX,1507366800,2017-12-28 01:14:48.478985,0,0.0
144,0.9998,BFX,1,JordanManual,CCCAGG,0.9998,0.9998,0.9998,,1507370400,2017-12-26 23:21:23.208812,0,0.0
145,0.9998,BFX,1,JordanManual,Bitfinex,0.9998,0.9998,0.9998,,1507370400,2017-12-26 23:21:24.889614,0,0.0
146,0.9998,BFX,1,JordanManual,Bitfinex,0.9998,0.9998,0.9998,,1507374000,2017-12-26 23:21:24.889614,0,0.0
147,0.9998,BFX,1,JordanManual,CCCAGG,0.9998,0.9998,0.9998,,1507374000,2017-12-26 23:21:23.208812,0,0.0
148,0.9998,BFX,1,JordanManual,Bitfinex,0.9998,0.9998,0.9998,,1507377600,2017-12-26 23:21:24.889614,0,0.0
149,0.9998,,1,JordanManual,CCCAGG,0.9998,0.9998,0.9998,BFX,1507377600,2017-12-28 01:14:48.478985,0,0.0
150,0.9998,BFX,1,JordanManual,CCCAGG,0.9998,0.9998,0.9998,,1507377600,2017-12-26 23:21:23.208812,0,0.0
151,0.9998,,1,JordanManual,Bitfinex,0.9998,0.9998,0.9998,BFX,1507377600,2017-12-28 01:09:55.862859,0,0.0
152,0.9998,BFX,1,JordanManual,CCCAGG,0.9998,0.9998,0.9998,,1507381200,2017-12-26 23:21:23.208812,0,0.0
153,0.9998,BFX,1,JordanManual,Bitfinex,0.9998,0.9998,0.9998,,1507381200,2017-12-26 23:21:24.889614,0,0.0
154,0.9998,BFX,1,JordanManual,CCCAGG,0.9998,0.9998,0.9998,,1507384800,2017-12-26 23:21:23.208812,0,0.0
155,0.9998,BFX,1,JordanManual,Bitfinex,0.9998,0.9998,0.9998,,1507384800,2017-12-26 23:21:24.889614,0,0.0
156,0.9998,BFX,1,JordanManual,Bitfinex,0.9998,0.9998,0.9998,,1507388400,2017-12-26 23:21:24.889614,0,0.0
157,0.9998,BFX,1,JordanManual,CCCAGG,0.9998,0.9998,0.9998,,1507388400,2017-12-26 23:21:23.208812,0,0.0
158,0.9998,,1,JordanManual,Bitfinex,0.9998,0.9998,0.9998,BFX,1507388400,2017-12-28 01:09:55.862859,0,0.0
159,0.9998,,1,JordanManual,CCCAGG,0.9998,0.9998,0.9998,BFX,1507388400,2017-12-28 01:14:48.478985,0,0.0
160,0.9998,BFX,1,JordanManual,Bitfinex,0.9998,0.9998,0.9998,,1507392000,2017-12-26 23:21:24.889614,0,0.0
161,0.9998,BFX,1,JordanManual,CCCAGG,0.9998,0.9998,0.9998,,1507392000,2017-12-26 23:21:23.208812,0,0.0
162,0.9998,BFX,1,JordanManual,CCCAGG,0.9998,0.9998,0.9998,,1507395600,2017-12-26 23:21:23.208812,0,0.0
163,0.9998,BFX,1,JordanManual,Bitfinex,0.9998,0.9998,0.9998,,1507395600,2017-12-26 23:21:24.889614,0,0.0
164,0.9998,,1,JordanManual,Bitfinex,0.9998,0.9998,0.9998,BFX,1507399200,2017-12-28 01:09:55.862859,0,0.0
165,0.9998,BFX,1,JordanManual,Bitfinex,0.9998,0.9998,0.9998,,1507399200,2017-12-26 23:21:24.889614,0,0.0
166,0.9998,,1,JordanManual,CCCAGG,0.9998,0.9998,0.9998,BFX,1507399200,2017-12-28 01:14:48.478985,0,0.0
167,0.9998,BFX,1,JordanManual,CCCAGG,0.9998,0.9998,0.9998,,1507399200,2017-12-26 23:21:23.208812,0,0.0
168,0.9998,BFX,1,JordanManual,Bitfinex,0.9998,0.9998,0.9998,,1507402800,2017-12-26 23:21:24.889614,0,0.0
169,0.9998,BFX,1,JordanManual,CCCAGG,0.9998,0.9998,0.9998,,1507402800,2017-12-26 23:21:23.208812,0,0.0
170,0.9998,BFX,1,JordanManual,CCCAGG,0.9998,0.9998,0.9998,,1507406400,2017-12-26 23:21:23.208812,0,0.0
171,0.9998,BFX,1,JordanManual,Bitfinex,0.9998,0.9998,0.9998,,1507406400,2017-12-26 23:21:24.889614,0,0.0
172,0.9998,BFX,1,JordanManual,Bitfinex,0.9998,0.9998,0.9998,,1507410000,2017-12-26 23:21:24.889614,0,0.0
173,0.9998,,1,JordanManual,Bitfinex,0.9998,0.9998,0.9998,BFX,1507410000,2017-12-28 01:09:55.862859,0,0.0
174,0.9998,,1,JordanManual,CCCAGG,0.9998,0.9998,0.9998,BFX,1507410000,2017-12-28 01:14:48.478985,0,0.0
175,0.9998,BFX,1,JordanManual,CCCAGG,0.9998,0.9998,0.9998,,1507410000,2017-12-26 23:21:23.208812,0,0.0
176,0.9998,BFX,1,JordanManual,CCCAGG,0.9998,0.9998,0.9998,,1507413600,2017-12-26 23:21:23.208812,0,0.0
177,0.9998,BFX,1,JordanManual,Bitfinex,0.9998,0.9998,0.9998,,1507413600,2017-12-26 23:21:24.889614,0,0.0
178,0.9998,BFX,1,JordanManual,CCCAGG,0.9998,0.9998,0.9998,,1507417200,2017-12-26 23:21:23.208812,0,0.0
179,0.9998,BFX,1,JordanManual,Bitfinex,0.9998,0.9998,0.9998,,1507417200,2017-12-26 23:21:24.889614,0,0.0
180,0.9998,,1,JordanManual,Bitfinex,0.9998,0.9998,0.9998,BFX,1507420800,2017-12-28 01:09:55.862859,0,0.0
181,0.9998,BFX,1,JordanManual,CCCAGG,0.9998,0.9998,0.9998,,1507420800,2017-12-26 23:21:23.208812,0,0.0
182,0.9998,,1,JordanManual,CCCAGG,0.9998,0.9998,0.9998,BFX,1507420800,2017-12-28 01:14:48.478985,0,0.0
183,0.9998,BFX,1,JordanManual,Bitfinex,0.9998,0.9998,0.9998,,1507420800,2017-12-26 23:21:24.889614,0,0.0
184,0.9998,BFX,1,JordanManual,Bitfinex,0.9998,0.9998,0.9998,,1507424400,2017-12-26 23:21:24.889614,0,0.0
185,0.9998,BFX,1,JordanManual,CCCAGG,0.9998,0.9998,0.9998,,1507424400,2017-12-26 23:21:23.208812,0,0.0
186,0.9998,BFX,1,JordanManual,Bitfinex,0.9998,0.9998,0.9998,,1507428000,2017-12-26 23:21:24.889614,0,0.0
187,0.9998,BFX,1,JordanManual,CCCAGG,0.9998,0.9998,0.9998,,1507428000,2017-12-26 23:21:23.208812,0,0.0
188,0.9998,BFX,1,JordanManual,CCCAGG,0.9998,0.9998,0.9998,,1507431600,2017-12-26 23:21:23.208812,0,0.0
189,0.9998,,1,JordanManual,Bitfinex,0.9998,0.9998,0.9998,BFX,1507431600,2017-12-28 01:09:55.862859,0,0.0
190,0.9998,,1,JordanManual,CCCAGG,0.9998,0.9998,0.9998,BFX,1507431600,2017-12-28 01:14:48.478985,0,0.0
191,0.9998,BFX,1,JordanManual,Bitfinex,0.9998,0.9998,0.9998,,1507431600,2017-12-26 23:21:24.889614,0,0.0
192,0.9998,BFX,1,JordanManual,Bitfinex,0.9998,0.9998,0.9998,,1507435200,2017-12-26 23:21:24.889614,0,0.0
193,0.9998,BFX,1,JordanManual,CCCAGG,0.9998,0.9998,0.9998,,1507435200,2017-12-26 23:21:23.208812,0,0.0
194,0.9998,BFX,1,JordanManual,CCCAGG,0.9998,0.9998,0.9998,,1507438800,2017-12-26 23:21:23.208812,0,0.0
195,0.9998,BFX,1,JordanManual,Bitfinex,0.9998,0.9998,0.9998,,1507438800,2017-12-26 23:21:24.889614,0,0.0
196,0.9998,,1,JordanManual,CCCAGG,0.9998,0.9998,0.9998,BFX,1507442400,2017-12-28 01:14:48.478985,0,0.0
197,0.9998,,1,JordanManual,Bitfinex,0.9998,0.9998,0.9998,BFX,1507442400,2017-12-28 01:09:55.862859,0,0.0
198,0.9998,BFX,1,JordanManual,Bitfinex,0.9998,0.9998,0.9998,,1507442400,2017-12-26 23:21:24.889614,0,0.0
199,0.9998,BFX,1,JordanManual,CCCAGG,0.9998,0.9998,0.9998,,1507442400,2017-12-26 23:21:23.208812,0,0.0
200,0.9998,BFX,1,JordanManual,Bitfinex,0.9998,0.9998,0.9998,,1507446000,2017-12-26 23:21:24.889614,0,0.0
201,0.9998,BFX,1,JordanManual,CCCAGG,0.9998,0.9998,0.9998,,1507446000,2017-12-26 23:21:23.208812,0,0.0
202,0.9998,BFX,1,JordanManual,CCCAGG,0.9998,0.9998,0.9998,,1507449600,2017-12-26 23:21:23.208812,0,0.0
203,0.9998,BFX,1,JordanManual,Bitfinex,0.9998,0.9998,0.9998,,1507449600,2017-12-26 23:21:24.889614,0,0.0
204,0.9998,,1,JordanManual,CCCAGG,0.9998,0.9998,0.9998,BFX,1507453200,2017-12-28 01:14:48.478985,0,0.0
205,0.9998,BFX,1,JordanManual,CCCAGG,0.9998,0.9998,0.9998,,1507453200,2017-12-26 23:21:23.208812,0,0.0
206,0.9998,BFX,1,JordanManual,Bitfinex,0.9998,0.9998,0.9998,,1507453200,2017-12-26 23:21:24.889614,0,0.0
207,0.9998,,1,JordanManual,Bitfinex,0.9998,0.9998,0.9998,BFX,1507453200,2017-12-28 01:09:55.862859,0,0.0
208,0.9998,BFX,1,JordanManual,CCCAGG,0.9998,0.9998,0.9998,,1507456800,2017-12-26 23:21:23.208812,0,0.0
209,0.9998,BFX,1,JordanManual,Bitfinex,0.9998,0.9998,0.9998,,1507456800,2017-12-26 23:21:24.889614,0,0.0
210,0.9998,BFX,1,JordanManual,Bitfinex,0.9998,0.9998,0.9998,,1507460400,2017-12-26 23:21:24.889614,0,0.0
211,0.9998,BFX,1,JordanManual,CCCAGG,0.9998,0.9998,0.9998,,1507460400,2017-12-26 23:21:23.208812,0,0.0
212,0.9998,BFX,1,JordanManual,CCCAGG,0.9998,0.9998,0.9998,,1507464000,2017-12-26 23:21:23.208812,0,0.0
213,0.9998,,1,JordanManual,Bitfinex,0.9998,0.9998,0.9998,BFX,1507464000,2017-12-28 01:09:55.862859,0,0.0
214,0.9998,,1,JordanManual,CCCAGG,0.9998,0.9998,0.9998,BFX,1507464000,2017-12-28 01:14:48.478985,0,0.0
215,0.9998,BFX,1,JordanManual,Bitfinex,0.9998,0.9998,0.9998,,1507464000,2017-12-26 23:21:24.889614,0,0.0
216,0.9998,BFX,1,JordanManual,CCCAGG,0.9998,0.9998,0.9998,,1507467600,2017-12-26 23:21:23.208812,0,0.0
217,0.9998,BFX,1,JordanManual,Bitfinex,0.9998,0.9998,0.9998,,1507467600,2017-12-26 23:21:24.889614,0,0.0
218,0.9998,BFX,1,JordanManual,Bitfinex,0.9998,0.9998,0.9998,,1507471200,2017-12-26 23:21:24.889614,0,0.0
219,0.9998,BFX,1,JordanManual,CCCAGG,0.9998,0.9998,0.9998,,1507471200,2017-12-26 23:21:23.208812,0,0.0
220,0.9998,BFX,1,JordanManual,Bitfinex,0.9998,0.9998,0.9998,,1507474800,2017-12-26 23:21:24.889614,0,0.0
221,0.9998,,1,JordanManual,Bitfinex,0.9998,0.9998,0.9998,BFX,1507474800,2017-12-28 01:09:55.862859,0,0.0
222,0.9998,BFX,1,JordanManual,CCCAGG,0.9998,0.9998,0.9998,,1507474800,2017-12-26 23:21:23.208812,0,0.0
223,0.9998,,1,JordanManual,CCCAGG,0.9998,0.9998,0.9998,BFX,1507474800,2017-12-28 01:14:48.478985,0,0.0
224,0.9998,BFX,1,JordanManual,Bitfinex,0.9998,0.9998,0.9998,,1507478400,2017-12-26 23:21:24.889614,0,0.0
225,0.9998,BFX,1,JordanManual,CCCAGG,0.9998,0.9998,0.9998,,1507478400,2017-12-26 23:21:23.208812,0,0.0
226,0.9998,BFX,1,JordanManual,CCCAGG,0.9998,0.9998,0.9998,,1507482000,2017-12-26 23:21:23.208812,0,0.0
227,0.9998,BFX,1,JordanManual,Bitfinex,0.9998,0.9998,0.9998,,1507482000,2017-12-26 23:21:24.889614,0,0.0
228,0.9998,,1,JordanManual,CCCAGG,0.9998,0.9998,0.9998,BFX,1507485600,2017-12-28 01:14:48.478985,0,0.0
229,0.9998,,1,JordanManual,Bitfinex,0.9998,0.9998,0.9998,BFX,1507485600,2017-12-28 01:09:55.862859,0,0.0
230,0.9998,BFX,1,JordanManual,Bitfinex,0.9998,0.9998,0.9998,,1507485600,2017-12-26 23:21:24.889614,0,0.0
231,0.9998,BFX,1,JordanManual,CCCAGG,0.9998,0.9998,0.9998,,1507485600,2017-12-26 23:21:23.208812,0,0.0
232,0.9998,BFX,1,JordanManual,Bitfinex,0.9998,0.9998,0.9998,,1507489200,2017-12-26 23:21:24.889614,0,0.0
233,0.9998,BFX,1,JordanManual,CCCAGG,0.9998,0.9998,0.9998,,1507489200,2017-12-26 23:21:23.208812,0,0.0
234,0.9998,BFX,1,JordanManual,CCCAGG,0.9998,0.9998,0.9998,,1507492800,2017-12-26 23:21:23.208812,0,0.0
235,0.9998,BFX,1,JordanManual,Bitfinex,0.9998,0.9998,0.9998,,1507492800,2017-12-26 23:21:24.889614,0,0.0
236,0.9998,,1,JordanManual,Bitfinex,0.9998,0.9998,0.9998,BFX,1507496400,2017-12-28 01:09:55.862859,0,0.0
237,0.9998,,1,JordanManual,CCCAGG,0.9998,0.9998,0.9998,BFX,1507496400,2017-12-28 01:14:48.478985,0,0.0
238,0.9998,BFX,1,JordanManual,CCCAGG,0.9998,0.9998,0.9998,,1507496400,2017-12-26 23:21:23.208812,0,0.0
239,0.9998,BFX,1,JordanManual,Bitfinex,0.9998,0.9998,0.9998,,1507496400,2017-12-26 23:21:24.889614,0,0.0
240,0.9998,BFX,1,JordanManual,Bitfinex,0.9998,0.9998,0.9998,,1507500000,2017-12-26 23:21:24.889614,0,0.0
241,0.9998,BFX,1,JordanManual,CCCAGG,0.9998,0.9998,0.9998,,1507500000,2017-12-26 23:21:23.208812,0,0.0
242,0.9998,BFX,1,JordanManual,Bitfinex,0.9998,0.9998,0.9998,,1507503600,2017-12-26 23:21:24.889614,0,0.0
243,0.9998,BFX,1,JordanManual,CCCAGG,0.9998,0.9998,0.9998,,1507503600,2017-12-26 23:21:23.208812,0,0.0
244,0.9998,BFX,1,JordanManual,Bitfinex,0.9998,0.9998,0.9998,,1507507200,2017-12-26 23:21:24.889614,0,0.0
245,0.9998,,1,JordanManual,CCCAGG,0.9998,0.9998,0.9998,BFX,1507507200,2017-12-28 01:14:48.478985,0,0.0
246,0.9998,,1,JordanManual,Bitfinex,0.9998,0.9998,0.9998,BFX,1507507200,2017-12-28 01:09:55.862859,0,0.0
247,0.9998,BFX,1,JordanManual,CCCAGG,0.9998,0.9998,0.9998,,1507507200,2017-12-26 23:21:23.208812,0,0.0
248,0.9998,BFX,1,JordanManual,CCCAGG,0.9998,0.9998,0.9998,,1507510800,2017-12-26 23:21:23.208812,0,0.0
249,0.9998,BFX,1,JordanManual,Bitfinex,0.9998,0.9998,0.9998,,1507510800,2017-12-26 23:21:24.889614,0,0.0
250,0.9998,BFX,1,JordanManual,Bitfinex,0.9998,0.9998,0.9998,,1507514400,2017-12-26 23:21:24.889614,0,0.0
251,0.9998,BFX,1,JordanManual,CCCAGG,0.9998,0.9998,0.9998,,1507514400,2017-12-26 23:21:23.208812,0,0.0
252,0.9998,BFX,1,JordanManual,Bitfinex,0.9998,0.9998,0.9998,,1507518000,2017-12-26 23:21:24.889614,0,0.0
253,0.9998,,1,JordanManual,CCCAGG,0.9998,0.9998,0.9998,BFX,1507518000,2017-12-28 01:14:48.478985,0,0.0
254,0.9998,BFX,1,JordanManual,CCCAGG,0.9998,0.9998,0.9998,,1507518000,2017-12-26 23:21:23.208812,0,0.0
255,0.9998,,1,JordanManual,Bitfinex,0.9998,0.9998,0.9998,BFX,1507518000,2017-12-28 01:09:55.862859,0,0.0
256,0.9998,BFX,1,JordanManual,Bitfinex,0.9998,0.9998,0.9998,,1507521600,2017-12-26 23:21:24.889614,0,0.0
257,0.9998,BFX,1,JordanManual,CCCAGG,0.9998,0.9998,0.9998,,1507521600,2017-12-26 23:21:23.208812,0,0.0
258,0.9998,BFX,1,JordanManual,Bitfinex,0.9998,0.9998,0.9998,,1507525200,2017-12-26 23:21:24.889614,0,0.0
259,0.9998,BFX,1,JordanManual,CCCAGG,0.9998,0.9998,0.9998,,1507525200,2017-12-26 23:21:23.208812,0,0.0
260,0.9998,BFX,1,JordanManual,CCCAGG,0.9998,0.9998,0.9998,,1507528800,2017-12-26 23:21:23.208812,0,0.0
261,0.9998,BFX,1,JordanManual,Bitfinex,0.9998,0.9998,0.9998,,1507528800,2017-12-26 23:21:24.889614,0,0.0
262,0.9998,,1,JordanManual,CCCAGG,0.9998,0.9998,0.9998,BFX,1507528800,2017-12-28 01:14:48.478985,0,0.0
263,0.9998,,1,JordanManual,Bitfinex,0.9998,0.9998,0.9998,BFX,1507528800,2017-12-28 01:09:55.862859,0,0.0
264,0.9998,BFX,1,JordanManual,Bitfinex,0.9998,0.9998,0.9998,,1507532400,2017-12-26 23:21:24.889614,0,0.0
265,0.9998,BFX,1,JordanManual,CCCAGG,0.9998,0.9998,0.9998,,1507532400,2017-12-26 23:21:23.208812,0,0.0
266,0.9998,BFX,1,JordanManual,CCCAGG,0.9998,0.9998,0.9998,,1507536000,2017-12-26 23:21:23.208812,0,0.0
267,0.9998,BFX,1,JordanManual,Bitfinex,0.9998,0.9998,0.9998,,1507536000,2017-12-26 23:21:24.889614,0,0.0
268,0.9998,,1,JordanManual,Bitfinex,0.9998,0.9998,0.9998,BFX,1507539600,2017-12-28 01:09:55.862859,0,0.0
269,0.9998,,1,JordanManual,CCCAGG,0.9998,0.9998,0.9998,BFX,1507539600,2017-12-28 01:14:48.478985,0,0.0
270,0.9998,BFX,1,JordanManual,Bitfinex,0.9998,0.9998,0.9998,,1507539600,2017-12-26 23:21:24.889614,0,0.0
271,0.9998,BFX,1,JordanManual,CCCAGG,0.9998,0.9998,0.9998,,1507539600,2017-12-26 23:21:23.208812,0,0.0
272,0.9998,BFX,1,JordanManual,Bitfinex,0.9998,0.9998,0.9998,,1507543200,2017-12-26 23:21:24.889614,0,0.0
273,0.9998,BFX,1,JordanManual,CCCAGG,0.9998,0.9998,0.9998,,1507543200,2017-12-26 23:21:23.208812,0,0.0
274,0.9998,BFX,1,JordanManual,Bitfinex,0.9998,0.9998,0.9998,,1507546800,2017-12-26 23:21:24.889614,0,0.0
275,0.9998,BFX,1,JordanManual,CCCAGG,0.9998,0.9998,0.9998,,1507546800,2017-12-26 23:21:23.208812,0,0.0
276,0.9998,BFX,1,JordanManual,CCCAGG,0.9998,0.9998,0.9998,,1507550400,2017-12-26 23:21:23.208812,0,0.0
277,0.9998,,1,JordanManual,Bitfinex,0.9998,0.9998,0.9998,BFX,1507550400,2017-12-28 01:09:55.862859,0,0.0
278,0.9998,BFX,1,JordanManual,Bitfinex,0.9998,0.9998,0.9998,,1507550400,2017-12-26 23:21:24.889614,0,0.0
279,0.9998,,1,JordanManual,CCCAGG,0.9998,0.9998,0.9998,BFX,1507550400,2017-12-28 01:14:48.478985,0,0.0
280,0.9998,BFX,1,JordanManual,CCCAGG,0.9998,0.9998,0.9998,,1507554000,2017-12-26 23:21:23.208812,0,0.0
281,0.9998,BFX,1,JordanManual,Bitfinex,0.9998,0.9998,0.9998,,1507554000,2017-12-26 23:21:24.889614,0,0.0
282,0.9998,BFX,1,JordanManual,CCCAGG,0.9998,0.9998,0.9998,,1507557600,2017-12-26 23:21:23.208812,0,0.0
283,0.9998,BFX,1,JordanManual,Bitfinex,0.9998,0.9998,0.9998,,1507557600,2017-12-26 23:21:24.889614,0,0.0
284,0.9998,BFX,1,JordanManual,CCCAGG,0.9998,0.9998,0.9998,,1507561200,2017-12-26 23:21:23.208812,0,0.0
285,0.9998,BFX,1,JordanManual,Bitfinex,0.9998,0.9998,0.9998,,1507561200,2017-12-26 23:21:24.889614,0,0.0
286,0.9998,,1,JordanManual,Bitfinex,0.9998,0.9998,0.9998,BFX,1507561200,2017-12-28 01:09:55.862859,0,0.0
287,0.9998,,1,JordanManual,CCCAGG,0.9998,0.9998,0.9998,BFX,1507561200,2017-12-28 01:14:48.478985,0,0.0
288,0.9998,BFX,1,JordanManual,CCCAGG,0.9998,0.9998,0.9998,,1507564800,2017-12-26 23:21:23.208812,0,0.0
289,0.9998,BFX,1,JordanManual,Bitfinex,0.9998,0.9998,0.9998,,1507564800,2017-12-26 23:21:24.889614,0,0.0
290,0.9998,BFX,1,JordanManual,CCCAGG,0.9998,0.9998,0.9998,,1507568400,2017-12-26 23:21:23.208812,0,0.0
291,0.9998,BFX,1,JordanManual,Bitfinex,0.9998,0.9998,0.9998,,1507568400,2017-12-26 23:21:24.889614,0,0.0
292,0.9998,,1,JordanManual,Bitfinex,0.9998,0.9998,0.9998,BFX,1507572000,2017-12-28 01:09:55.862859,0,0.0
293,0.9998,BFX,1,JordanManual,CCCAGG,0.9998,0.9998,0.9998,,1507572000,2017-12-26 23:21:23.208812,0,0.0
294,0.9998,,1,JordanManual,CCCAGG,0.9998,0.9998,0.9998,BFX,1507572000,2017-12-28 01:14:48.478985,0,0.0
295,0.9998,BFX,1,JordanManual,Bitfinex,0.9998,0.9998,0.9998,,1507572000,2017-12-26 23:21:24.889614,0,0.0
296,0.9998,BFX,1,JordanManual,CCCAGG,0.9998,0.9998,0.9998,,1507575600,2017-12-26 23:21:23.208812,0,0.0
297,0.9998,BFX,1,JordanManual,Bitfinex,0.9998,0.9998,0.9998,,1507575600,2017-12-26 23:21:24.889614,0,0.0
298,0.9998,BFX,1,JordanManual,Bitfinex,0.9998,0.9998,0.9998,,1507579200,2017-12-26 23:21:24.889614,0,0.0
299,0.9998,BFX,1,JordanManual,CCCAGG,0.9998,0.9998,0.9998,,1507579200,2017-12-26 23:21:23.208812,0,0.0
300,0.9998,,1,JordanManual,Bitfinex,0.9998,0.9998,0.9998,BFX,1507582800,2017-12-28 01:09:55.862859,0,0.0
301,0.9998,,1,JordanManual,CCCAGG,0.9998,0.9998,0.9998,BFX,1507582800,2017-12-28 01:14:48.478985,0,0.0
302,0.9998,BFX,1,JordanManual,CCCAGG,0.9998,0.9998,0.9998,,1507582800,2017-12-26 23:21:23.208812,0,0.0
303,0.9998,BFX,1,JordanManual,Bitfinex,0.9998,0.9998,0.9998,,1507582800,2017-12-26 23:21:24.889614,0,0.0
304,0.9998,BFX,1,JordanManual,CCCAGG,0.9998,0.9998,0.9998,,1507586400,2017-12-26 23:21:23.208812,0,0.0
305,0.9998,BFX,1,JordanManual,Bitfinex,0.9998,0.9998,0.9998,,1507586400,2017-12-26 23:21:24.889614,0,0.0
306,0.9998,BFX,1,JordanManual,CCCAGG,0.9998,0.9998,0.9998,,1507590000,2017-12-26 23:21:23.208812,0,0.0
307,0.9998,BFX,1,JordanManual,Bitfinex,0.9998,0.9998,0.9998,,1507590000,2017-12-26 23:21:24.889614,0,0.0
308,0.9998,,1,JordanManual,Bitfinex,0.9998,0.9998,0.9998,BFX,1507593600,2017-12-28 01:09:55.862859,0,0.0
309,0.9998,BFX,1,JordanManual,CCCAGG,0.9998,0.9998,0.9998,,1507593600,2017-12-26 23:21:23.208812,0,0.0
310,0.9998,BFX,1,JordanManual,Bitfinex,0.9998,0.9998,0.9998,,1507593600,2017-12-26 23:21:24.889614,0,0.0
311,0.9998,,1,JordanManual,CCCAGG,0.9998,0.9998,0.9998,BFX,1507593600,2017-12-28 01:14:48.478985,0,0.0
312,0.9998,BFX,1,JordanManual,Bitfinex,0.9998,0.9998,0.9998,,1507597200,2017-12-26 23:21:24.889614,0,0.0
313,0.9998,BFX,1,JordanManual,CCCAGG,0.9998,0.9998,0.9998,,1507597200,2017-12-26 23:21:23.208812,0,0.0
314,0.9998,BFX,1,JordanManual,Bitfinex,0.9998,0.9998,0.9998,,1507600800,2017-12-26 23:21:24.889614,0,0.0
315,0.9998,BFX,1,JordanManual,CCCAGG,0.9998,0.9998,0.9998,,1507600800,2017-12-26 23:21:23.208812,0,0.0
316,0.9998,BFX,1,JordanManual,CCCAGG,0.9998,0.9998,0.9998,,1507604400,2017-12-26 23:21:23.208812,0,0.0
317,0.9998,,1,JordanManual,Bitfinex,0.9998,0.9998,0.9998,BFX,1507604400,2017-12-28 01:09:55.862859,0,0.0
318,0.9998,BFX,1,JordanManual,Bitfinex,0.9998,0.9998,0.9998,,1507604400,2017-12-26 23:21:24.889614,0,0.0
319,0.9998,,1,JordanManual,CCCAGG,0.9998,0.9998,0.9998,BFX,1507604400,2017-12-28 01:14:48.478985,0,0.0
320,0.9998,BFX,1,JordanManual,CCCAGG,0.9998,0.9998,0.9998,,1507608000,2017-12-26 23:21:23.208812,0,0.0
321,0.9998,BFX,1,JordanManual,Bitfinex,0.9998,0.9998,0.9998,,1507608000,2017-12-26 23:21:24.889614,0,0.0
322,0.9998,BFX,1,JordanManual,Bitfinex,0.9998,0.9998,0.9998,,1507611600,2017-12-26 23:21:24.889614,0,0.0
323,0.9998,BFX,1,JordanManual,CCCAGG,0.9998,0.9998,0.9998,,1507611600,2017-12-26 23:21:23.208812,0,0.0
324,0.9998,,1,JordanManual,CCCAGG,0.9998,0.9998,0.9998,BFX,1507615200,2017-12-28 01:14:48.478985,0,0.0
325,0.9998,BFX,1,JordanManual,Bitfinex,0.9998,0.9998,0.9998,,1507615200,2017-12-26 23:21:24.889614,0,0.0
326,0.9998,,1,JordanManual,Bitfinex,0.9998,0.9998,0.9998,BFX,1507615200,2017-12-28 01:09:55.862859,0,0.0
327,0.9998,BFX,1,JordanManual,CCCAGG,0.9998,0.9998,0.9998,,1507615200,2017-12-26 23:21:23.208812,0,0.0
328,0.9998,BFX,1,JordanManual,Bitfinex,0.9998,0.9998,0.9998,,1507618800,2017-12-26 23:21:24.889614,0,0.0
329,0.9998,BFX,1,JordanManual,CCCAGG,0.9998,0.9998,0.9998,,1507618800,2017-12-26 23:21:23.208812,0,0.0
330,0.9998,BFX,1,JordanManual,CCCAGG,0.9998,0.9998,0.9998,,1507622400,2017-12-26 23:21:23.208812,0,0.0
331,0.9998,BFX,1,JordanManual,Bitfinex,0.9998,0.9998,0.9998,,1507622400,2017-12-26 23:21:24.889614,0,0.0
332,0.9998,,1,JordanManual,CCCAGG,0.9998,0.9998,0.9998,BFX,1507626000,2017-12-28 01:14:48.478985,0,0.0
333,0.9998,BFX,1,JordanManual,Bitfinex,0.9998,0.9998,0.9998,,1507626000,2017-12-26 23:21:24.889614,0,0.0
334,0.9998,,1,JordanManual,Bitfinex,0.9998,0.9998,0.9998,BFX,1507626000,2017-12-28 01:09:55.862859,0,0.0
335,0.9998,BFX,1,JordanManual,CCCAGG,0.9998,0.9998,0.9998,,1507626000,2017-12-26 23:21:23.208812,0,0.0
336,0.9998,BFX,1,JordanManual,CCCAGG,0.9998,0.9998,0.9998,,1507629600,2017-12-26 23:21:23.208812,0,0.0
337,0.9998,BFX,1,JordanManual,Bitfinex,0.9998,0.9998,0.9998,,1507629600,2017-12-26 23:21:24.889614,0,0.0
338,0.9998,BFX,1,JordanManual,Bitfinex,0.9998,0.9998,0.9998,,1507633200,2017-12-26 23:21:24.889614,0,0.0
339,0.9998,BFX,1,JordanManual,CCCAGG,0.9998,0.9998,0.9998,,1507633200,2017-12-26 23:21:23.208812,0,0.0
340,0.9998,BFX,1,JordanManual,Bitfinex,0.9998,0.9998,0.9998,,1507636800,2017-12-26 23:21:24.889614,0,0.0
341,0.9998,BFX,1,JordanManual,CCCAGG,0.9998,0.9998,0.9998,,1507636800,2017-12-26 23:21:23.208812,0,0.0
342,0.9998,,1,JordanManual,CCCAGG,0.9998,0.9998,0.9998,BFX,1507636800,2017-12-28 01:14:48.478985,0,0.0
343,0.9998,,1,JordanManual,Bitfinex,0.9998,0.9998,0.9998,BFX,1507636800,2017-12-28 01:09:55.862859,0,0.0
344,0.9998,BFX,1,JordanManual,Bitfinex,0.9998,0.9998,0.9998,,1507640400,2017-12-26 23:21:24.889614,0,0.0
345,0.9998,BFX,1,JordanManual,CCCAGG,0.9998,0.9998,0.9998,,1507640400,2017-12-26 23:21:23.208812,0,0.0
346,0.9998,BFX,1,JordanManual,Bitfinex,0.9998,0.9998,0.9998,,1507644000,2017-12-26 23:21:24.889614,0,0.0
347,0.9998,BFX,1,JordanManual,CCCAGG,0.9998,0.9998,0.9998,,1507644000,2017-12-26 23:21:23.208812,0,0.0
348,0.9998,BFX,1,JordanManual,CCCAGG,0.9998,0.9998,0.9998,,1507647600,2017-12-26 23:21:23.208812,0,0.0
349,0.9998,,1,JordanManual,Bitfinex,0.9998,0.9998,0.9998,BFX,1507647600,2017-12-28 01:09:55.862859,0,0.0
350,0.9998,,1,JordanManual,CCCAGG,0.9998,0.9998,0.9998,BFX,1507647600,2017-12-28 01:14:48.478985,0,0.0
351,0.9998,BFX,1,JordanManual,Bitfinex,0.9998,0.9998,0.9998,,1507647600,2017-12-26 23:21:24.889614,0,0.0
352,0.9998,BFX,1,JordanManual,Bitfinex,0.9998,0.9998,0.9998,,1507651200,2017-12-26 23:21:24.889614,0,0.0
353,0.9998,BFX,1,JordanManual,CCCAGG,0.9998,0.9998,0.9998,,1507651200,2017-12-26 23:21:23.208812,0,0.0
354,0.9998,BFX,1,JordanManual,Bitfinex,0.9998,0.9998,0.9998,,1507654800,2017-12-26 23:21:24.889614,0,0.0
355,0.9998,BFX,1,JordanManual,CCCAGG,0.9998,0.9998,0.9998,,1507654800,2017-12-26 23:21:23.208812,0,0.0
356,0.9998,BFX,1,JordanManual,Bitfinex,0.9998,0.9998,0.9998,,1507658400,2017-12-26 23:21:24.889614,0,0.0
357,0.9998,,1,JordanManual,Bitfinex,0.9998,0.9998,0.9998,BFX,1507658400,2017-12-28 01:09:55.862859,0,0.0
358,0.9998,BFX,1,JordanManual,CCCAGG,0.9998,0.9998,0.9998,,1507658400,2017-12-26 23:21:23.208812,0,0.0
359,0.9998,,1,JordanManual,CCCAGG,0.9998,0.9998,0.9998,BFX,1507658400,2017-12-28 01:14:48.478985,0,0.0
360,0.9998,BFX,1,JordanManual,CCCAGG,0.9998,0.9998,0.9998,,1507662000,2017-12-26 23:21:23.208812,0,0.0
361,0.9998,BFX,1,JordanManual,Bitfinex,0.9998,0.9998,0.9998,,1507662000,2017-12-26 23:21:24.889614,0,0.0
362,0.9998,BFX,1,JordanManual,Bitfinex,0.9998,0.9998,0.9998,,1507665600,2017-12-26 23:21:24.889614,0,0.0
363,0.9998,BFX,1,JordanManual,CCCAGG,0.9998,0.9998,0.9998,,1507665600,2017-12-26 23:21:23.208812,0,0.0
364,0.9998,,1,JordanManual,CCCAGG,0.9998,0.9998,0.9998,BFX,1507669200,2017-12-28 01:14:48.478985,0,0.0
365,0.9998,,1,JordanManual,Bitfinex,0.9998,0.9998,0.9998,BFX,1507669200,2017-12-28 01:09:55.862859,0,0.0
366,0.9998,BFX,1,JordanManual,CCCAGG,0.9998,0.9998,0.9998,,1507669200,2017-12-26 23:21:23.208812,0,0.0
367,0.9998,BFX,1,JordanManual,Bitfinex,0.9998,0.9998,0.9998,,1507669200,2017-12-26 23:21:24.889614,0,0.0
368,0.9998,BFX,1,JordanManual,Bitfinex,0.9998,0.9998,0.9998,,1507672800,2017-12-26 23:21:24.889614,0,0.0
369,0.9998,BFX,1,JordanManual,CCCAGG,0.9998,0.9998,0.9998,,1507672800,2017-12-26 23:21:23.208812,0,0.0
370,0.9998,BFX,1,JordanManual,Bitfinex,0.9998,0.9998,0.9998,,1507676400,2017-12-26 23:21:24.889614,0,0.0
371,0.9998,BFX,1,JordanManual,CCCAGG,0.9998,0.9998,0.9998,,1507676400,2017-12-26 23:21:23.208812,0,0.0
372,0.9998,,1,JordanManual,Bitfinex,0.9998,0.9998,0.9998,BFX,1507680000,2017-12-28 01:09:55.862859,0,0.0
373,0.9998,,1,JordanManual,CCCAGG,0.9998,0.9998,0.9998,BFX,1507680000,2017-12-28 01:14:48.478985,0,0.0
374,0.9998,BFX,1,JordanManual,Bitfinex,0.9998,0.9998,0.9998,,1507680000,2017-12-26 23:21:24.889614,0,0.0
375,0.9998,BFX,1,JordanManual,CCCAGG,0.9998,0.9998,0.9998,,1507680000,2017-12-26 23:21:23.208812,0,0.0
376,0.9998,BFX,1,JordanManual,Bitfinex,0.9998,0.9998,0.9998,,1507683600,2017-12-26 23:21:24.889614,0,0.0
377,0.9998,BFX,1,JordanManual,CCCAGG,0.9998,0.9998,0.9998,,1507683600,2017-12-26 23:21:23.208812,0,0.0
378,0.9998,BFX,1,JordanManual,CCCAGG,0.9998,0.9998,0.9998,,1507687200,2017-12-26 23:21:23.208812,0,0.0
379,0.9998,BFX,1,JordanManual,Bitfinex,0.9998,0.9998,0.9998,,1507687200,2017-12-26 23:21:24.889614,0,0.0
380,0.9998,,1,JordanManual,Bitfinex,0.9998,0.9998,0.9998,BFX,1507690800,2017-12-28 01:09:55.862859,0,0.0
381,0.9998,,1,JordanManual,CCCAGG,0.9998,0.9998,0.9998,BFX,1507690800,2017-12-28 01:14:48.478985,0,0.0
382,0.9998,BFX,1,JordanManual,Bitfinex,0.9998,0.9998,0.9998,,1507690800,2017-12-26 23:21:24.889614,0,0.0
383,0.9998,BFX,1,JordanManual,CCCAGG,0.9998,0.9998,0.9998,,1507690800,2017-12-26 23:21:23.208812,0,0.0
384,0.9998,BFX,1,JordanManual,CCCAGG,0.9998,0.9998,0.9998,,1507694400,2017-12-26 23:21:23.208812,0,0.0
385,0.9998,BFX,1,JordanManual,Bitfinex,0.9998,0.9998,0.9998,,1507694400,2017-12-26 23:21:24.889614,0,0.0
386,0.9998,BFX,1,JordanManual,CCCAGG,0.9998,0.9998,0.9998,,1507698000,2017-12-26 23:21:23.208812,0,0.0
387,0.9998,BFX,1,JordanManual,Bitfinex,0.9998,0.9998,0.9998,,1507698000,2017-12-26 23:21:24.889614,0,0.0
388,0.9998,,1,JordanManual,Bitfinex,0.9998,0.9998,0.9998,BFX,1507701600,2017-12-28 01:09:55.862859,0,0.0
389,0.9998,BFX,1,JordanManual,Bitfinex,0.9998,0.9998,0.9998,,1507701600,2017-12-26 23:21:24.889614,0,0.0
390,0.9998,,1,JordanManual,CCCAGG,0.9998,0.9998,0.9998,BFX,1507701600,2017-12-28 01:14:48.478985,0,0.0
391,0.9998,BFX,1,JordanManual,CCCAGG,0.9998,0.9998,0.9998,,1507701600,2017-12-26 23:21:23.208812,0,0.0
392,0.9998,BFX,1,JordanManual,CCCAGG,0.9998,0.9998,0.9998,,1507705200,2017-12-26 23:21:23.208812,0,0.0
393,0.9998,BFX,1,JordanManual,Bitfinex,0.9998,0.9998,0.9998,,1507705200,2017-12-26 23:21:24.889614,0,0.0
394,0.9998,BFX,1,JordanManual,Bitfinex,0.9998,0.9998,0.9998,,1507708800,2017-12-26 23:21:24.889614,0,0.0
395,0.9998,BFX,1,JordanManual,CCCAGG,0.9998,0.9998,0.9998,,1507708800,2017-12-26 23:21:23.208812,0,0.0
396,0.9998,BFX,1,JordanManual,CCCAGG,0.9998,0.9998,0.9998,,1507712400,2017-12-26 23:21:23.208812,0,0.0
397,0.9998,,1,JordanManual,CCCAGG,0.9998,0.9998,0.9998,BFX,1507712400,2017-12-28 01:14:48.478985,0,0.0
398,0.9998,BFX,1,JordanManual,Bitfinex,0.9998,0.9998,0.9998,,1507712400,2017-12-26 23:21:24.889614,0,0.0
399,0.9998,,1,JordanManual,Bitfinex,0.9998,0.9998,0.9998,BFX,1507712400,2017-12-28 01:09:55.862859,0,0.0
400,0.9998,BFX,1,JordanManual,CCCAGG,0.9998,0.9998,0.9998,,1507716000,2017-12-26 23:21:23.208812,0,0.0
401,0.9998,BFX,1,JordanManual,Bitfinex,0.9998,0.9998,0.9998,,1507716000,2017-12-26 23:21:24.889614,0,0.0
402,0.9998,BFX,1,JordanManual,Bitfinex,0.9998,0.9998,0.9998,,1507719600,2017-12-26 23:21:24.889614,0,0.0
403,0.9998,BFX,1,JordanManual,CCCAGG,0.9998,0.9998,0.9998,,1507719600,2017-12-26 23:21:23.208812,0,0.0
404,0.9998,BFX,1,JordanManual,CCCAGG,0.9998,0.9998,0.9998,,1507723200,2017-12-26 23:21:23.208812,0,0.0
405,0.9998,,1,JordanManual,Bitfinex,0.9998,0.9998,0.9998,BFX,1507723200,2017-12-28 01:09:55.862859,0,0.0
406,0.9998,BFX,1,JordanManual,Bitfinex,0.9998,0.9998,0.9998,,1507723200,2017-12-26 23:21:24.889614,0,0.0
407,0.9998,,1,JordanManual,CCCAGG,0.9998,0.9998,0.9998,BFX,1507723200,2017-12-28 01:14:48.478985,0,0.0
408,0.9998,BFX,1,JordanManual,Bitfinex,0.9998,0.9998,0.9998,,1507726800,2017-12-26 23:21:24.889614,0,0.0
409,0.9998,BFX,1,JordanManual,CCCAGG,0.9998,0.9998,0.9998,,1507726800,2017-12-26 23:21:23.208812,0,0.0
410,0.9998,BFX,1,JordanManual,CCCAGG,0.9998,0.9998,0.9998,,1507730400,2017-12-26 23:21:23.208812,0,0.0
411,0.9998,BFX,1,JordanManual,Bitfinex,0.9998,0.9998,0.9998,,1507730400,2017-12-26 23:21:24.889614,0,0.0
412,0.9998,BFX,1,JordanManual,Bitfinex,0.9998,0.9998,0.9998,,1507734000,2017-12-26 23:21:24.889614,0,0.0
413,0.9998,BFX,1,JordanManual,CCCAGG,0.9998,0.9998,0.9998,,1507734000,2017-12-26 23:21:23.208812,0,0.0
414,0.9998,,1,JordanManual,Bitfinex,0.9998,0.9998,0.9998,BFX,1507734000,2017-12-28 01:09:55.862859,0,0.0
415,0.9998,,1,JordanManual,CCCAGG,0.9998,0.9998,0.9998,BFX,1507734000,2017-12-28 01:14:48.478985,0,0.0
416,0.9998,BFX,1,JordanManual,Bitfinex,0.9998,0.9998,0.9998,,1507737600,2017-12-26 23:21:24.889614,0,0.0
417,0.9998,BFX,1,JordanManual,CCCAGG,0.9998,0.9998,0.9998,,1507737600,2017-12-26 23:21:23.208812,0,0.0
418,0.9998,BFX,1,JordanManual,CCCAGG,0.9998,0.9998,0.9998,,1507741200,2017-12-26 23:21:23.208812,0,0.0
419,0.9998,BFX,1,JordanManual,Bitfinex,0.9998,0.9998,0.9998,,1507741200,2017-12-26 23:21:24.889614,0,0.0
420,0.9998,,1,JordanManual,Bitfinex,0.9998,0.9998,0.9998,BFX,1507744800,2017-12-28 01:09:55.862859,0,0.0
421,0.9998,BFX,1,JordanManual,Bitfinex,0.9998,0.9998,0.9998,,1507744800,2017-12-26 23:21:24.889614,0,0.0
422,0.9998,BFX,1,JordanManual,CCCAGG,0.9998,0.9998,0.9998,,1507744800,2017-12-26 23:21:23.208812,0,0.0
423,0.9998,,1,JordanManual,CCCAGG,0.9998,0.9998,0.9998,BFX,1507744800,2017-12-28 01:14:48.478985,0,0.0
424,0.9998,BFX,1,JordanManual,Bitfinex,0.9998,0.9998,0.9998,,1507748400,2017-12-26 23:21:24.889614,0,0.0
425,0.9998,BFX,1,JordanManual,CCCAGG,0.9998,0.9998,0.9998,,1507748400,2017-12-26 23:21:23.208812,0,0.0
426,0.9998,BFX,1,JordanManual,CCCAGG,0.9998,0.9998,0.9998,,1507752000,2017-12-26 23:21:23.208812,0,0.0
427,0.9998,BFX,1,JordanManual,Bitfinex,0.9998,0.9998,0.9998,,1507752000,2017-12-26 23:21:24.889614,0,0.0
428,0.9998,BFX,1,JordanManual,Bitfinex,0.9998,0.9998,0.9998,,1507755600,2017-12-26 23:21:24.889614,0,0.0
429,0.9998,,1,JordanManual,Bitfinex,0.9998,0.9998,0.9998,BFX,1507755600,2017-12-28 01:09:55.862859,0,0.0
430,0.9998,,1,JordanManual,CCCAGG,0.9998,0.9998,0.9998,BFX,1507755600,2017-12-28 01:14:48.478985,0,0.0
431,0.9998,BFX,1,JordanManual,CCCAGG,0.9998,0.9998,0.9998,,1507755600,2017-12-26 23:21:23.208812,0,0.0
432,0.9998,BFX,1,JordanManual,Bitfinex,0.9998,0.9998,0.9998,,1507759200,2017-12-26 23:21:24.889614,0,0.0
433,0.9998,BFX,1,JordanManual,CCCAGG,0.9998,0.9998,0.9998,,1507759200,2017-12-26 23:21:23.208812,0,0.0
434,0.9998,BFX,1,JordanManual,Bitfinex,0.9998,0.9998,0.9998,,1507762800,2017-12-26 23:21:24.889614,0,0.0
435,0.9998,BFX,1,JordanManual,CCCAGG,0.9998,0.9998,0.9998,,1507762800,2017-12-26 23:21:23.208812,0,0.0
436,0.9998,BFX,1,JordanManual,Bitfinex,0.9998,0.9998,0.9998,,1507766400,2017-12-26 23:21:24.889614,0,0.0
437,0.9998,,1,JordanManual,Bitfinex,0.9998,0.9998,0.9998,BFX,1507766400,2017-12-28 01:09:55.862859,0,0.0
438,0.9998,,1,JordanManual,CCCAGG,0.9998,0.9998,0.9998,BFX,1507766400,2017-12-28 01:14:48.478985,0,0.0
439,0.9998,BFX,1,JordanManual,CCCAGG,0.9998,0.9998,0.9998,,1507766400,2017-12-26 23:21:23.208812,0,0.0
440,0.9998,BFX,1,JordanManual,CCCAGG,0.9998,0.9998,0.9998,,1507770000,2017-12-26 23:21:23.208812,0,0.0
441,0.9998,BFX,1,JordanManual,Bitfinex,0.9998,0.9998,0.9998,,1507770000,2017-12-26 23:21:24.889614,0,0.0
442,0.9998,BFX,1,JordanManual,Bitfinex,0.9998,0.9998,0.9998,,1507773600,2017-12-26 23:21:24.889614,0,0.0
443,0.9998,BFX,1,JordanManual,CCCAGG,0.9998,0.9998,0.9998,,1507773600,2017-12-26 23:21:23.208812,0,0.0
444,0.9998,BFX,1,JordanManual,CCCAGG,0.9998,0.9998,0.9998,,1507777200,2017-12-26 23:21:23.208812,0,0.0
445,0.9998,,1,JordanManual,CCCAGG,0.9998,0.9998,0.9998,BFX,1507777200,2017-12-28 01:14:48.478985,0,0.0
446,0.9998,BFX,1,JordanManual,Bitfinex,0.9998,0.9998,0.9998,,1507777200,2017-12-26 23:21:24.889614,0,0.0
447,0.9998,,1,JordanManual,Bitfinex,0.9998,0.9998,0.9998,BFX,1507777200,2017-12-28 01:09:55.862859,0,0.0
448,0.9998,BFX,1,JordanManual,CCCAGG,0.9998,0.9998,0.9998,,1507780800,2017-12-26 23:21:23.208812,0,0.0
449,0.9998,BFX,1,JordanManual,Bitfinex,0.9998,0.9998,0.9998,,1507780800,2017-12-26 23:21:24.889614,0,0.0
450,0.9998,BFX,1,JordanManual,Bitfinex,0.9998,0.9998,0.9998,,1507784400,2017-12-26 23:21:24.889614,0,0.0
451,0.9998,BFX,1,JordanManual,CCCAGG,0.9998,0.9998,0.9998,,1507784400,2017-12-26 23:21:23.208812,0,0.0
452,0.9998,BFX,1,JordanManual,Bitfinex,0.9998,0.9998,0.9998,,1507788000,2017-12-26 23:21:24.889614,0,0.0
453,0.9998,,1,JordanManual,Bitfinex,0.9998,0.9998,0.9998,BFX,1507788000,2017-12-28 01:09:55.862859,0,0.0
454,0.9998,,1,JordanManual,CCCAGG,0.9998,0.9998,0.9998,BFX,1507788000,2017-12-28 01:14:48.478985,0,0.0
455,0.9998,BFX,1,JordanManual,CCCAGG,0.9998,0.9998,0.9998,,1507788000,2017-12-26 23:21:23.208812,0,0.0
456,0.9998,BFX,1,JordanManual,CCCAGG,0.9998,0.9998,0.9998,,1507791600,2017-12-26 23:21:23.208812,0,0.0
457,0.9998,BFX,1,JordanManual,Bitfinex,0.9998,0.9998,0.9998,,1507791600,2017-12-26 23:21:24.889614,0,0.0
458,0.9998,BFX,1,JordanManual,CCCAGG,0.9998,0.9998,0.9998,,1507795200,2017-12-26 23:21:23.208812,0,0.0
459,0.9998,BFX,1,JordanManual,Bitfinex,0.9998,0.9998,0.9998,,1507795200,2017-12-26 23:21:24.889614,0,0.0
460,0.9998,BFX,1,JordanManual,CCCAGG,0.9998,0.9998,0.9998,,1507798800,2017-12-26 23:21:23.208812,0,0.0
461,0.9998,BFX,1,JordanManual,Bitfinex,0.9998,0.9998,0.9998,,1507798800,2017-12-26 23:21:24.889614,0,0.0
462,0.9998,,1,JordanManual,CCCAGG,0.9998,0.9998,0.9998,BFX,1507798800,2017-12-28 01:14:48.478985,0,0.0
463,0.9998,,1,JordanManual,Bitfinex,0.9998,0.9998,0.9998,BFX,1507798800,2017-12-28 01:09:55.862859,0,0.0
464,0.9998,BFX,1,JordanManual,CCCAGG,0.9998,0.9998,0.9998,,1507802400,2017-12-26 23:21:23.208812,0,0.0
465,0.9998,BFX,1,JordanManual,Bitfinex,0.9998,0.9998,0.9998,,1507802400,2017-12-26 23:21:24.889614,0,0.0
466,0.9998,BFX,1,JordanManual,Bitfinex,0.9998,0.9998,0.9998,,1507806000,2017-12-26 23:21:24.889614,0,0.0
467,0.9998,BFX,1,JordanManual,CCCAGG,0.9998,0.9998,0.9998,,1507806000,2017-12-26 23:21:23.208812,0,0.0
468,0.9998,BFX,1,JordanManual,CCCAGG,0.9998,0.9998,0.9998,,1507809600,2017-12-26 23:21:23.208812,0,0.0
469,0.9998,,1,JordanManual,Bitfinex,0.9998,0.9998,0.9998,BFX,1507809600,2017-12-28 01:09:55.862859,0,0.0
470,0.9998,BFX,1,JordanManual,Bitfinex,0.9998,0.9998,0.9998,,1507809600,2017-12-26 23:21:24.889614,0,0.0
471,0.9998,,1,JordanManual,CCCAGG,0.9998,0.9998,0.9998,BFX,1507809600,2017-12-28 01:14:48.478985,0,0.0
472,0.9998,BFX,1,JordanManual,CCCAGG,0.9998,0.9998,0.9998,,1507813200,2017-12-26 23:21:23.208812,0,0.0
473,0.9998,BFX,1,JordanManual,Bitfinex,0.9998,0.9998,0.9998,,1507813200,2017-12-26 23:21:24.889614,0,0.0
474,0.9998,BFX,1,JordanManual,CCCAGG,0.9998,0.9998,0.9998,,1507816800,2017-12-26 23:21:23.208812,0,0.0
475,0.9998,BFX,1,JordanManual,Bitfinex,0.9998,0.9998,0.9998,,1507816800,2017-12-26 23:21:24.889614,0,0.0
476,0.9998,,1,JordanManual,Bitfinex,0.9998,0.9998,0.9998,BFX,1507820400,2017-12-28 01:09:55.862859,0,0.0
477,0.9998,,1,JordanManual,CCCAGG,0.9998,0.9998,0.9998,BFX,1507820400,2017-12-28 01:14:48.478985,0,0.0
478,0.9998,BFX,1,JordanManual,CCCAGG,0.9998,0.9998,0.9998,,1507820400,2017-12-26 23:21:23.208812,0,0.0
479,0.9998,BFX,1,JordanManual,Bitfinex,0.9998,0.9998,0.9998,,1507820400,2017-12-26 23:21:24.889614,0,0.0
480,0.9998,BFX,1,JordanManual,CCCAGG,0.9998,0.9998,0.9998,,1507824000,2017-12-26 23:21:23.208812,0,0.0
481,0.9998,BFX,1,JordanManual,Bitfinex,0.9998,0.9998,0.9998,,1507824000,2017-12-26 23:21:24.889614,0,0.0
482,0.9998,BFX,1,JordanManual,Bitfinex,0.9998,0.9998,0.9998,,1507827600,2017-12-26 23:21:24.889614,0,0.0
483,0.9998,BFX,1,JordanManual,CCCAGG,0.9998,0.9998,0.9998,,1507827600,2017-12-26 23:21:23.208812,0,0.0
484,0.9998,,1,JordanManual,CCCAGG,0.9998,0.9998,0.9998,BFX,1507831200,2017-12-28 01:14:48.478985,0,0.0
485,0.9998,BFX,1,JordanManual,CCCAGG,0.9998,0.9998,0.9998,,1507831200,2017-12-26 23:21:23.208812,0,0.0
486,0.9998,BFX,1,JordanManual,Bitfinex,0.9998,0.9998,0.9998,,1507831200,2017-12-26 23:21:24.889614,0,0.0
487,0.9998,,1,JordanManual,Bitfinex,0.9998,0.9998,0.9998,BFX,1507831200,2017-12-28 01:09:55.862859,0,0.0
488,0.9998,BFX,1,JordanManual,CCCAGG,0.9998,0.9998,0.9998,,1507834800,2017-12-26 23:21:23.208812,0,0.0
489,0.9998,BFX,1,JordanManual,Bitfinex,0.9998,0.9998,0.9998,,1507834800,2017-12-26 23:21:24.889614,0,0.0
490,0.9998,BFX,1,JordanManual,CCCAGG,0.9998,0.9998,0.9998,,1507838400,2017-12-26 23:21:23.208812,0,0.0
491,0.9998,BFX,1,JordanManual,Bitfinex,0.9998,0.9998,0.9998,,1507838400,2017-12-26 23:21:24.889614,0,0.0
492,0.9998,BFX,1,JordanManual,Bitfinex,0.9998,0.9998,0.9998,,1507842000,2017-12-26 23:21:24.889614,0,0.0
493,0.9998,BFX,1,JordanManual,CCCAGG,0.9998,0.9998,0.9998,,1507842000,2017-12-26 23:21:23.208812,0,0.0
494,0.9998,,1,JordanManual,Bitfinex,0.9998,0.9998,0.9998,BFX,1507842000,2017-12-28 01:09:55.862859,0,0.0
495,0.9998,,1,JordanManual,CCCAGG,0.9998,0.9998,0.9998,BFX,1507842000,2017-12-28 01:14:48.478985,0,0.0
496,0.9998,BFX,1,JordanManual,Bitfinex,0.9998,0.9998,0.9998,,1507845600,2017-12-26 23:21:24.889614,0,0.0
497,0.9998,BFX,1,JordanManual,CCCAGG,0.9998,0.9998,0.9998,,1507845600,2017-12-26 23:21:23.208812,0,0.0
498,0.9998,BFX,1,JordanManual,Bitfinex,0.9998,0.9998,0.9998,,1507849200,2017-12-26 23:21:24.889614,0,0.0
499,0.9998,BFX,1,JordanManual,CCCAGG,0.9998,0.9998,0.9998,,1507849200,2017-12-26 23:21:23.208812,0,0.0
500,0.9998,BFX,1,JordanManual,CCCAGG,0.9998,0.9998,0.9998,,1507852800,2017-12-26 23:21:23.208812,0,0.0
501,0.9998,,1,JordanManual,Bitfinex,0.9998,0.9998,0.9998,BFX,1507852800,2017-12-28 01:09:55.862859,0,0.0
502,0.9998,,1,JordanManual,CCCAGG,0.9998,0.9998,0.9998,BFX,1507852800,2017-12-28 01:14:48.478985,0,0.0
503,0.9998,BFX,1,JordanManual,Bitfinex,0.9998,0.9998,0.9998,,1507852800,2017-12-26 23:21:24.889614,0,0.0
504,0.9998,BFX,1,JordanManual,CCCAGG,0.9998,0.9998,0.9998,,1507856400,2017-12-26 23:21:23.208812,0,0.0
505,0.9998,BFX,1,JordanManual,Bitfinex,0.9998,0.9998,0.9998,,1507856400,2017-12-26 23:21:24.889614,0,0.0
506,0.9998,BFX,1,JordanManual,CCCAGG,0.9998,0.9998,0.9998,,1507860000,2017-12-26 23:21:23.208812,0,0.0
507,0.9998,BFX,1,JordanManual,Bitfinex,0.9998,0.9998,0.9998,,1507860000,2017-12-26 23:21:24.889614,0,0.0
508,0.9998,,1,JordanManual,CCCAGG,0.9998,0.9998,0.9998,BFX,1507863600,2017-12-28 01:14:48.478985,0,0.0
509,0.9998,BFX,1,JordanManual,Bitfinex,0.9998,0.9998,0.9998,,1507863600,2017-12-26 23:21:24.889614,0,0.0
510,0.9998,,1,JordanManual,Bitfinex,0.9998,0.9998,0.9998,BFX,1507863600,2017-12-28 01:09:55.862859,0,0.0
511,0.9998,BFX,1,JordanManual,CCCAGG,0.9998,0.9998,0.9998,,1507863600,2017-12-26 23:21:23.208812,0,0.0
512,0.9998,BFX,1,JordanManual,CCCAGG,0.9998,0.9998,0.9998,,1507867200,2017-12-26 23:21:23.208812,0,0.0
513,0.9998,BFX,1,JordanManual,Bitfinex,0.9998,0.9998,0.9998,,1507867200,2017-12-26 23:21:24.889614,0,0.0
514,0.9998,BFX,1,JordanManual,Bitfinex,0.9998,0.9998,0.9998,,1507870800,2017-12-26 23:21:24.889614,0,0.0
515,0.9998,BFX,1,JordanManual,CCCAGG,0.9998,0.9998,0.9998,,1507870800,2017-12-26 23:21:23.208812,0,0.0
516,0.9998,BFX,1,JordanManual,Bitfinex,0.9998,0.9998,0.9998,,1507874400,2017-12-26 23:21:24.889614,0,0.0
517,0.9998,,1,JordanManual,CCCAGG,0.9998,0.9998,0.9998,BFX,1507874400,2017-12-28 01:14:48.478985,0,0.0
518,0.9998,BFX,1,JordanManual,CCCAGG,0.9998,0.9998,0.9998,,1507874400,2017-12-26 23:21:23.208812,0,0.0
519,0.9998,,1,JordanManual,Bitfinex,0.9998,0.9998,0.9998,BFX,1507874400,2017-12-28 01:09:55.862859,0,0.0
520,0.9998,BFX,1,JordanManual,CCCAGG,0.9998,0.9998,0.9998,,1507878000,2017-12-26 23:21:23.208812,0,0.0
521,0.9998,BFX,1,JordanManual,Bitfinex,0.9998,0.9998,0.9998,,1507878000,2017-12-26 23:21:24.889614,0,0.0
522,0.9998,BFX,1,JordanManual,CCCAGG,0.9998,0.9998,0.9998,,1507881600,2017-12-26 23:21:23.208812,0,0.0
523,0.9998,BFX,1,JordanManual,Bitfinex,0.9998,0.9998,0.9998,,1507881600,2017-12-26 23:21:24.889614,0,0.0
524,0.9998,,1,JordanManual,CCCAGG,0.9998,0.9998,0.9998,BFX,1507885200,2017-12-28 01:14:48.478985,0,0.0
525,0.9998,BFX,1,JordanManual,CCCAGG,0.9998,0.9998,0.9998,,1507885200,2017-12-26 23:21:23.208812,0,0.0
526,0.9998,,1,JordanManual,Bitfinex,0.9998,0.9998,0.9998,BFX,1507885200,2017-12-28 01:09:55.862859,0,0.0
527,0.9998,BFX,1,JordanManual,Bitfinex,0.9998,0.9998,0.9998,,1507885200,2017-12-26 23:21:24.889614,0,0.0
528,0.9998,BFX,1,JordanManual,CCCAGG,0.9998,0.9998,0.9998,,1507888800,2017-12-26 23:21:23.208812,0,0.0
529,0.9998,BFX,1,JordanManual,Bitfinex,0.9998,0.9998,0.9998,,1507888800,2017-12-26 23:21:24.889614,0,0.0
530,0.9998,BFX,1,JordanManual,CCCAGG,0.9998,0.9998,0.9998,,1507892400,2017-12-26 23:21:23.208812,0,0.0
531,0.9998,BFX,1,JordanManual,Bitfinex,0.9998,0.9998,0.9998,,1507892400,2017-12-26 23:21:24.889614,0,0.0
532,0.9998,BFX,1,JordanManual,Bitfinex,0.9998,0.9998,0.9998,,1507896000,2017-12-26 23:21:24.889614,0,0.0
533,0.9998,,1,JordanManual,Bitfinex,0.9998,0.9998,0.9998,BFX,1507896000,2017-12-28 01:09:55.862859,0,0.0
534,0.9998,BFX,1,JordanManual,CCCAGG,0.9998,0.9998,0.9998,,1507896000,2017-12-26 23:21:23.208812,0,0.0
535,0.9998,,1,JordanManual,CCCAGG,0.9998,0.9998,0.9998,BFX,1507896000,2017-12-28 01:14:48.478985,0,0.0
536,0.9998,BFX,1,JordanManual,Bitfinex,0.9998,0.9998,0.9998,,1507899600,2017-12-26 23:21:24.889614,0,0.0
537,0.9998,BFX,1,JordanManual,CCCAGG,0.9998,0.9998,0.9998,,1507899600,2017-12-26 23:21:23.208812,0,0.0
538,0.9998,BFX,1,JordanManual,CCCAGG,0.9998,0.9998,0.9998,,1507903200,2017-12-26 23:21:23.208812,0,0.0
539,0.9998,BFX,1,JordanManual,Bitfinex,0.9998,0.9998,0.9998,,1507903200,2017-12-26 23:21:24.889614,0,0.0
540,0.9998,BFX,1,JordanManual,CCCAGG,0.9998,0.9998,0.9998,,1507906800,2017-12-26 23:21:23.208812,0,0.0
541,0.9998,BFX,1,JordanManual,Bitfinex,0.9998,0.9998,0.9998,,1507906800,2017-12-26 23:21:24.889614,0,0.0
542,0.9998,,1,JordanManual,Bitfinex,0.9998,0.9998,0.9998,BFX,1507906800,2017-12-28 01:09:55.862859,0,0.0
543,0.9998,,1,JordanManual,CCCAGG,0.9998,0.9998,0.9998,BFX,1507906800,2017-12-28 01:14:48.478985,0,0.0
544,0.9998,BFX,1,JordanManual,Bitfinex,0.9998,0.9998,0.9998,,1507910400,2017-12-26 23:21:24.889614,0,0.0
545,0.9998,BFX,1,JordanManual,CCCAGG,0.9998,0.9998,0.9998,,1507910400,2017-12-26 23:21:23.208812,0,0.0
546,0.9998,BFX,1,JordanManual,Bitfinex,0.9998,0.9998,0.9998,,1507914000,2017-12-26 23:21:24.889614,0,0.0
547,0.9998,BFX,1,JordanManual,CCCAGG,0.9998,0.9998,0.9998,,1507914000,2017-12-26 23:21:23.208812,0,0.0
548,0.9998,,1,JordanManual,CCCAGG,0.9998,0.9998,0.9998,BFX,1507917600,2017-12-28 01:14:48.478985,0,0.0
549,0.9998,,1,JordanManual,Bitfinex,0.9998,0.9998,0.9998,BFX,1507917600,2017-12-28 01:09:55.862859,0,0.0
550,0.9998,BFX,1,JordanManual,Bitfinex,0.9998,0.9998,0.9998,,1507917600,2017-12-26 23:21:24.889614,0,0.0
551,0.9998,BFX,1,JordanManual,CCCAGG,0.9998,0.9998,0.9998,,1507917600,2017-12-26 23:21:23.208812,0,0.0
552,0.9998,BFX,1,JordanManual,Bitfinex,0.9998,0.9998,0.9998,,1507921200,2017-12-26 23:21:24.889614,0,0.0
553,0.9998,BFX,1,JordanManual,CCCAGG,0.9998,0.9998,0.9998,,1507921200,2017-12-26 23:21:23.208812,0,0.0
554,0.9998,BFX,1,JordanManual,Bitfinex,0.9998,0.9998,0.9998,,1507924800,2017-12-26 23:21:24.889614,0,0.0
555,0.9998,BFX,1,JordanManual,CCCAGG,0.9998,0.9998,0.9998,,1507924800,2017-12-26 23:21:23.208812,0,0.0
556,0.9998,,1,JordanManual,CCCAGG,0.9998,0.9998,0.9998,BFX,1507928400,2017-12-28 01:14:48.478985,0,0.0
557,0.9998,BFX,1,JordanManual,CCCAGG,0.9998,0.9998,0.9998,,1507928400,2017-12-26 23:21:23.208812,0,0.0
558,0.9998,,1,JordanManual,Bitfinex,0.9998,0.9998,0.9998,BFX,1507928400,2017-12-28 01:09:55.862859,0,0.0
559,0.9998,BFX,1,JordanManual,Bitfinex,0.9998,0.9998,0.9998,,1507928400,2017-12-26 23:21:24.889614,0,0.0
560,0.9998,BFX,1,JordanManual,CCCAGG,0.9998,0.9998,0.9998,,1507932000,2017-12-26 23:21:23.208812,0,0.0
561,0.9998,BFX,1,JordanManual,Bitfinex,0.9998,0.9998,0.9998,,1507932000,2017-12-26 23:21:24.889614,0,0.0
562,0.9998,BFX,1,JordanManual,CCCAGG,0.9998,0.9998,0.9998,,1507935600,2017-12-26 23:21:23.208812,0,0.0
563,0.9998,BFX,1,JordanManual,Bitfinex,0.9998,0.9998,0.9998,,1507935600,2017-12-26 23:21:24.889614,0,0.0
564,0.9998,BFX,1,JordanManual,CCCAGG,0.9998,0.9998,0.9998,,1507939200,2017-12-26 23:21:23.208812,0,0.0
565,0.9998,BFX,1,JordanManual,Bitfinex,0.9998,0.9998,0.9998,,1507939200,2017-12-26 23:21:24.889614,0,0.0
566,0.9998,,1,JordanManual,Bitfinex,0.9998,0.9998,0.9998,BFX,1507939200,2017-12-28 01:09:55.862859,0,0.0
567,0.9998,,1,JordanManual,CCCAGG,0.9998,0.9998,0.9998,BFX,1507939200,2017-12-28 01:14:48.478985,0,0.0
568,0.9998,BFX,1,JordanManual,CCCAGG,0.9998,0.9998,0.9998,,1507942800,2017-12-26 23:21:23.208812,0,0.0
569,0.9998,BFX,1,JordanManual,Bitfinex,0.9998,0.9998,0.9998,,1507942800,2017-12-26 23:21:24.889614,0,0.0
570,0.9998,BFX,1,JordanManual,Bitfinex,0.9998,0.9998,0.9998,,1507946400,2017-12-26 23:21:24.889614,0,0.0
571,0.9998,BFX,1,JordanManual,CCCAGG,0.9998,0.9998,0.9998,,1507946400,2017-12-26 23:21:23.208812,0,0.0
572,0.9998,BFX,1,JordanManual,Bitfinex,0.9998,0.9998,0.9998,,1507950000,2017-12-26 23:21:24.889614,0,0.0
573,0.9998,,1,JordanManual,CCCAGG,0.9998,0.9998,0.9998,BFX,1507950000,2017-12-28 01:14:48.478985,0,0.0
574,0.9998,BFX,1,JordanManual,CCCAGG,0.9998,0.9998,0.9998,,1507950000,2017-12-26 23:21:23.208812,0,0.0
575,0.9998,,1,JordanManual,Bitfinex,0.9998,0.9998,0.9998,BFX,1507950000,2017-12-28 01:09:55.862859,0,0.0
576,0.9998,BFX,1,JordanManual,Bitfinex,0.9998,0.9998,0.9998,,1507953600,2017-12-26 23:21:24.889614,0,0.0
577,0.9998,BFX,1,JordanManual,CCCAGG,0.9998,0.9998,0.9998,,1507953600,2017-12-26 23:21:23.208812,0,0.0
578,0.9998,BFX,1,JordanManual,Bitfinex,0.9998,0.9998,0.9998,,1507957200,2017-12-26 23:21:24.889614,0,0.0
579,0.9998,BFX,1,JordanManual,CCCAGG,0.9998,0.9998,0.9998,,1507957200,2017-12-26 23:21:23.208812,0,0.0
580,0.9998,,1,JordanManual,CCCAGG,0.9998,0.9998,0.9998,BFX,1507960800,2017-12-28 01:14:48.478985,0,0.0
581,0.9998,BFX,1,JordanManual,Bitfinex,0.9998,0.9998,0.9998,,1507960800,2017-12-26 23:21:24.889614,0,0.0
582,0.9998,,1,JordanManual,Bitfinex,0.9998,0.9998,0.9998,BFX,1507960800,2017-12-28 01:09:55.862859,0,0.0
583,0.9998,BFX,1,JordanManual,CCCAGG,0.9998,0.9998,0.9998,,1507960800,2017-12-26 23:21:23.208812,0,0.0
584,0.9998,BFX,1,JordanManual,CCCAGG,0.9998,0.9998,0.9998,,1507964400,2017-12-26 23:21:23.208812,0,0.0
585,0.9998,BFX,1,JordanManual,Bitfinex,0.9998,0.9998,0.9998,,1507964400,2017-12-26 23:21:24.889614,0,0.0
586,0.9998,BFX,1,JordanManual,Bitfinex,0.9998,0.9998,0.9998,,1507968000,2017-12-26 23:21:24.889614,0,0.0
587,0.9998,BFX,1,JordanManual,CCCAGG,0.9998,0.9998,0.9998,,1507968000,2017-12-26 23:21:23.208812,0,0.0
588,0.9998,,1,JordanManual,CCCAGG,0.9998,0.9998,0.9998,BFX,1507971600,2017-12-28 01:14:48.478985,0,0.0
589,0.9998,,1,JordanManual,Bitfinex,0.9998,0.9998,0.9998,BFX,1507971600,2017-12-28 01:09:55.862859,0,0.0
590,0.9998,BFX,1,JordanManual,CCCAGG,0.9998,0.9998,0.9998,,1507971600,2017-12-26 23:21:23.208812,0,0.0
591,0.9998,BFX,1,JordanManual,Bitfinex,0.9998,0.9998,0.9998,,1507971600,2017-12-26 23:21:24.889614,0,0.0
592,0.9998,BFX,1,JordanManual,CCCAGG,0.9998,0.9998,0.9998,,1507975200,2017-12-26 23:21:23.208812,0,0.0
593,0.9998,BFX,1,JordanManual,Bitfinex,0.9998,0.9998,0.9998,,1507975200,2017-12-26 23:21:24.889614,0,0.0
594,0.9998,BFX,1,JordanManual,CCCAGG,0.9998,0.9998,0.9998,,1507978800,2017-12-26 23:21:23.208812,0,0.0
595,0.9998,BFX,1,JordanManual,Bitfinex,0.9998,0.9998,0.9998,,1507978800,2017-12-26 23:21:24.889614,0,0.0
596,0.9998,,1,JordanManual,Bitfinex,0.9998,0.9998,0.9998,BFX,1507982400,2017-12-28 01:09:55.862859,0,0.0
597,0.9998,,1,JordanManual,CCCAGG,0.9998,0.9998,0.9998,BFX,1507982400,2017-12-28 01:14:48.478985,0,0.0
598,0.9998,BFX,1,JordanManual,CCCAGG,0.9998,0.9998,0.9998,,1507982400,2017-12-26 23:21:23.208812,0,0.0
599,0.9998,BFX,1,JordanManual,Bitfinex,0.9998,0.9998,0.9998,,1507982400,2017-12-26 23:21:24.889614,0,0.0
600,0.9998,BFX,1,JordanManual,Bitfinex,0.9998,0.9998,0.9998,,1507986000,2017-12-26 23:21:24.889614,0,0.0
601,0.9998,BFX,1,JordanManual,CCCAGG,0.9998,0.9998,0.9998,,1507986000,2017-12-26 23:21:23.208812,0,0.0
602,0.9998,BFX,1,JordanManual,CCCAGG,0.9998,0.9998,0.9998,,1507989600,2017-12-26 23:21:23.208812,0,0.0
603,0.9998,BFX,1,JordanManual,Bitfinex,0.9998,0.9998,0.9998,,1507989600,2017-12-26 23:21:24.889614,0,0.0
604,0.9998,BFX,1,JordanManual,Bitfinex,0.9998,0.9998,0.9998,,1507993200,2017-12-26 23:21:24.889614,0,0.0
605,0.9998,BFX,1,JordanManual,CCCAGG,0.9998,0.9998,0.9998,,1507993200,2017-12-26 23:21:23.208812,0,0.0
606,0.9998,,1,JordanManual,Bitfinex,0.9998,0.9998,0.9998,BFX,1507993200,2017-12-28 01:09:55.862859,0,0.0
607,0.9998,,1,JordanManual,CCCAGG,0.9998,0.9998,0.9998,BFX,1507993200,2017-12-28 01:14:48.478985,0,0.0
608,0.9998,BFX,1,JordanManual,Bitfinex,0.9998,0.9998,0.9998,,1507996800,2017-12-26 23:21:24.889614,0,0.0
609,0.9998,BFX,1,JordanManual,CCCAGG,0.9998,0.9998,0.9998,,1507996800,2017-12-26 23:21:23.208812,0,0.0
610,0.9998,BFX,1,JordanManual,CCCAGG,0.9998,0.9998,0.9998,,1508000400,2017-12-26 23:21:23.208812,0,0.0
611,0.9998,BFX,1,JordanManual,Bitfinex,0.9998,0.9998,0.9998,,1508000400,2017-12-26 23:21:24.889614,0,0.0
612,0.9998,,1,JordanManual,CCCAGG,0.9998,0.9998,0.9998,BFX,1508004000,2017-12-28 01:14:48.478985,0,0.0
613,0.9998,BFX,1,JordanManual,Bitfinex,0.9998,0.9998,0.9998,,1508004000,2017-12-26 23:21:24.889614,0,0.0
614,0.9998,BFX,1,JordanManual,CCCAGG,0.9998,0.9998,0.9998,,1508004000,2017-12-26 23:21:23.208812,0,0.0
615,0.9998,,1,JordanManual,Bitfinex,0.9998,0.9998,0.9998,BFX,1508004000,2017-12-28 01:09:55.862859,0,0.0
616,0.9998,BFX,1,JordanManual,CCCAGG,0.9998,0.9998,0.9998,,1508007600,2017-12-26 23:21:23.208812,0,0.0
617,0.9998,BFX,1,JordanManual,Bitfinex,0.9998,0.9998,0.9998,,1508007600,2017-12-26 23:21:24.889614,0,0.0
618,0.9998,BFX,1,JordanManual,Bitfinex,0.9998,0.9998,0.9998,,1508011200,2017-12-26 23:21:24.889614,0,0.0
619,0.9998,BFX,1,JordanManual,CCCAGG,0.9998,0.9998,0.9998,,1508011200,2017-12-26 23:21:23.208812,0,0.0
620,0.9998,BFX,1,JordanManual,CCCAGG,0.9998,0.9998,0.9998,,1508014800,2017-12-26 23:21:23.208812,0,0.0
621,0.9998,,1,JordanManual,Bitfinex,0.9998,0.9998,0.9998,BFX,1508014800,2017-12-28 01:09:55.862859,0,0.0
622,0.9998,,1,JordanManual,CCCAGG,0.9998,0.9998,0.9998,BFX,1508014800,2017-12-28 01:14:48.478985,0,0.0
623,0.9998,BFX,1,JordanManual,Bitfinex,0.9998,0.9998,0.9998,,1508014800,2017-12-26 23:21:24.889614,0,0.0
624,0.9998,BFX,1,JordanManual,Bitfinex,0.9998,0.9998,0.9998,,1508018400,2017-12-26 23:21:24.889614,0,0.0
625,0.9998,BFX,1,JordanManual,CCCAGG,0.9998,0.9998,0.9998,,1508018400,2017-12-26 23:21:23.208812,0,0.0
626,0.9998,BFX,1,JordanManual,CCCAGG,0.9998,0.9998,0.9998,,1508022000,2017-12-26 23:21:23.208812,0,0.0
627,0.9998,BFX,1,JordanManual,Bitfinex,0.9998,0.9998,0.9998,,1508022000,2017-12-26 23:21:24.889614,0,0.0
628,0.9998,BFX,1,JordanManual,CCCAGG,0.9998,0.9998,0.9998,,1508025600,2017-12-26 23:21:23.208812,0,0.0
629,0.9998,BFX,1,JordanManual,Bitfinex,0.9998,0.9998,0.9998,,1508025600,2017-12-26 23:21:24.889614,0,0.0
630,0.9998,,1,JordanManual,Bitfinex,0.9998,0.9998,0.9998,BFX,1508025600,2017-12-28 01:09:55.862859,0,0.0
631,0.9998,,1,JordanManual,CCCAGG,0.9998,0.9998,0.9998,BFX,1508025600,2017-12-28 01:14:48.478985,0,0.0
632,0.9998,BFX,1,JordanManual,CCCAGG,0.9998,0.9998,0.9998,,1508029200,2017-12-26 23:21:23.208812,0,0.0
633,0.9998,BFX,1,JordanManual,Bitfinex,0.9998,0.9998,0.9998,,1508029200,2017-12-26 23:21:24.889614,0,0.0
634,0.9998,BFX,1,JordanManual,CCCAGG,0.9998,0.9998,0.9998,,1508032800,2017-12-26 23:21:23.208812,0,0.0
635,0.9998,BFX,1,JordanManual,Bitfinex,0.9998,0.9998,0.9998,,1508032800,2017-12-26 23:21:24.889614,0,0.0
636,0.9998,,1,JordanManual,CCCAGG,0.9998,0.9998,0.9998,BFX,1508036400,2017-12-28 01:14:48.478985,0,0.0
637,0.9998,BFX,1,JordanManual,CCCAGG,0.9998,0.9998,0.9998,,1508036400,2017-12-26 23:21:23.208812,0,0.0
638,0.9998,,1,JordanManual,Bitfinex,0.9998,0.9998,0.9998,BFX,1508036400,2017-12-28 01:09:55.862859,0,0.0
639,0.9998,BFX,1,JordanManual,Bitfinex,0.9998,0.9998,0.9998,,1508036400,2017-12-26 23:21:24.889614,0,0.0
640,0.9998,BFX,1,JordanManual,CCCAGG,0.9998,0.9998,0.9998,,1508040000,2017-12-26 23:21:23.208812,0,0.0
641,0.9998,BFX,1,JordanManual,Bitfinex,0.9998,0.9998,0.9998,,1508040000,2017-12-26 23:21:24.889614,0,0.0
642,0.9998,BFX,1,JordanManual,Bitfinex,0.9998,0.9998,0.9998,,1508043600,2017-12-26 23:21:24.889614,0,0.0
643,0.9998,BFX,1,JordanManual,CCCAGG,0.9998,0.9998,0.9998,,1508043600,2017-12-26 23:21:23.208812,0,0.0
644,0.9998,BFX,1,JordanManual,Bitfinex,0.9998,0.9998,0.9998,,1508047200,2017-12-26 23:21:24.889614,0,0.0
645,0.9998,BFX,1,JordanManual,CCCAGG,0.9998,0.9998,0.9998,,1508047200,2017-12-26 23:21:23.208812,0,0.0
646,0.9998,,1,JordanManual,Bitfinex,0.9998,0.9998,0.9998,BFX,1508047200,2017-12-28 01:09:55.862859,0,0.0
647,0.9998,,1,JordanManual,CCCAGG,0.9998,0.9998,0.9998,BFX,1508047200,2017-12-28 01:14:48.478985,0,0.0
648,0.9998,BFX,1,JordanManual,Bitfinex,0.9998,0.9998,0.9998,,1508050800,2017-12-26 23:21:24.889614,0,0.0
649,0.9998,BFX,1,JordanManual,CCCAGG,0.9998,0.9998,0.9998,,1508050800,2017-12-26 23:21:23.208812,0,0.0
650,0.9998,BFX,1,JordanManual,CCCAGG,0.9998,0.9998,0.9998,,1508054400,2017-12-26 23:21:23.208812,0,0.0
651,0.9998,BFX,1,JordanManual,Bitfinex,0.9998,0.9998,0.9998,,1508054400,2017-12-26 23:21:24.889614,0,0.0
652,0.9998,,1,JordanManual,CCCAGG,0.9998,0.9998,0.9998,BFX,1508058000,2017-12-28 01:14:48.478985,0,0.0
653,0.9998,BFX,1,JordanManual,CCCAGG,0.9998,0.9998,0.9998,,1508058000,2017-12-26 23:21:23.208812,0,0.0
654,0.9998,,1,JordanManual,Bitfinex,0.9998,0.9998,0.9998,BFX,1508058000,2017-12-28 01:09:55.862859,0,0.0
655,0.9998,BFX,1,JordanManual,Bitfinex,0.9998,0.9998,0.9998,,1508058000,2017-12-26 23:21:24.889614,0,0.0
656,0.9998,BFX,1,JordanManual,Bitfinex,0.9998,0.9998,0.9998,,1508061600,2017-12-26 23:21:24.889614,0,0.0
657,0.9998,BFX,1,JordanManual,CCCAGG,0.9998,0.9998,0.9998,,1508061600,2017-12-26 23:21:23.208812,0,0.0
658,0.9998,BFX,1,JordanManual,Bitfinex,0.9998,0.9998,0.9998,,1508065200,2017-12-26 23:21:24.889614,0,0.0
659,0.9998,BFX,1,JordanManual,CCCAGG,0.9998,0.9998,0.9998,,1508065200,2017-12-26 23:21:23.208812,0,0.0
660,0.9998,BFX,1,JordanManual,Bitfinex,0.9998,0.9998,0.9998,,1508068800,2017-12-26 23:21:24.889614,0,0.0
661,0.9998,BFX,1,JordanManual,CCCAGG,0.9998,0.9998,0.9998,,1508068800,2017-12-26 23:21:23.208812,0,0.0
662,0.9998,,1,JordanManual,CCCAGG,0.9998,0.9998,0.9998,BFX,1508068800,2017-12-28 01:14:48.478985,0,0.0
663,0.9998,,1,JordanManual,Bitfinex,0.9998,0.9998,0.9998,BFX,1508068800,2017-12-28 01:09:55.862859,0,0.0
664,0.9998,BFX,1,JordanManual,CCCAGG,0.9998,0.9998,0.9998,,1508072400,2017-12-26 23:21:23.208812,0,0.0
665,0.9998,BFX,1,JordanManual,Bitfinex,0.9998,0.9998,0.9998,,1508072400,2017-12-26 23:21:24.889614,0,0.0
666,0.9998,BFX,1,JordanManual,CCCAGG,0.9998,0.9998,0.9998,,1508076000,2017-12-26 23:21:23.208812,0,0.0
667,0.9998,BFX,1,JordanManual,Bitfinex,0.9998,0.9998,0.9998,,1508076000,2017-12-26 23:21:24.889614,0,0.0
668,0.9998,,1,JordanManual,CCCAGG,0.9998,0.9998,0.9998,BFX,1508079600,2017-12-28 01:14:48.478985,0,0.0
669,0.9998,BFX,1,JordanManual,CCCAGG,0.9998,0.9998,0.9998,,1508079600,2017-12-26 23:21:23.208812,0,0.0
670,0.9998,BFX,1,JordanManual,Bitfinex,0.9998,0.9998,0.9998,,1508079600,2017-12-26 23:21:24.889614,0,0.0
671,0.9998,,1,JordanManual,Bitfinex,0.9998,0.9998,0.9998,BFX,1508079600,2017-12-28 01:09:55.862859,0,0.0
672,0.9998,BFX,1,JordanManual,CCCAGG,0.9998,0.9998,0.9998,,1508083200,2017-12-26 23:21:23.208812,0,0.0
673,0.9998,BFX,1,JordanManual,Bitfinex,0.9998,0.9998,0.9998,,1508083200,2017-12-26 23:21:24.889614,0,0.0
674,0.9998,BFX,1,JordanManual,Bitfinex,0.9998,0.9998,0.9998,,1508086800,2017-12-26 23:21:24.889614,0,0.0
675,0.9998,BFX,1,JordanManual,CCCAGG,0.9998,0.9998,0.9998,,1508086800,2017-12-26 23:21:23.208812,0,0.0
676,0.9998,BFX,1,JordanManual,CCCAGG,0.9998,0.9998,0.9998,,1508090400,2017-12-26 23:21:23.208812,2521,2520.5
677,0.9998,,1,JordanManual,CCCAGG,0.9998,0.9998,0.9998,BFX,1508090400,2017-12-28 01:14:48.478985,2521,2520.5
678,0.9998,,1,JordanManual,Bitfinex,0.9998,0.9998,0.9998,BFX,1508090400,2017-12-28 01:09:55.862859,0,0.0
679,0.9998,BFX,1,JordanManual,Bitfinex,0.9998,0.9998,0.9998,,1508090400,2017-12-26 23:21:24.889614,0,0.0
680,0.9998,BFX,1,JordanManual,CCCAGG,0.9998,0.9998,0.9998,,1508094000,2017-12-26 23:21:23.208812,0,0.0
681,0.9998,BFX,1,JordanManual,Bitfinex,0.9998,0.9998,0.9998,,1508094000,2017-12-26 23:21:24.889614,0,0.0
682,0.9998,BFX,1,JordanManual,Bitfinex,0.9998,0.9998,0.9998,,1508097600,2017-12-26 23:21:24.889614,0,0.0
683,0.9998,BFX,1,JordanManual,CCCAGG,0.9998,0.9998,0.9998,,1508097600,2017-12-26 23:21:23.208812,0,0.0
684,0.9998,,1,JordanManual,Bitfinex,0.9998,0.9998,0.9998,BFX,1508101200,2017-12-28 01:09:55.862859,0,0.0
685,0.9998,BFX,1,JordanManual,Bitfinex,0.9998,0.9998,0.9998,,1508101200,2017-12-26 23:21:24.889614,0,0.0
686,0.9998,BFX,1,JordanManual,CCCAGG,0.9998,0.9998,0.9998,,1508101200,2017-12-26 23:21:23.208812,0,0.0
687,0.9998,,1,JordanManual,CCCAGG,0.9998,0.9998,0.9998,BFX,1508101200,2017-12-28 01:14:48.478985,0,0.0
688,0.9998,BFX,1,JordanManual,Bitfinex,0.9998,0.9998,0.9998,,1508104800,2017-12-26 23:21:24.889614,0,0.0
689,0.9998,BFX,1,JordanManual,CCCAGG,0.9998,0.9998,0.9998,,1508104800,2017-12-26 23:21:23.208812,0,0.0
690,0.9998,BFX,1,JordanManual,Bitfinex,0.9998,0.9998,0.9998,,1508108400,2017-12-26 23:21:24.889614,0,0.0
691,0.9998,BFX,1,JordanManual,CCCAGG,0.9998,0.9998,0.9998,,1508108400,2017-12-26 23:21:23.208812,0,0.0
692,0.9998,BFX,1,JordanManual,CCCAGG,0.9998,0.9998,0.9998,,1508112000,2017-12-26 23:21:23.208812,0,0.0
693,0.9998,BFX,1,JordanManual,Bitfinex,0.9998,0.9998,0.9998,,1508112000,2017-12-26 23:21:24.889614,0,0.0
694,0.9998,,1,JordanManual,CCCAGG,0.9998,0.9998,0.9998,BFX,1508112000,2017-12-28 01:14:48.478985,0,0.0
695,0.9998,,1,JordanManual,Bitfinex,0.9998,0.9998,0.9998,BFX,1508112000,2017-12-28 01:09:55.862859,0,0.0
696,0.9998,BFX,1,JordanManual,Bitfinex,0.9998,0.9998,0.9998,,1508115600,2017-12-26 23:21:24.889614,0,0.0
697,0.9998,BFX,1,JordanManual,CCCAGG,0.9998,0.9998,0.9998,,1508115600,2017-12-26 23:21:23.208812,0,0.0
698,0.9998,BFX,1,JordanManual,Bitfinex,0.9998,0.9998,0.9998,,1508119200,2017-12-26 23:21:24.889614,0,0.0
699,0.9998,BFX,1,JordanManual,CCCAGG,0.9998,0.9998,0.9998,,1508119200,2017-12-26 23:21:23.208812,0,0.0
700,0.9998,BFX,1,JordanManual,CCCAGG,0.9998,0.9998,0.9998,,1508122800,2017-12-26 23:21:23.208812,0,0.0
701,0.9998,,1,JordanManual,Bitfinex,0.9998,0.9998,0.9998,BFX,1508122800,2017-12-28 01:09:55.862859,0,0.0
702,0.9998,,1,JordanManual,CCCAGG,0.9998,0.9998,0.9998,BFX,1508122800,2017-12-28 01:14:48.478985,0,0.0
703,0.9998,BFX,1,JordanManual,Bitfinex,0.9998,0.9998,0.9998,,1508122800,2017-12-26 23:21:24.889614,0,0.0
704,0.9998,BFX,1,JordanManual,Bitfinex,0.9998,0.9998,0.9998,,1508126400,2017-12-26 23:21:24.889614,0,0.0
705,0.9998,BFX,1,JordanManual,CCCAGG,0.9998,0.9998,0.9998,,1508126400,2017-12-26 23:21:23.208812,0,0.0
706,0.9998,BFX,1,JordanManual,Bitfinex,0.9998,0.9998,0.9998,,1508130000,2017-12-26 23:21:24.889614,0,0.0
707,0.9998,BFX,1,JordanManual,CCCAGG,0.9998,0.9998,0.9998,,1508130000,2017-12-26 23:21:23.208812,0,0.0
708,0.9998,,1,JordanManual,Bitfinex,0.9998,0.9998,0.9998,BFX,1508133600,2017-12-28 01:09:55.862859,0,0.0
709,0.9998,BFX,1,JordanManual,Bitfinex,0.9998,0.9998,0.9998,,1508133600,2017-12-26 23:21:24.889614,0,0.0
710,0.9998,BFX,1,JordanManual,CCCAGG,0.9998,0.9998,0.9998,,1508133600,2017-12-26 23:21:23.208812,0,0.0
711,0.9998,,1,JordanManual,CCCAGG,0.9998,0.9998,0.9998,BFX,1508133600,2017-12-28 01:14:48.478985,0,0.0
712,0.9998,BFX,1,JordanManual,Bitfinex,0.9998,0.9998,0.9998,,1508137200,2017-12-26 23:21:24.889614,0,0.0
713,0.9998,BFX,1,JordanManual,CCCAGG,0.9998,0.9998,0.9998,,1508137200,2017-12-26 23:21:23.208812,0,0.0
714,0.9998,BFX,1,JordanManual,Bitfinex,0.9998,0.9998,0.9998,,1508140800,2017-12-26 23:21:24.889614,0,0.0
715,0.9998,BFX,1,JordanManual,CCCAGG,0.9998,0.9998,0.9998,,1508140800,2017-12-26 23:21:23.208812,0,0.0
716,0.9998,BFX,1,JordanManual,Bitfinex,0.9998,0.9998,0.9998,,1508144400,2017-12-26 23:21:24.889614,0,0.0
717,0.9998,,1,JordanManual,CCCAGG,0.9998,0.9998,0.9998,BFX,1508144400,2017-12-28 01:14:48.478985,0,0.0
718,0.9998,BFX,1,JordanManual,CCCAGG,0.9998,0.9998,0.9998,,1508144400,2017-12-26 23:21:23.208812,0,0.0
719,0.9998,,1,JordanManual,Bitfinex,0.9998,0.9998,0.9998,BFX,1508144400,2017-12-28 01:09:55.862859,0,0.0
720,0.9998,BFX,1,JordanManual,CCCAGG,0.9998,0.9998,0.9998,,1508148000,2017-12-26 23:21:23.208812,0,0.0
721,0.9998,BFX,1,JordanManual,Bitfinex,0.9998,0.9998,0.9998,,1508148000,2017-12-26 23:21:24.889614,0,0.0
722,0.9998,BFX,1,JordanManual,Bitfinex,0.9998,0.9998,0.9998,,1508151600,2017-12-26 23:21:24.889614,0,0.0
723,0.9998,BFX,1,JordanManual,CCCAGG,0.9998,0.9998,0.9998,,1508151600,2017-12-26 23:21:23.208812,0,0.0
724,0.9998,,1,JordanManual,CCCAGG,0.9998,0.9998,0.9998,BFX,1508155200,2017-12-28 01:14:48.478985,0,0.0
725,0.9998,BFX,1,JordanManual,CCCAGG,0.9998,0.9998,0.9998,,1508155200,2017-12-26 23:21:23.208812,0,0.0
726,0.9998,BFX,1,JordanManual,Bitfinex,0.9998,0.9998,0.9998,,1508155200,2017-12-26 23:21:24.889614,0,0.0
727,0.9998,,1,JordanManual,Bitfinex,0.9998,0.9998,0.9998,BFX,1508155200,2017-12-28 01:09:55.862859,0,0.0
728,0.9998,BFX,1,JordanManual,CCCAGG,0.9998,0.9998,0.9998,,1508158800,2017-12-26 23:21:23.208812,0,0.0
729,0.9998,BFX,1,JordanManual,Bitfinex,0.9998,0.9998,0.9998,,1508158800,2017-12-26 23:21:24.889614,0,0.0
730,0.9998,BFX,1,JordanManual,Bitfinex,0.9998,0.9998,0.9998,,1508162400,2017-12-26 23:21:24.889614,0,0.0
731,0.9998,BFX,1,JordanManual,CCCAGG,0.9998,0.9998,0.9998,,1508162400,2017-12-26 23:21:23.208812,0,0.0
732,0.9998,,1,JordanManual,CCCAGG,0.9998,0.9998,0.9998,BFX,1508166000,2017-12-28 01:14:48.478985,0,0.0
733,0.9998,,1,JordanManual,Bitfinex,0.9998,0.9998,0.9998,BFX,1508166000,2017-12-28 01:09:55.862859,0,0.0
734,0.9998,BFX,1,JordanManual,CCCAGG,0.9998,0.9998,0.9998,,1508166000,2017-12-26 23:21:23.208812,0,0.0
735,0.9998,BFX,1,JordanManual,Bitfinex,0.9998,0.9998,0.9998,,1508166000,2017-12-26 23:21:24.889614,0,0.0
736,0.9998,BFX,1,JordanManual,CCCAGG,0.9998,0.9998,0.9998,,1508169600,2017-12-26 23:21:23.208812,0,0.0
737,0.9998,BFX,1,JordanManual,Bitfinex,0.9998,0.9998,0.9998,,1508169600,2017-12-26 23:21:24.889614,0,0.0
738,0.9998,BFX,1,JordanManual,Bitfinex,0.9998,0.9998,0.9998,,1508173200,2017-12-26 23:21:24.889614,0,0.0
739,0.9998,BFX,1,JordanManual,CCCAGG,0.9998,0.9998,0.9998,,1508173200,2017-12-26 23:21:23.208812,0,0.0
740,0.9998,,1,JordanManual,CCCAGG,0.9998,0.9998,0.9998,BFX,1508176800,2017-12-28 01:14:48.478985,0,0.0
741,0.9998,BFX,1,JordanManual,Bitfinex,0.9998,0.9998,0.9998,,1508176800,2017-12-26 23:21:24.889614,0,0.0
742,0.9998,,1,JordanManual,Bitfinex,0.9998,0.9998,0.9998,BFX,1508176800,2017-12-28 01:09:55.862859,0,0.0
743,0.9998,BFX,1,JordanManual,CCCAGG,0.9998,0.9998,0.9998,,1508176800,2017-12-26 23:21:23.208812,0,0.0
744,0.9998,BFX,1,JordanManual,Bitfinex,0.9998,0.9998,0.9998,,1508180400,2017-12-26 23:21:24.889614,0,0.0
745,0.9998,BFX,1,JordanManual,CCCAGG,0.9998,0.9998,0.9998,,1508180400,2017-12-26 23:21:23.208812,0,0.0
746,0.9998,BFX,1,JordanManual,CCCAGG,0.9998,0.9998,0.9998,,1508184000,2017-12-26 23:21:23.208812,0,0.0
747,0.9998,BFX,1,JordanManual,Bitfinex,0.9998,0.9998,0.9998,,1508184000,2017-12-26 23:21:24.889614,0,0.0
748,0.9998,BFX,1,JordanManual,Bitfinex,0.9998,0.9998,0.9998,,1508187600,2017-12-26 23:21:24.889614,0,0.0
749,0.9998,,1,JordanManual,Bitfinex,0.9998,0.9998,0.9998,BFX,1508187600,2017-12-28 01:09:55.862859,0,0.0
750,0.9998,BFX,1,JordanManual,CCCAGG,0.9998,0.9998,0.9998,,1508187600,2017-12-26 23:21:23.208812,0,0.0
751,0.9998,,1,JordanManual,CCCAGG,0.9998,0.9998,0.9998,BFX,1508187600,2017-12-28 01:14:48.478985,0,0.0
752,0.9998,BFX,1,JordanManual,Bitfinex,0.9998,0.9998,0.9998,,1508191200,2017-12-26 23:21:24.889614,0,0.0
753,0.9998,BFX,1,JordanManual,CCCAGG,0.9998,0.9998,0.9998,,1508191200,2017-12-26 23:21:23.208812,0,0.0
754,0.9998,BFX,1,JordanManual,CCCAGG,0.9998,0.9998,0.9998,,1508194800,2017-12-26 23:21:23.208812,0,0.0
755,0.9998,BFX,1,JordanManual,Bitfinex,0.9998,0.9998,0.9998,,1508194800,2017-12-26 23:21:24.889614,0,0.0
756,0.9998,,1,JordanManual,CCCAGG,0.9998,0.9998,0.9998,BFX,1508198400,2017-12-28 01:14:48.478985,0,0.0
757,0.9998,,1,JordanManual,Bitfinex,0.9998,0.9998,0.9998,BFX,1508198400,2017-12-28 01:09:55.862859,0,0.0
758,0.9998,BFX,1,JordanManual,Bitfinex,0.9998,0.9998,0.9998,,1508198400,2017-12-26 23:21:24.889614,0,0.0
759,0.9998,BFX,1,JordanManual,CCCAGG,0.9998,0.9998,0.9998,,1508198400,2017-12-26 23:21:23.208812,0,0.0
760,0.9998,BFX,1,JordanManual,Bitfinex,0.9998,0.9998,0.9998,,1508202000,2017-12-26 23:21:24.889614,0,0.0
761,0.9998,BFX,1,JordanManual,CCCAGG,0.9998,0.9998,0.9998,,1508202000,2017-12-26 23:21:23.208812,0,0.0
762,0.9998,BFX,1,JordanManual,Bitfinex,0.9998,0.9998,0.9998,,1508205600,2017-12-26 23:21:24.889614,0,0.0
763,0.9998,BFX,1,JordanManual,CCCAGG,0.9998,0.9998,0.9998,,1508205600,2017-12-26 23:21:23.208812,0,0.0
764,0.9998,BFX,1,JordanManual,CCCAGG,0.9998,0.9998,0.9998,,1508209200,2017-12-26 23:21:23.208812,0,0.0
765,0.9998,BFX,1,JordanManual,Bitfinex,0.9998,0.9998,0.9998,,1508209200,2017-12-26 23:21:24.889614,0,0.0
766,0.9998,,1,JordanManual,Bitfinex,0.9998,0.9998,0.9998,BFX,1508209200,2017-12-28 01:09:55.862859,0,0.0
767,0.9998,,1,JordanManual,CCCAGG,0.9998,0.9998,0.9998,BFX,1508209200,2017-12-28 01:14:48.478985,0,0.0
768,0.9998,BFX,1,JordanManual,CCCAGG,0.9998,0.9998,0.9998,,1508212800,2017-12-26 23:21:23.208812,0,0.0
769,0.9998,BFX,1,JordanManual,Bitfinex,0.9998,0.9998,0.9998,,1508212800,2017-12-26 23:21:24.889614,0,0.0
770,0.9998,BFX,1,JordanManual,Bitfinex,0.9998,0.9998,0.9998,,1508216400,2017-12-26 23:21:24.889614,0,0.0
771,0.9998,BFX,1,JordanManual,CCCAGG,0.9998,0.9998,0.9998,,1508216400,2017-12-26 23:21:23.208812,0,0.0
772,0.9998,,1,JordanManual,CCCAGG,0.9998,0.9998,0.9998,BFX,1508220000,2017-12-28 01:14:48.478985,0,0.0
773,0.9998,BFX,1,JordanManual,Bitfinex,0.9998,0.9998,0.9998,,1508220000,2017-12-26 23:21:24.889614,0,0.0
774,0.9998,,1,JordanManual,Bitfinex,0.9998,0.9998,0.9998,BFX,1508220000,2017-12-28 01:09:55.862859,0,0.0
775,0.9998,BFX,1,JordanManual,CCCAGG,0.9998,0.9998,0.9998,,1508220000,2017-12-26 23:21:23.208812,0,0.0
776,0.9998,BFX,1,JordanManual,Bitfinex,0.9998,0.9998,0.9998,,1508223600,2017-12-26 23:21:24.889614,0,0.0
777,0.9998,BFX,1,JordanManual,CCCAGG,0.9998,0.9998,0.9998,,1508223600,2017-12-26 23:21:23.208812,0,0.0
778,0.9998,BFX,1,JordanManual,Bitfinex,0.9998,0.9998,0.9998,,1508227200,2017-12-26 23:21:24.889614,0,0.0
779,0.9998,BFX,1,JordanManual,CCCAGG,0.9998,0.9998,0.9998,,1508227200,2017-12-26 23:21:23.208812,0,0.0
780,0.9998,BFX,1,JordanManual,Bitfinex,0.9998,0.9998,0.9998,,1508230800,2017-12-26 23:21:24.889614,0,0.0
781,0.9998,BFX,1,JordanManual,CCCAGG,0.9998,0.9998,0.9998,,1508230800,2017-12-26 23:21:23.208812,0,0.0
782,0.9998,,1,JordanManual,Bitfinex,0.9998,0.9998,0.9998,BFX,1508230800,2017-12-28 01:09:55.862859,0,0.0
783,0.9998,,1,JordanManual,CCCAGG,0.9998,0.9998,0.9998,BFX,1508230800,2017-12-28 01:14:48.478985,0,0.0
784,0.9998,BFX,1,JordanManual,CCCAGG,0.9998,0.9998,0.9998,,1508234400,2017-12-26 23:21:23.208812,0,0.0
785,0.9998,BFX,1,JordanManual,Bitfinex,0.9998,0.9998,0.9998,,1508234400,2017-12-26 23:21:24.889614,0,0.0
786,0.9998,BFX,1,JordanManual,Bitfinex,0.9998,0.9998,0.9998,,1508238000,2017-12-26 23:21:24.889614,0,0.0
787,0.9998,BFX,1,JordanManual,CCCAGG,0.9998,0.9998,0.9998,,1508238000,2017-12-26 23:21:23.208812,0,0.0
788,0.9998,BFX,1,JordanManual,CCCAGG,0.9998,0.9998,0.9998,,1508241600,2017-12-26 23:21:23.208812,0,0.0
789,0.9998,BFX,1,JordanManual,Bitfinex,0.9998,0.9998,0.9998,,1508241600,2017-12-26 23:21:24.889614,0,0.0
790,0.9998,,1,JordanManual,Bitfinex,0.9998,0.9998,0.9998,BFX,1508241600,2017-12-28 01:09:55.862859,0,0.0
791,0.9998,,1,JordanManual,CCCAGG,0.9998,0.9998,0.9998,BFX,1508241600,2017-12-28 01:14:48.478985,0,0.0
792,0.9998,BFX,1,JordanManual,CCCAGG,0.9998,0.9998,0.9998,,1508245200,2017-12-26 23:21:23.208812,0,0.0
793,0.9998,BFX,1,JordanManual,Bitfinex,0.9998,0.9998,0.9998,,1508245200,2017-12-26 23:21:24.889614,0,0.0
794,0.9998,BFX,1,JordanManual,Bitfinex,0.9998,0.9998,0.9998,,1508248800,2017-12-26 23:21:24.889614,0,0.0
795,0.9998,BFX,1,JordanManual,CCCAGG,0.9998,0.9998,0.9998,,1508248800,2017-12-26 23:21:23.208812,0,0.0
796,0.9998,BFX,1,JordanManual,Bitfinex,0.9998,0.9998,0.9998,,1508252400,2017-12-26 23:21:24.889614,0,0.0
797,0.9998,BFX,1,JordanManual,CCCAGG,0.9998,0.9998,0.9998,,1508252400,2017-12-26 23:21:23.208812,0,0.0
798,0.9998,,1,JordanManual,Bitfinex,0.9998,0.9998,0.9998,BFX,1508252400,2017-12-28 01:09:55.862859,0,0.0
799,0.9998,,1,JordanManual,CCCAGG,0.9998,0.9998,0.9998,BFX,1508252400,2017-12-28 01:14:48.478985,0,0.0
800,0.9998,BFX,1,JordanManual,Bitfinex,0.9998,0.9998,0.9998,,1508256000,2017-12-26 23:21:24.889614,0,0.0
801,0.9998,BFX,1,JordanManual,CCCAGG,0.9998,0.9998,0.9998,,1508256000,2017-12-26 23:21:23.208812,0,0.0
802,0.9998,BFX,1,JordanManual,Bitfinex,0.9998,0.9998,0.9998,,1508259600,2017-12-26 23:21:24.889614,0,0.0
803,0.9998,BFX,1,JordanManual,CCCAGG,0.9998,0.9998,0.9998,,1508259600,2017-12-26 23:21:23.208812,0,0.0
804,0.9998,BFX,1,JordanManual,Bitfinex,0.9998,0.9998,0.9998,,1508263200,2017-12-26 23:21:24.889614,0,0.0
805,0.9998,BFX,1,JordanManual,CCCAGG,0.9998,0.9998,0.9998,,1508263200,2017-12-26 23:21:23.208812,0,0.0
806,0.9998,,1,JordanManual,Bitfinex,0.9998,0.9998,0.9998,BFX,1508263200,2017-12-28 01:09:55.862859,0,0.0
807,0.9998,,1,JordanManual,CCCAGG,0.9998,0.9998,0.9998,BFX,1508263200,2017-12-28 01:14:48.478985,0,0.0
808,0.9998,BFX,1,JordanManual,CCCAGG,0.9998,0.9998,0.9998,,1508266800,2017-12-26 23:21:23.208812,0,0.0
809,0.9998,BFX,1,JordanManual,Bitfinex,0.9998,0.9998,0.9998,,1508266800,2017-12-26 23:21:24.889614,0,0.0
810,0.9998,BFX,1,JordanManual,CCCAGG,0.9998,0.9998,0.9998,,1508270400,2017-12-26 23:21:23.208812,0,0.0
811,0.9998,BFX,1,JordanManual,Bitfinex,0.9998,0.9998,0.9998,,1508270400,2017-12-26 23:21:24.889614,0,0.0
812,0.9998,BFX,1,JordanManual,Bitfinex,0.9998,0.9998,0.9998,,1508274000,2017-12-26 23:21:24.889614,0,0.0
813,0.9998,BFX,1,JordanManual,CCCAGG,0.9998,0.9998,0.9998,,1508274000,2017-12-26 23:21:23.208812,0,0.0
814,0.9998,,1,JordanManual,Bitfinex,0.9998,0.9998,0.9998,BFX,1508274000,2017-12-28 01:09:55.862859,0,0.0
815,0.9998,,1,JordanManual,CCCAGG,0.9998,0.9998,0.9998,BFX,1508274000,2017-12-28 01:14:48.478985,0,0.0
816,0.9998,BFX,1,JordanManual,Bitfinex,0.9998,0.9998,0.9998,,1508277600,2017-12-26 23:21:24.889614,0,0.0
817,0.9998,BFX,1,JordanManual,CCCAGG,0.9998,0.9998,0.9998,,1508277600,2017-12-26 23:21:23.208812,0,0.0
818,0.9998,BFX,1,JordanManual,Bitfinex,0.9998,0.9998,0.9998,,1508281200,2017-12-26 23:21:24.889614,0,0.0
819,0.9998,BFX,1,JordanManual,CCCAGG,0.9998,0.9998,0.9998,,1508281200,2017-12-26 23:21:23.208812,0,0.0
820,0.9998,BFX,1,JordanManual,CCCAGG,0.9998,0.9998,0.9998,,1508284800,2017-12-26 23:21:23.208812,0,0.0
821,0.9998,,1,JordanManual,CCCAGG,0.9998,0.9998,0.9998,BFX,1508284800,2017-12-28 01:14:48.478985,0,0.0
822,0.9998,,1,JordanManual,Bitfinex,0.9998,0.9998,0.9998,BFX,1508284800,2017-12-28 01:09:55.862859,0,0.0
823,0.9998,BFX,1,JordanManual,Bitfinex,0.9998,0.9998,0.9998,,1508284800,2017-12-26 23:21:24.889614,0,0.0
824,0.9998,BFX,1,JordanManual,Bitfinex,0.9998,0.9998,0.9998,,1508288400,2017-12-26 23:21:24.889614,0,0.0
825,0.9998,BFX,1,JordanManual,CCCAGG,0.9998,0.9998,0.9998,,1508288400,2017-12-26 23:21:23.208812,0,0.0
826,0.9998,BFX,1,JordanManual,Bitfinex,0.9998,0.9998,0.9998,,1508292000,2017-12-26 23:21:24.889614,0,0.0
827,0.9998,BFX,1,JordanManual,CCCAGG,0.9998,0.9998,0.9998,,1508292000,2017-12-26 23:21:23.208812,0,0.0
828,0.9998,,1,JordanManual,CCCAGG,0.9998,0.9998,0.9998,BFX,1508295600,2017-12-28 01:14:48.478985,0,0.0
829,0.9998,BFX,1,JordanManual,CCCAGG,0.9998,0.9998,0.9998,,1508295600,2017-12-26 23:21:23.208812,0,0.0
830,0.9998,BFX,1,JordanManual,Bitfinex,0.9998,0.9998,0.9998,,1508295600,2017-12-26 23:21:24.889614,0,0.0
831,0.9998,,1,JordanManual,Bitfinex,0.9998,0.9998,0.9998,BFX,1508295600,2017-12-28 01:09:55.862859,0,0.0
832,0.9998,BFX,1,JordanManual,Bitfinex,0.9998,0.9998,0.9998,,1508299200,2017-12-26 23:21:24.889614,0,0.0
833,0.9998,BFX,1,JordanManual,CCCAGG,0.9998,0.9998,0.9998,,1508299200,2017-12-26 23:21:23.208812,0,0.0
834,0.9998,BFX,1,JordanManual,CCCAGG,0.9998,0.9998,0.9998,,1508302800,2017-12-26 23:21:23.208812,0,0.0
835,0.9998,BFX,1,JordanManual,Bitfinex,0.9998,0.9998,0.9998,,1508302800,2017-12-26 23:21:24.889614,0,0.0
836,0.9998,,1,JordanManual,CCCAGG,0.9998,0.9998,0.9998,BFX,1508306400,2017-12-28 01:14:48.478985,0,0.0
837,0.9998,,1,JordanManual,Bitfinex,0.9998,0.9998,0.9998,BFX,1508306400,2017-12-28 01:09:55.862859,0,0.0
838,0.9998,BFX,1,JordanManual,Bitfinex,0.9998,0.9998,0.9998,,1508306400,2017-12-26 23:21:24.889614,0,0.0
839,0.9998,BFX,1,JordanManual,CCCAGG,0.9998,0.9998,0.9998,,1508306400,2017-12-26 23:21:23.208812,0,0.0
840,0.9998,BFX,1,JordanManual,Bitfinex,0.9998,0.9998,0.9998,,1508310000,2017-12-26 23:21:24.889614,0,0.0
841,0.9998,BFX,1,JordanManual,CCCAGG,0.9998,0.9998,0.9998,,1508310000,2017-12-26 23:21:23.208812,0,0.0
842,0.9998,BFX,1,JordanManual,CCCAGG,0.9998,0.9998,0.9998,,1508313600,2017-12-26 23:21:23.208812,0,0.0
843,0.9998,BFX,1,JordanManual,Bitfinex,0.9998,0.9998,0.9998,,1508313600,2017-12-26 23:21:24.889614,0,0.0
844,0.9998,BFX,1,JordanManual,Bitfinex,0.9998,0.9998,0.9998,,1508317200,2017-12-26 23:21:24.889614,0,0.0
845,0.9998,,1,JordanManual,CCCAGG,0.9998,0.9998,0.9998,BFX,1508317200,2017-12-28 01:14:48.478985,0,0.0
846,0.9998,,1,JordanManual,Bitfinex,0.9998,0.9998,0.9998,BFX,1508317200,2017-12-28 01:09:55.862859,0,0.0
847,0.9998,BFX,1,JordanManual,CCCAGG,0.9998,0.9998,0.9998,,1508317200,2017-12-26 23:21:23.208812,0,0.0
848,0.9998,BFX,1,JordanManual,CCCAGG,0.9998,0.9998,0.9998,,1508320800,2017-12-26 23:21:23.208812,0,0.0
849,0.9998,BFX,1,JordanManual,Bitfinex,0.9998,0.9998,0.9998,,1508320800,2017-12-26 23:21:24.889614,0,0.0
850,0.9998,BFX,1,JordanManual,CCCAGG,0.9998,0.9998,0.9998,,1508324400,2017-12-26 23:21:23.208812,0,0.0
851,0.9998,BFX,1,JordanManual,Bitfinex,0.9998,0.9998,0.9998,,1508324400,2017-12-26 23:21:24.889614,0,0.0
852,0.9998,BFX,1,JordanManual,Bitfinex,0.9998,0.9998,0.9998,,1508328000,2017-12-26 23:21:24.889614,0,0.0
853,0.9998,,1,JordanManual,CCCAGG,0.9998,0.9998,0.9998,BFX,1508328000,2017-12-28 01:14:48.478985,0,0.0
854,0.9998,BFX,1,JordanManual,CCCAGG,0.9998,0.9998,0.9998,,1508328000,2017-12-26 23:21:23.208812,0,0.0
855,0.9998,,1,JordanManual,Bitfinex,0.9998,0.9998,0.9998,BFX,1508328000,2017-12-28 01:09:55.862859,0,0.0
856,0.9998,BFX,1,JordanManual,CCCAGG,0.9998,0.9998,0.9998,,1508331600,2017-12-26 23:21:23.208812,0,0.0
857,0.9998,BFX,1,JordanManual,Bitfinex,0.9998,0.9998,0.9998,,1508331600,2017-12-26 23:21:24.889614,0,0.0
858,0.9998,BFX,1,JordanManual,Bitfinex,0.9998,0.9998,0.9998,,1508335200,2017-12-26 23:21:24.889614,0,0.0
859,0.9998,BFX,1,JordanManual,CCCAGG,0.9998,0.9998,0.9998,,1508335200,2017-12-26 23:21:23.208812,0,0.0
860,0.9998,,1,JordanManual,CCCAGG,0.9998,0.9998,0.9998,BFX,1508338800,2017-12-28 01:14:48.478985,0,0.0
861,0.9998,,1,JordanManual,Bitfinex,0.9998,0.9998,0.9998,BFX,1508338800,2017-12-28 01:09:55.862859,0,0.0
862,0.9998,BFX,1,JordanManual,Bitfinex,0.9998,0.9998,0.9998,,1508338800,2017-12-26 23:21:24.889614,0,0.0
863,0.9998,BFX,1,JordanManual,CCCAGG,0.9998,0.9998,0.9998,,1508338800,2017-12-26 23:21:23.208812,0,0.0
864,0.9998,BFX,1,JordanManual,CCCAGG,0.9998,0.9998,0.9998,,1508342400,2017-12-26 23:21:23.208812,0,0.0
865,0.9998,BFX,1,JordanManual,Bitfinex,0.9998,0.9998,0.9998,,1508342400,2017-12-26 23:21:24.889614,0,0.0
866,0.9998,BFX,1,JordanManual,Bitfinex,0.9998,0.9998,0.9998,,1508346000,2017-12-26 23:21:24.889614,0,0.0
867,0.9998,BFX,1,JordanManual,CCCAGG,0.9998,0.9998,0.9998,,1508346000,2017-12-26 23:21:23.208812,0,0.0
868,0.9998,,1,JordanManual,Bitfinex,0.9998,0.9998,0.9998,BFX,1508349600,2017-12-28 01:09:55.862859,0,0.0
869,0.9998,BFX,1,JordanManual,CCCAGG,0.9998,0.9998,0.9998,,1508349600,2017-12-26 23:21:23.208812,0,0.0
870,0.9998,BFX,1,JordanManual,Bitfinex,0.9998,0.9998,0.9998,,1508349600,2017-12-26 23:21:24.889614,0,0.0
871,0.9998,,1,JordanManual,CCCAGG,0.9998,0.9998,0.9998,BFX,1508349600,2017-12-28 01:14:48.478985,0,0.0
872,0.9998,BFX,1,JordanManual,Bitfinex,0.9998,0.9998,0.9998,,1508353200,2017-12-26 23:21:24.889614,0,0.0
873,0.9998,BFX,1,JordanManual,CCCAGG,0.9998,0.9998,0.9998,,1508353200,2017-12-26 23:21:23.208812,0,0.0
874,0.9998,BFX,1,JordanManual,Bitfinex,0.9998,0.9998,0.9998,,1508356800,2017-12-26 23:21:24.889614,0,0.0
875,0.9998,BFX,1,JordanManual,CCCAGG,0.9998,0.9998,0.9998,,1508356800,2017-12-26 23:21:23.208812,0,0.0
876,0.9998,,1,JordanManual,Bitfinex,0.9998,0.9998,0.9998,BFX,1508360400,2017-12-28 01:09:55.862859,0,0.0
877,0.9998,BFX,1,JordanManual,CCCAGG,0.9998,0.9998,0.9998,,1508360400,2017-12-26 23:21:23.208812,0,0.0
878,0.9998,,1,JordanManual,CCCAGG,0.9998,0.9998,0.9998,BFX,1508360400,2017-12-28 01:14:48.478985,0,0.0
879,0.9998,BFX,1,JordanManual,Bitfinex,0.9998,0.9998,0.9998,,1508360400,2017-12-26 23:21:24.889614,0,0.0
880,0.9998,BFX,1,JordanManual,Bitfinex,0.9998,0.9998,0.9998,,1508364000,2017-12-26 23:21:24.889614,0,0.0
881,0.9998,BFX,1,JordanManual,CCCAGG,0.9998,0.9998,0.9998,,1508364000,2017-12-26 23:21:23.208812,0,0.0
882,0.9998,BFX,1,JordanManual,CCCAGG,0.9998,0.9998,0.9998,,1508367600,2017-12-26 23:21:23.208812,0,0.0
883,0.9998,BFX,1,JordanManual,Bitfinex,0.9998,0.9998,0.9998,,1508367600,2017-12-26 23:21:24.889614,0,0.0
884,0.9998,,1,JordanManual,Bitfinex,0.9998,0.9998,0.9998,BFX,1508371200,2017-12-28 01:09:55.862859,0,0.0
885,0.9998,BFX,1,JordanManual,CCCAGG,0.9998,0.9998,0.9998,,1508371200,2017-12-26 23:21:23.208812,0,0.0
886,0.9998,BFX,1,JordanManual,Bitfinex,0.9998,0.9998,0.9998,,1508371200,2017-12-26 23:21:24.889614,0,0.0
887,0.9998,,1,JordanManual,CCCAGG,0.9998,0.9998,0.9998,BFX,1508371200,2017-12-28 01:14:48.478985,0,0.0
888,0.9998,BFX,1,JordanManual,Bitfinex,0.9998,0.9998,0.9998,,1508374800,2017-12-26 23:21:24.889614,0,0.0
889,0.9998,BFX,1,JordanManual,CCCAGG,0.9998,0.9998,0.9998,,1508374800,2017-12-26 23:21:23.208812,0,0.0
890,0.9998,BFX,1,JordanManual,CCCAGG,0.9998,0.9998,0.9998,,1508378400,2017-12-26 23:21:23.208812,0,0.0
891,0.9998,BFX,1,JordanManual,Bitfinex,0.9998,0.9998,0.9998,,1508378400,2017-12-26 23:21:24.889614,0,0.0
892,0.9998,BFX,1,JordanManual,Bitfinex,0.9998,0.9998,0.9998,,1508382000,2017-12-26 23:21:24.889614,0,0.0
893,0.9998,,1,JordanManual,Bitfinex,0.9998,0.9998,0.9998,BFX,1508382000,2017-12-28 01:09:55.862859,0,0.0
894,0.9998,,1,JordanManual,CCCAGG,0.9998,0.9998,0.9998,BFX,1508382000,2017-12-28 01:14:48.478985,0,0.0
895,0.9998,BFX,1,JordanManual,CCCAGG,0.9998,0.9998,0.9998,,1508382000,2017-12-26 23:21:23.208812,0,0.0
896,0.9998,BFX,1,JordanManual,Bitfinex,0.9998,0.9998,0.9998,,1508385600,2017-12-26 23:21:24.889614,0,0.0
897,0.9998,BFX,1,JordanManual,CCCAGG,0.9998,0.9998,0.9998,,1508385600,2017-12-26 23:21:23.208812,0,0.0
898,0.9998,BFX,1,JordanManual,Bitfinex,0.9998,0.9998,0.9998,,1508389200,2017-12-26 23:21:24.889614,0,0.0
899,0.9998,BFX,1,JordanManual,CCCAGG,0.9998,0.9998,0.9998,,1508389200,2017-12-26 23:21:23.208812,0,0.0
900,0.9998,,1,JordanManual,CCCAGG,0.9998,0.9998,0.9998,BFX,1508392800,2017-12-28 01:14:48.478985,0,0.0
901,0.9998,,1,JordanManual,Bitfinex,0.9998,0.9998,0.9998,BFX,1508392800,2017-12-28 01:09:55.862859,0,0.0
902,0.9998,BFX,1,JordanManual,Bitfinex,0.9998,0.9998,0.9998,,1508392800,2017-12-26 23:21:24.889614,0,0.0
903,0.9998,BFX,1,JordanManual,CCCAGG,0.9998,0.9998,0.9998,,1508392800,2017-12-26 23:21:23.208812,0,0.0
904,0.9998,BFX,1,JordanManual,Bitfinex,0.9998,0.9998,0.9998,,1508396400,2017-12-26 23:21:24.889614,0,0.0
905,0.9998,BFX,1,JordanManual,CCCAGG,0.9998,0.9998,0.9998,,1508396400,2017-12-26 23:21:23.208812,0,0.0
906,0.9998,BFX,1,JordanManual,CCCAGG,0.9998,0.9998,0.9998,,1508400000,2017-12-26 23:21:23.208812,0,0.0
907,0.9998,BFX,1,JordanManual,Bitfinex,0.9998,0.9998,0.9998,,1508400000,2017-12-26 23:21:24.889614,0,0.0
908,0.9998,,1,JordanManual,Bitfinex,0.9998,0.9998,0.9998,BFX,1508403600,2017-12-28 01:09:55.862859,0,0.0
909,0.9998,BFX,1,JordanManual,Bitfinex,0.9998,0.9998,0.9998,,1508403600,2017-12-26 23:21:24.889614,0,0.0
910,0.9998,BFX,1,JordanManual,CCCAGG,0.9998,0.9998,0.9998,,1508403600,2017-12-26 23:21:23.208812,0,0.0
911,0.9998,,1,JordanManual,CCCAGG,0.9998,0.9998,0.9998,BFX,1508403600,2017-12-28 01:14:48.478985,0,0.0
912,0.9998,BFX,1,JordanManual,CCCAGG,0.9998,0.9998,0.9998,,1508407200,2017-12-26 23:21:23.208812,0,0.0
913,0.9998,BFX,1,JordanManual,Bitfinex,0.9998,0.9998,0.9998,,1508407200,2017-12-26 23:21:24.889614,0,0.0
914,0.9998,BFX,1,JordanManual,Bitfinex,0.9998,0.9998,0.9998,,1508410800,2017-12-26 23:21:24.889614,0,0.0
915,0.9998,BFX,1,JordanManual,CCCAGG,0.9998,0.9998,0.9998,,1508410800,2017-12-26 23:21:23.208812,0,0.0
916,0.9998,,1,JordanManual,Bitfinex,0.9998,0.9998,0.9998,BFX,1508414400,2017-12-28 01:09:55.862859,0,0.0
917,0.9998,BFX,1,JordanManual,Bitfinex,0.9998,0.9998,0.9998,,1508414400,2017-12-26 23:21:24.889614,0,0.0
918,0.9998,,1,JordanManual,CCCAGG,0.9998,0.9998,0.9998,BFX,1508414400,2017-12-28 01:14:48.478985,0,0.0
919,0.9998,BFX,1,JordanManual,CCCAGG,0.9998,0.9998,0.9998,,1508414400,2017-12-26 23:21:23.208812,0,0.0
920,0.9998,BFX,1,JordanManual,CCCAGG,0.9998,0.9998,0.9998,,1508418000,2017-12-26 23:21:23.208812,0,0.0
921,0.9998,BFX,1,JordanManual,Bitfinex,0.9998,0.9998,0.9998,,1508418000,2017-12-26 23:21:24.889614,0,0.0
922,0.9998,BFX,1,JordanManual,Bitfinex,0.9998,0.9998,0.9998,,1508421600,2017-12-26 23:21:24.889614,0,0.0
923,0.9998,BFX,1,JordanManual,CCCAGG,0.9998,0.9998,0.9998,,1508421600,2017-12-26 23:21:23.208812,0,0.0
924,0.9998,,1,JordanManual,CCCAGG,0.9998,0.9998,0.9998,BFX,1508425200,2017-12-28 01:14:48.478985,0,0.0
925,0.9998,BFX,1,JordanManual,Bitfinex,0.9998,0.9998,0.9998,,1508425200,2017-12-26 23:21:24.889614,0,0.0
926,0.9998,,1,JordanManual,Bitfinex,0.9998,0.9998,0.9998,BFX,1508425200,2017-12-28 01:09:55.862859,0,0.0
927,0.9998,BFX,1,JordanManual,CCCAGG,0.9998,0.9998,0.9998,,1508425200,2017-12-26 23:21:23.208812,0,0.0
928,0.9998,BFX,1,JordanManual,Bitfinex,0.9998,0.9998,0.9998,,1508428800,2017-12-26 23:21:24.889614,0,0.0
929,0.9998,BFX,1,JordanManual,CCCAGG,0.9998,0.9998,0.9998,,1508428800,2017-12-26 23:21:23.208812,0,0.0
930,0.9998,BFX,1,JordanManual,Bitfinex,0.9998,0.9998,0.9998,,1508432400,2017-12-26 23:21:24.889614,0,0.0
931,0.9998,BFX,1,JordanManual,CCCAGG,0.9998,0.9998,0.9998,,1508432400,2017-12-26 23:21:23.208812,0,0.0
932,0.9998,BFX,1,JordanManual,CCCAGG,0.9998,0.9998,0.9998,,1508436000,2017-12-26 23:21:23.208812,0,0.0
933,0.9998,,1,JordanManual,CCCAGG,0.9998,0.9998,0.9998,BFX,1508436000,2017-12-28 01:14:48.478985,0,0.0
934,0.9998,,1,JordanManual,Bitfinex,0.9998,0.9998,0.9998,BFX,1508436000,2017-12-28 01:09:55.862859,0,0.0
935,0.9998,BFX,1,JordanManual,Bitfinex,0.9998,0.9998,0.9998,,1508436000,2017-12-26 23:21:24.889614,0,0.0
936,0.9998,BFX,1,JordanManual,CCCAGG,0.9998,0.9998,0.9998,,1508439600,2017-12-26 23:21:23.208812,0,0.0
937,0.9998,BFX,1,JordanManual,Bitfinex,0.9998,0.9998,0.9998,,1508439600,2017-12-26 23:21:24.889614,0,0.0
938,0.9998,BFX,1,JordanManual,Bitfinex,0.9998,0.9998,0.9998,,1508443200,2017-12-26 23:21:24.889614,0,0.0
939,0.9998,BFX,1,JordanManual,CCCAGG,0.9998,0.9998,0.9998,,1508443200,2017-12-26 23:21:23.208812,0,0.0
940,0.9998,,1,JordanManual,CCCAGG,0.9998,0.9998,0.9998,BFX,1508446800,2017-12-28 01:14:48.478985,0,0.0
941,0.9998,BFX,1,JordanManual,Bitfinex,0.9998,0.9998,0.9998,,1508446800,2017-12-26 23:21:24.889614,0,0.0
942,0.9998,,1,JordanManual,Bitfinex,0.9998,0.9998,0.9998,BFX,1508446800,2017-12-28 01:09:55.862859,0,0.0
943,0.9998,BFX,1,JordanManual,CCCAGG,0.9998,0.9998,0.9998,,1508446800,2017-12-26 23:21:23.208812,0,0.0
944,0.9998,BFX,1,JordanManual,Bitfinex,0.9998,0.9998,0.9998,,1508450400,2017-12-26 23:21:24.889614,0,0.0
945,0.9998,BFX,1,JordanManual,CCCAGG,0.9998,0.9998,0.9998,,1508450400,2017-12-26 23:21:23.208812,0,0.0
946,0.9998,BFX,1,JordanManual,CCCAGG,0.9998,0.9998,0.9998,,1508454000,2017-12-26 23:21:23.208812,0,0.0
947,0.9998,BFX,1,JordanManual,Bitfinex,0.9998,0.9998,0.9998,,1508454000,2017-12-26 23:21:24.889614,0,0.0
948,0.9998,,1,JordanManual,Bitfinex,0.9998,0.9998,0.9998,BFX,1508457600,2017-12-28 01:09:55.862859,0,0.0
949,0.9998,BFX,1,JordanManual,CCCAGG,0.9998,0.9998,0.9998,,1508457600,2017-12-26 23:21:23.208812,0,0.0
950,0.9998,BFX,1,JordanManual,Bitfinex,0.9998,0.9998,0.9998,,1508457600,2017-12-26 23:21:24.889614,0,0.0
951,0.9998,,1,JordanManual,CCCAGG,0.9998,0.9998,0.9998,BFX,1508457600,2017-12-28 01:14:48.478985,0,0.0
952,0.9998,BFX,1,JordanManual,CCCAGG,0.9998,0.9998,0.9998,,1508461200,2017-12-26 23:21:23.208812,0,0.0
953,0.9998,BFX,1,JordanManual,Bitfinex,0.9998,0.9998,0.9998,,1508461200,2017-12-26 23:21:24.889614,0,0.0
954,0.9998,BFX,1,JordanManual,Bitfinex,0.9998,0.9998,0.9998,,1508464800,2017-12-26 23:21:24.889614,0,0.0
955,0.9998,BFX,1,JordanManual,CCCAGG,0.9998,0.9998,0.9998,,1508464800,2017-12-26 23:21:23.208812,0,0.0
956,0.9998,,1,JordanManual,CCCAGG,0.9998,0.9998,0.9998,BFX,1508468400,2017-12-28 01:14:48.478985,0,0.0
957,0.9998,,1,JordanManual,Bitfinex,0.9998,0.9998,0.9998,BFX,1508468400,2017-12-28 01:09:55.862859,0,0.0
958,0.9998,BFX,1,JordanManual,Bitfinex,0.9998,0.9998,0.9998,,1508468400,2017-12-26 23:21:24.889614,0,0.0
959,0.9998,BFX,1,JordanManual,CCCAGG,0.9998,0.9998,0.9998,,1508468400,2017-12-26 23:21:23.208812,0,0.0
960,0.9998,BFX,1,JordanManual,Bitfinex,0.9998,0.9998,0.9998,,1508472000,2017-12-26 23:21:24.889614,0,0.0
961,0.9998,BFX,1,JordanManual,CCCAGG,0.9998,0.9998,0.9998,,1508472000,2017-12-26 23:21:23.208812,0,0.0
962,0.9998,BFX,1,JordanManual,CCCAGG,0.9998,0.9998,0.9998,,1508475600,2017-12-26 23:21:23.208812,0,0.0
963,0.9998,BFX,1,JordanManual,Bitfinex,0.9998,0.9998,0.9998,,1508475600,2017-12-26 23:21:24.889614,0,0.0
964,0.9998,,1,JordanManual,CCCAGG,0.9998,0.9998,0.9998,BFX,1508479200,2017-12-28 01:14:48.478985,0,0.0
965,0.9998,BFX,1,JordanManual,CCCAGG,0.9998,0.9998,0.9998,,1508479200,2017-12-26 23:21:23.208812,0,0.0
966,0.9998,,1,JordanManual,Bitfinex,0.9998,0.9998,0.9998,BFX,1508479200,2017-12-28 01:09:55.862859,0,0.0
967,0.9998,BFX,1,JordanManual,Bitfinex,0.9998,0.9998,0.9998,,1508479200,2017-12-26 23:21:24.889614,0,0.0
968,0.9998,BFX,1,JordanManual,CCCAGG,0.9998,0.9998,0.9998,,1508482800,2017-12-26 23:21:23.208812,0,0.0
969,0.9998,BFX,1,JordanManual,Bitfinex,0.9998,0.9998,0.9998,,1508482800,2017-12-26 23:21:24.889614,0,0.0
970,0.9998,BFX,1,JordanManual,CCCAGG,0.9998,0.9998,0.9998,,1508486400,2017-12-26 23:21:23.208812,0,0.0
971,0.9998,BFX,1,JordanManual,Bitfinex,0.9998,0.9998,0.9998,,1508486400,2017-12-26 23:21:24.889614,0,0.0
972,0.9998,,1,JordanManual,CCCAGG,0.9998,0.9998,0.9998,BFX,1508490000,2017-12-28 01:14:48.478985,0,0.0
973,0.9998,BFX,1,JordanManual,Bitfinex,0.9998,0.9998,0.9998,,1508490000,2017-12-26 23:21:24.889614,0,0.0
974,0.9998,,1,JordanManual,Bitfinex,0.9998,0.9998,0.9998,BFX,1508490000,2017-12-28 01:09:55.862859,0,0.0
975,0.9998,BFX,1,JordanManual,CCCAGG,0.9998,0.9998,0.9998,,1508490000,2017-12-26 23:21:23.208812,0,0.0
976,0.9998,BFX,1,JordanManual,Bitfinex,0.9998,0.9998,0.9998,,1508493600,2017-12-26 23:21:24.889614,0,0.0
977,0.9998,BFX,1,JordanManual,CCCAGG,0.9998,0.9998,0.9998,,1508493600,2017-12-26 23:21:23.208812,0,0.0
978,0.9998,BFX,1,JordanManual,CCCAGG,0.9998,0.9998,0.9998,,1508497200,2017-12-26 23:21:23.208812,0,0.0
979,0.9998,BFX,1,JordanManual,Bitfinex,0.9998,0.9998,0.9998,,1508497200,2017-12-26 23:21:24.889614,0,0.0
980,0.9998,BFX,1,JordanManual,CCCAGG,0.9998,0.9998,0.9998,,1508500800,2017-12-26 23:21:23.208812,0,0.0
981,0.9998,,1,JordanManual,CCCAGG,0.9998,0.9998,0.9998,BFX,1508500800,2017-12-28 01:14:48.478985,0,0.0
982,0.9998,,1,JordanManual,Bitfinex,0.9998,0.9998,0.9998,BFX,1508500800,2017-12-28 01:09:55.862859,0,0.0
983,0.9998,BFX,1,JordanManual,Bitfinex,0.9998,0.9998,0.9998,,1508500800,2017-12-26 23:21:24.889614,0,0.0
984,0.9998,BFX,1,JordanManual,CCCAGG,0.9998,0.9998,0.9998,,1508504400,2017-12-26 23:21:23.208812,0,0.0
985,0.9998,BFX,1,JordanManual,Bitfinex,0.9998,0.9998,0.9998,,1508504400,2017-12-26 23:21:24.889614,0,0.0
986,0.9998,BFX,1,JordanManual,Bitfinex,0.9998,0.9998,0.9998,,1508508000,2017-12-26 23:21:24.889614,0,0.0
987,0.9998,BFX,1,JordanManual,CCCAGG,0.9998,0.9998,0.9998,,1508508000,2017-12-26 23:21:23.208812,0,0.0
988,0.9998,,1,JordanManual,Bitfinex,0.9998,0.9998,0.9998,BFX,1508511600,2017-12-28 01:09:55.862859,0,0.0
989,0.9998,BFX,1,JordanManual,CCCAGG,0.9998,0.9998,0.9998,,1508511600,2017-12-26 23:21:23.208812,0,0.0
990,0.9998,BFX,1,JordanManual,Bitfinex,0.9998,0.9998,0.9998,,1508511600,2017-12-26 23:21:24.889614,0,0.0
991,0.9998,,1,JordanManual,CCCAGG,0.9998,0.9998,0.9998,BFX,1508511600,2017-12-28 01:14:48.478985,0,0.0
992,0.9998,BFX,1,JordanManual,CCCAGG,0.9998,0.9998,0.9998,,1508515200,2017-12-26 23:21:23.208812,0,0.0
993,0.9998,BFX,1,JordanManual,Bitfinex,0.9998,0.9998,0.9998,,1508515200,2017-12-26 23:21:24.889614,0,0.0
994,0.9998,BFX,1,JordanManual,CCCAGG,0.9998,0.9998,0.9998,,1508518800,2017-12-26 23:21:23.208812,0,0.0
995,0.9998,BFX,1,JordanManual,Bitfinex,0.9998,0.9998,0.9998,,1508518800,2017-12-26 23:21:24.889614,0,0.0
996,0.9998,,1,JordanManual,Bitfinex,0.9998,0.9998,0.9998,BFX,1508522400,2017-12-28 01:09:55.862859,0,0.0
997,0.9998,,1,JordanManual,CCCAGG,0.9998,0.9998,0.9998,BFX,1508522400,2017-12-28 01:14:48.478985,0,0.0
998,0.9998,BFX,1,JordanManual,Bitfinex,0.9998,0.9998,0.9998,,1508522400,2017-12-26 23:21:24.889614,0,0.0
999,0.9998,BFX,1,JordanManual,CCCAGG,0.9998,0.9998,0.9998,,1508522400,2017-12-26 23:21:23.208812,0,0.0
1000,0.9998,BFX,1,JordanManual,Bitfinex,0.9998,0.9998,0.9998,,1508526000,2017-12-26 23:21:24.889614,0,0.0
1001,0.9998,BFX,1,JordanManual,CCCAGG,0.9998,0.9998,0.9998,,1508526000,2017-12-26 23:21:23.208812,0,0.0
1002,0.9998,BFX,1,JordanManual,CCCAGG,0.9998,0.9998,0.9998,,1508529600,2017-12-26 23:21:23.208812,0,0.0
1003,0.9998,BFX,1,JordanManual,Bitfinex,0.9998,0.9998,0.9998,,1508529600,2017-12-26 23:21:24.889614,0,0.0
1004,0.9998,,1,JordanManual,Bitfinex,0.9998,0.9998,0.9998,BFX,1508533200,2017-12-28 01:09:55.862859,0,0.0
1005,0.9998,BFX,1,JordanManual,CCCAGG,0.9998,0.9998,0.9998,,1508533200,2017-12-26 23:21:23.208812,0,0.0
1006,0.9998,BFX,1,JordanManual,Bitfinex,0.9998,0.9998,0.9998,,1508533200,2017-12-26 23:21:24.889614,0,0.0
1007,0.9998,,1,JordanManual,CCCAGG,0.9998,0.9998,0.9998,BFX,1508533200,2017-12-28 01:14:48.478985,0,0.0
1008,0.9998,BFX,1,JordanManual,CCCAGG,0.9998,0.9998,0.9998,,1508536800,2017-12-26 23:21:23.208812,0,0.0
1009,0.9998,BFX,1,JordanManual,Bitfinex,0.9998,0.9998,0.9998,,1508536800,2017-12-26 23:21:24.889614,0,0.0
1010,0.9998,BFX,1,JordanManual,Bitfinex,0.9998,0.9998,0.9998,,1508540400,2017-12-26 23:21:24.889614,0,0.0
1011,0.9998,BFX,1,JordanManual,CCCAGG,0.9998,0.9998,0.9998,,1508540400,2017-12-26 23:21:23.208812,0,0.0
1012,0.9998,,1,JordanManual,Bitfinex,0.9998,0.9998,0.9998,BFX,1508544000,2017-12-28 01:09:55.862859,0,0.0
1013,0.9998,BFX,1,JordanManual,CCCAGG,0.9998,0.9998,0.9998,,1508544000,2017-12-26 23:21:23.208812,0,0.0
1014,0.9998,BFX,1,JordanManual,Bitfinex,0.9998,0.9998,0.9998,,1508544000,2017-12-26 23:21:24.889614,0,0.0
1015,0.9998,,1,JordanManual,CCCAGG,0.9998,0.9998,0.9998,BFX,1508544000,2017-12-28 01:14:48.478985,0,0.0
1016,0.9998,BFX,1,JordanManual,Bitfinex,0.9998,0.9998,0.9998,,1508547600,2017-12-26 23:21:24.889614,0,0.0
1017,0.9998,BFX,1,JordanManual,CCCAGG,0.9998,0.9998,0.9998,,1508547600,2017-12-26 23:21:23.208812,0,0.0
1018,0.9998,BFX,1,JordanManual,CCCAGG,0.9998,0.9998,0.9998,,1508551200,2017-12-26 23:21:23.208812,0,0.0
1019,0.9998,BFX,1,JordanManual,Bitfinex,0.9998,0.9998,0.9998,,1508551200,2017-12-26 23:21:24.889614,0,0.0
1020,0.9998,,1,JordanManual,Bitfinex,0.9998,0.9998,0.9998,BFX,1508554800,2017-12-28 01:09:55.862859,0,0.0
1021,0.9998,BFX,1,JordanManual,CCCAGG,0.9998,0.9998,0.9998,,1508554800,2017-12-26 23:21:23.208812,0,0.0
1022,0.9998,BFX,1,JordanManual,Bitfinex,0.9998,0.9998,0.9998,,1508554800,2017-12-26 23:21:24.889614,0,0.0
1023,0.9998,,1,JordanManual,CCCAGG,0.9998,0.9998,0.9998,BFX,1508554800,2017-12-28 01:14:48.478985,0,0.0
1024,0.9998,BFX,1,JordanManual,Bitfinex,0.9998,0.9998,0.9998,,1508558400,2017-12-26 23:21:24.889614,0,0.0
1025,0.9998,BFX,1,JordanManual,CCCAGG,0.9998,0.9998,0.9998,,1508558400,2017-12-26 23:21:23.208812,0,0.0
1026,0.9998,BFX,1,JordanManual,CCCAGG,0.9998,0.9998,0.9998,,1508562000,2017-12-26 23:21:23.208812,0,0.0
1027,0.9998,BFX,1,JordanManual,Bitfinex,0.9998,0.9998,0.9998,,1508562000,2017-12-26 23:21:24.889614,0,0.0
1028,0.9998,,1,JordanManual,Bitfinex,0.9998,0.9998,0.9998,BFX,1508565600,2017-12-28 01:09:55.862859,0,0.0
1029,0.9998,BFX,1,JordanManual,Bitfinex,0.9998,0.9998,0.9998,,1508565600,2017-12-26 23:21:24.889614,0,0.0
1030,0.9998,BFX,1,JordanManual,CCCAGG,0.9998,0.9998,0.9998,,1508565600,2017-12-26 23:21:23.208812,0,0.0
1031,0.9998,,1,JordanManual,CCCAGG,0.9998,0.9998,0.9998,BFX,1508565600,2017-12-28 01:14:48.478985,0,0.0
1032,0.9998,BFX,1,JordanManual,CCCAGG,0.9998,0.9998,0.9998,,1508569200,2017-12-26 23:21:23.208812,0,0.0
1033,0.9998,BFX,1,JordanManual,Bitfinex,0.9998,0.9998,0.9998,,1508569200,2017-12-26 23:21:24.889614,0,0.0
1034,0.9998,BFX,1,JordanManual,CCCAGG,0.9998,0.9998,0.9998,,1508572800,2017-12-26 23:21:23.208812,0,0.0
1035,0.9998,BFX,1,JordanManual,Bitfinex,0.9998,0.9998,0.9998,,1508572800,2017-12-26 23:21:24.889614,0,0.0
1036,0.9998,,1,JordanManual,Bitfinex,0.9998,0.9998,0.9998,BFX,1508576400,2017-12-28 01:09:55.862859,0,0.0
1037,0.9998,BFX,1,JordanManual,CCCAGG,0.9998,0.9998,0.9998,,1508576400,2017-12-26 23:21:23.208812,0,0.0
1038,0.9998,BFX,1,JordanManual,Bitfinex,0.9998,0.9998,0.9998,,1508576400,2017-12-26 23:21:24.889614,0,0.0
1039,0.9998,,1,JordanManual,CCCAGG,0.9998,0.9998,0.9998,BFX,1508576400,2017-12-28 01:14:48.478985,0,0.0
1040,0.9998,BFX,1,JordanManual,Bitfinex,0.9998,0.9998,0.9998,,1508580000,2017-12-26 23:21:24.889614,0,0.0
1041,0.9998,BFX,1,JordanManual,CCCAGG,0.9998,0.9998,0.9998,,1508580000,2017-12-26 23:21:23.208812,0,0.0
1042,0.9998,BFX,1,JordanManual,Bitfinex,0.9998,0.9998,0.9998,,1508583600,2017-12-26 23:21:24.889614,0,0.0
1043,0.9998,BFX,1,JordanManual,CCCAGG,0.9998,0.9998,0.9998,,1508583600,2017-12-26 23:21:23.208812,0,0.0
1044,0.9998,,1,JordanManual,Bitfinex,0.9998,0.9998,0.9998,BFX,1508587200,2017-12-28 01:09:55.862859,0,0.0
1045,0.9998,,1,JordanManual,CCCAGG,0.9998,0.9998,0.9998,BFX,1508587200,2017-12-28 01:14:48.478985,0,0.0
1046,0.9998,BFX,1,JordanManual,CCCAGG,0.9998,0.9998,0.9998,,1508587200,2017-12-26 23:21:23.208812,0,0.0
1047,0.9998,BFX,1,JordanManual,Bitfinex,0.9998,0.9998,0.9998,,1508587200,2017-12-26 23:21:24.889614,0,0.0
1048,0.9998,BFX,1,JordanManual,CCCAGG,0.9998,0.9998,0.9998,,1508590800,2017-12-26 23:21:23.208812,0,0.0
1049,0.9998,BFX,1,JordanManual,Bitfinex,0.9998,0.9998,0.9998,,1508590800,2017-12-26 23:21:24.889614,0,0.0
1050,0.9998,BFX,1,JordanManual,CCCAGG,0.9998,0.9998,0.9998,,1508594400,2017-12-26 23:21:23.208812,0,0.0
1051,0.9998,BFX,1,JordanManual,Bitfinex,0.9998,0.9998,0.9998,,1508594400,2017-12-26 23:21:24.889614,0,0.0
1052,0.9998,,1,JordanManual,Bitfinex,0.9998,0.9998,0.9998,BFX,1508598000,2017-12-28 01:09:55.862859,0,0.0
1053,0.9998,BFX,1,JordanManual,CCCAGG,0.9998,0.9998,0.9998,,1508598000,2017-12-26 23:21:23.208812,0,0.0
1054,0.9998,BFX,1,JordanManual,Bitfinex,0.9998,0.9998,0.9998,,1508598000,2017-12-26 23:21:24.889614,0,0.0
1055,0.9998,,1,JordanManual,CCCAGG,0.9998,0.9998,0.9998,BFX,1508598000,2017-12-28 01:14:48.478985,0,0.0
1056,0.9998,BFX,1,JordanManual,Bitfinex,0.9998,0.9998,0.9998,,1508601600,2017-12-26 23:21:24.889614,0,0.0
1057,0.9998,BFX,1,JordanManual,CCCAGG,0.9998,0.9998,0.9998,,1508601600,2017-12-26 23:21:23.208812,0,0.0
1058,0.9998,BFX,1,JordanManual,Bitfinex,0.9998,0.9998,0.9998,,1508605200,2017-12-26 23:21:24.889614,0,0.0
1059,0.9998,BFX,1,JordanManual,CCCAGG,0.9998,0.9998,0.9998,,1508605200,2017-12-26 23:21:23.208812,0,0.0
1060,0.9998,BFX,1,JordanManual,Bitfinex,0.9998,0.9998,0.9998,,1508608800,2017-12-26 23:21:24.889614,0,0.0
1061,0.9998,,1,JordanManual,Bitfinex,0.9998,0.9998,0.9998,BFX,1508608800,2017-12-28 01:09:55.862859,0,0.0
1062,0.9998,,1,JordanManual,CCCAGG,0.9998,0.9998,0.9998,BFX,1508608800,2017-12-28 01:14:48.478985,0,0.0
1063,0.9998,BFX,1,JordanManual,CCCAGG,0.9998,0.9998,0.9998,,1508608800,2017-12-26 23:21:23.208812,0,0.0
1064,0.9998,BFX,1,JordanManual,Bitfinex,0.9998,0.9998,0.9998,,1508612400,2017-12-26 23:21:24.889614,0,0.0
1065,0.9998,BFX,1,JordanManual,CCCAGG,0.9998,0.9998,0.9998,,1508612400,2017-12-26 23:21:23.208812,0,0.0
1066,0.9998,BFX,1,JordanManual,Bitfinex,0.9998,0.9998,0.9998,,1508616000,2017-12-26 23:21:24.889614,0,0.0
1067,0.9998,BFX,1,JordanManual,CCCAGG,0.9998,0.9998,0.9998,,1508616000,2017-12-26 23:21:23.208812,0,0.0
1068,0.9998,,1,JordanManual,CCCAGG,0.9998,0.9998,0.9998,BFX,1508619600,2017-12-28 01:14:48.478985,0,0.0
1069,0.9998,BFX,1,JordanManual,CCCAGG,0.9998,0.9998,0.9998,,1508619600,2017-12-26 23:21:23.208812,0,0.0
1070,0.9998,,1,JordanManual,Bitfinex,0.9998,0.9998,0.9998,BFX,1508619600,2017-12-28 01:09:55.862859,0,0.0
1071,0.9998,BFX,1,JordanManual,Bitfinex,0.9998,0.9998,0.9998,,1508619600,2017-12-26 23:21:24.889614,0,0.0
1072,0.9998,BFX,1,JordanManual,CCCAGG,0.9998,0.9998,0.9998,,1508623200,2017-12-26 23:21:23.208812,0,0.0
1073,0.9998,BFX,1,JordanManual,Bitfinex,0.9998,0.9998,0.9998,,1508623200,2017-12-26 23:21:24.889614,0,0.0
1074,0.9998,BFX,1,JordanManual,Bitfinex,0.9998,0.9998,0.9998,,1508626800,2017-12-26 23:21:24.889614,0,0.0
1075,0.9998,BFX,1,JordanManual,CCCAGG,0.9998,0.9998,0.9998,,1508626800,2017-12-26 23:21:23.208812,0,0.0
1076,0.9998,,1,JordanManual,CCCAGG,0.9998,0.9998,0.9998,BFX,1508630400,2017-12-28 01:14:48.478985,0,0.0
1077,0.9998,BFX,1,JordanManual,CCCAGG,0.9998,0.9998,0.9998,,1508630400,2017-12-26 23:21:23.208812,0,0.0
1078,0.9998,,1,JordanManual,Bitfinex,0.9998,0.9998,0.9998,BFX,1508630400,2017-12-28 01:09:55.862859,0,0.0
1079,0.9998,BFX,1,JordanManual,Bitfinex,0.9998,0.9998,0.9998,,1508630400,2017-12-26 23:21:24.889614,0,0.0
1080,0.9998,BFX,1,JordanManual,CCCAGG,0.9998,0.9998,0.9998,,1508634000,2017-12-26 23:21:23.208812,0,0.0
1081,0.9998,BFX,1,JordanManual,Bitfinex,0.9998,0.9998,0.9998,,1508634000,2017-12-26 23:21:24.889614,0,0.0
1082,0.9998,BFX,1,JordanManual,CCCAGG,0.9998,0.9998,0.9998,,1508637600,2017-12-26 23:21:23.208812,0,0.0
1083,0.9998,BFX,1,JordanManual,Bitfinex,0.9998,0.9998,0.9998,,1508637600,2017-12-26 23:21:24.889614,0,0.0
1084,0.9998,BFX,1,JordanManual,CCCAGG,0.9998,0.9998,0.9998,,1508641200,2017-12-26 23:21:23.208812,0,0.0
1085,0.9998,,1,JordanManual,Bitfinex,0.9998,0.9998,0.9998,BFX,1508641200,2017-12-28 01:09:55.862859,0,0.0
1086,0.9998,,1,JordanManual,CCCAGG,0.9998,0.9998,0.9998,BFX,1508641200,2017-12-28 01:14:48.478985,0,0.0
1087,0.9998,BFX,1,JordanManual,Bitfinex,0.9998,0.9998,0.9998,,1508641200,2017-12-26 23:21:24.889614,0,0.0
1088,0.9998,BFX,1,JordanManual,CCCAGG,0.9998,0.9998,0.9998,,1508644800,2017-12-26 23:21:23.208812,0,0.0
1089,0.9998,BFX,1,JordanManual,Bitfinex,0.9998,0.9998,0.9998,,1508644800,2017-12-26 23:21:24.889614,0,0.0
1090,0.9998,BFX,1,JordanManual,Bitfinex,0.9998,0.9998,0.9998,,1508648400,2017-12-26 23:21:24.889614,0,0.0
1091,0.9998,BFX,1,JordanManual,CCCAGG,0.9998,0.9998,0.9998,,1508648400,2017-12-26 23:21:23.208812,0,0.0
1092,0.9998,BFX,1,JordanManual,Bitfinex,0.9998,0.9998,0.9998,,1508652000,2017-12-26 23:21:24.889614,0,0.0
1093,0.9998,BFX,1,JordanManual,CCCAGG,0.9998,0.9998,0.9998,,1508652000,2017-12-26 23:21:23.208812,0,0.0
1094,0.9998,,1,JordanManual,Bitfinex,0.9998,0.9998,0.9998,BFX,1508652000,2017-12-28 01:09:55.862859,0,0.0
1095,0.9998,,1,JordanManual,CCCAGG,0.9998,0.9998,0.9998,BFX,1508652000,2017-12-28 01:14:48.478985,0,0.0
1096,0.9998,BFX,1,JordanManual,Bitfinex,0.9998,0.9998,0.9998,,1508655600,2017-12-26 23:21:24.889614,0,0.0
1097,0.9998,BFX,1,JordanManual,CCCAGG,0.9998,0.9998,0.9998,,1508655600,2017-12-26 23:21:23.208812,0,0.0
1098,0.9998,BFX,1,JordanManual,Bitfinex,0.9998,0.9998,0.9998,,1508659200,2017-12-26 23:21:24.889614,0,0.0
1099,0.9998,BFX,1,JordanManual,CCCAGG,0.9998,0.9998,0.9998,,1508659200,2017-12-26 23:21:23.208812,0,0.0
1100,0.9998,BFX,1,JordanManual,CCCAGG,0.9998,0.9998,0.9998,,1508662800,2017-12-26 23:21:23.208812,0,0.0
1101,0.9998,,1,JordanManual,Bitfinex,0.9998,0.9998,0.9998,BFX,1508662800,2017-12-28 01:09:55.862859,0,0.0
1102,0.9998,BFX,1,JordanManual,Bitfinex,0.9998,0.9998,0.9998,,1508662800,2017-12-26 23:21:24.889614,0,0.0
1103,0.9998,,1,JordanManual,CCCAGG,0.9998,0.9998,0.9998,BFX,1508662800,2017-12-28 01:14:48.478985,0,0.0
1104,0.9998,BFX,1,JordanManual,CCCAGG,0.9998,0.9998,0.9998,,1508666400,2017-12-26 23:21:23.208812,0,0.0
1105,0.9998,BFX,1,JordanManual,Bitfinex,0.9998,0.9998,0.9998,,1508666400,2017-12-26 23:21:24.889614,0,0.0
1106,0.9998,BFX,1,JordanManual,Bitfinex,0.9998,0.9998,0.9998,,1508670000,2017-12-26 23:21:24.889614,0,0.0
1107,0.9998,BFX,1,JordanManual,CCCAGG,0.9998,0.9998,0.9998,,1508670000,2017-12-26 23:21:23.208812,0,0.0
1108,0.9998,,1,JordanManual,Bitfinex,0.9998,0.9998,0.9998,BFX,1508673600,2017-12-28 01:09:55.862859,0,0.0
1109,0.9998,BFX,1,JordanManual,CCCAGG,0.9998,0.9998,0.9998,,1508673600,2017-12-26 23:21:23.208812,0,0.0
1110,0.9998,,1,JordanManual,CCCAGG,0.9998,0.9998,0.9998,BFX,1508673600,2017-12-28 01:14:48.478985,0,0.0
1111,0.9998,BFX,1,JordanManual,Bitfinex,0.9998,0.9998,0.9998,,1508673600,2017-12-26 23:21:24.889614,0,0.0
1112,0.9998,BFX,1,JordanManual,CCCAGG,0.9998,0.9998,0.9998,,1508677200,2017-12-26 23:21:23.208812,0,0.0
1113,0.9998,BFX,1,JordanManual,Bitfinex,0.9998,0.9998,0.9998,,1508677200,2017-12-26 23:21:24.889614,0,0.0
1114,0.9998,BFX,1,JordanManual,Bitfinex,0.9998,0.9998,0.9998,,1508680800,2017-12-26 23:21:24.889614,0,0.0
1115,0.9998,BFX,1,JordanManual,CCCAGG,0.9998,0.9998,0.9998,,1508680800,2017-12-26 23:21:23.208812,0,0.0
1116,0.9998,,1,JordanManual,CCCAGG,0.9998,0.9998,0.9998,BFX,1508684400,2017-12-28 01:14:48.478985,0,0.0
1117,0.9998,,1,JordanManual,Bitfinex,0.9998,0.9998,0.9998,BFX,1508684400,2017-12-28 01:09:55.862859,0,0.0
1118,0.9998,BFX,1,JordanManual,Bitfinex,0.9998,0.9998,0.9998,,1508684400,2017-12-26 23:21:24.889614,0,0.0
1119,0.9998,BFX,1,JordanManual,CCCAGG,0.9998,0.9998,0.9998,,1508684400,2017-12-26 23:21:23.208812,0,0.0
1120,0.9998,BFX,1,JordanManual,Bitfinex,0.9998,0.9998,0.9998,,1508688000,2017-12-26 23:21:24.889614,0,0.0
1121,0.9998,BFX,1,JordanManual,CCCAGG,0.9998,0.9998,0.9998,,1508688000,2017-12-26 23:21:23.208812,0,0.0
1122,0.9998,BFX,1,JordanManual,CCCAGG,0.9998,0.9998,0.9998,,1508691600,2017-12-26 23:21:23.208812,0,0.0
1123,0.9998,BFX,1,JordanManual,Bitfinex,0.9998,0.9998,0.9998,,1508691600,2017-12-26 23:21:24.889614,0,0.0
1124,0.9998,BFX,1,JordanManual,Bitfinex,0.9998,0.9998,0.9998,,1508695200,2017-12-26 23:21:24.889614,0,0.0
1125,0.9998,BFX,1,JordanManual,CCCAGG,0.9998,0.9998,0.9998,,1508695200,2017-12-26 23:21:23.208812,0,0.0
1126,0.9998,,1,JordanManual,Bitfinex,0.9998,0.9998,0.9998,BFX,1508695200,2017-12-28 01:09:55.862859,0,0.0
1127,0.9998,,1,JordanManual,CCCAGG,0.9998,0.9998,0.9998,BFX,1508695200,2017-12-28 01:14:48.478985,0,0.0
1128,0.9998,BFX,1,JordanManual,CCCAGG,0.9998,0.9998,0.9998,,1508698800,2017-12-26 23:21:23.208812,0,0.0
1129,0.9998,BFX,1,JordanManual,Bitfinex,0.9998,0.9998,0.9998,,1508698800,2017-12-26 23:21:24.889614,0,0.0
1130,0.9998,BFX,1,JordanManual,Bitfinex,0.9998,0.9998,0.9998,,1508702400,2017-12-26 23:21:24.889614,0,0.0
1131,0.9998,BFX,1,JordanManual,CCCAGG,0.9998,0.9998,0.9998,,1508702400,2017-12-26 23:21:23.208812,0,0.0
1132,0.9998,BFX,1,JordanManual,Bitfinex,0.9998,0.9998,0.9998,,1508706000,2017-12-26 23:21:24.889614,0,0.0
1133,0.9998,,1,JordanManual,Bitfinex,0.9998,0.9998,0.9998,BFX,1508706000,2017-12-28 01:09:55.862859,0,0.0
1134,0.9998,,1,JordanManual,CCCAGG,0.9998,0.9998,0.9998,BFX,1508706000,2017-12-28 01:14:48.478985,0,0.0
1135,0.9998,BFX,1,JordanManual,CCCAGG,0.9998,0.9998,0.9998,,1508706000,2017-12-26 23:21:23.208812,0,0.0
1136,0.9998,BFX,1,JordanManual,CCCAGG,0.9998,0.9998,0.9998,,1508709600,2017-12-26 23:21:23.208812,0,0.0
1137,0.9998,BFX,1,JordanManual,Bitfinex,0.9998,0.9998,0.9998,,1508709600,2017-12-26 23:21:24.889614,0,0.0
1138,0.9998,BFX,1,JordanManual,Bitfinex,0.9998,0.9998,0.9998,,1508713200,2017-12-26 23:21:24.889614,0,0.0
1139,0.9998,BFX,1,JordanManual,CCCAGG,0.9998,0.9998,0.9998,,1508713200,2017-12-26 23:21:23.208812,0,0.0
1140,0.9998,,1,JordanManual,Bitfinex,0.9998,0.9998,0.9998,BFX,1508716800,2017-12-28 01:09:55.862859,0,0.0
1141,0.9998,BFX,1,JordanManual,Bitfinex,0.9998,0.9998,0.9998,,1508716800,2017-12-26 23:21:24.889614,0,0.0
1142,0.9998,BFX,1,JordanManual,CCCAGG,0.9998,0.9998,0.9998,,1508716800,2017-12-26 23:21:23.208812,0,0.0
1143,0.9998,,1,JordanManual,CCCAGG,0.9998,0.9998,0.9998,BFX,1508716800,2017-12-28 01:14:48.478985,0,0.0
1144,0.9998,BFX,1,JordanManual,CCCAGG,0.9998,0.9998,0.9998,,1508720400,2017-12-26 23:21:23.208812,0,0.0
1145,0.9998,BFX,1,JordanManual,Bitfinex,0.9998,0.9998,0.9998,,1508720400,2017-12-26 23:21:24.889614,0,0.0
1146,0.9998,BFX,1,JordanManual,CCCAGG,0.9998,0.9998,0.9998,,1508724000,2017-12-26 23:21:23.208812,0,0.0
1147,0.9998,BFX,1,JordanManual,Bitfinex,0.9998,0.9998,0.9998,,1508724000,2017-12-26 23:21:24.889614,0,0.0
1148,0.9998,,1,JordanManual,Bitfinex,0.9998,0.9998,0.9998,BFX,1508727600,2017-12-28 01:09:55.862859,0,0.0
1149,0.9998,,1,JordanManual,CCCAGG,0.9998,0.9998,0.9998,BFX,1508727600,2017-12-28 01:14:48.478985,0,0.0
1150,0.9998,BFX,1,JordanManual,Bitfinex,0.9998,0.9998,0.9998,,1508727600,2017-12-26 23:21:24.889614,0,0.0
1151,0.9998,BFX,1,JordanManual,CCCAGG,0.9998,0.9998,0.9998,,1508727600,2017-12-26 23:21:23.208812,0,0.0
1152,0.9998,BFX,1,JordanManual,CCCAGG,0.9998,0.9998,0.9998,,1508731200,2017-12-26 23:21:23.208812,0,0.0
1153,0.9998,BFX,1,JordanManual,Bitfinex,0.9998,0.9998,0.9998,,1508731200,2017-12-26 23:21:24.889614,0,0.0
1154,0.9998,BFX,1,JordanManual,CCCAGG,0.9998,0.9998,0.9998,,1508734800,2017-12-26 23:21:23.208812,0,0.0
1155,0.9998,BFX,1,JordanManual,Bitfinex,0.9998,0.9998,0.9998,,1508734800,2017-12-26 23:21:24.889614,0,0.0
1156,0.9998,BFX,1,JordanManual,CCCAGG,0.9998,0.9998,0.9998,,1508738400,2017-12-26 23:21:23.208812,0,0.0
1157,0.9998,BFX,1,JordanManual,Bitfinex,0.9998,0.9998,0.9998,,1508738400,2017-12-26 23:21:24.889614,0,0.0
1158,0.9998,,1,JordanManual,CCCAGG,0.9998,0.9998,0.9998,BFX,1508738400,2017-12-28 01:14:48.478985,0,0.0
1159,0.9998,,1,JordanManual,Bitfinex,0.9998,0.9998,0.9998,BFX,1508738400,2017-12-28 01:09:55.862859,0,0.0
1160,0.9998,BFX,1,JordanManual,CCCAGG,0.9998,0.9998,0.9998,,1508742000,2017-12-26 23:21:23.208812,0,0.0
1161,0.9998,BFX,1,JordanManual,Bitfinex,0.9998,0.9998,0.9998,,1508742000,2017-12-26 23:21:24.889614,0,0.0
1162,0.9998,BFX,1,JordanManual,CCCAGG,0.9998,0.9998,0.9998,,1508745600,2017-12-26 23:21:23.208812,0,0.0
1163,0.9998,BFX,1,JordanManual,Bitfinex,0.9998,0.9998,0.9998,,1508745600,2017-12-26 23:21:24.889614,0,0.0
1164,0.9998,BFX,1,JordanManual,Bitfinex,0.9998,0.9998,0.9998,,1508749200,2017-12-26 23:21:24.889614,0,0.0
1165,0.9998,,1,JordanManual,Bitfinex,0.9998,0.9998,0.9998,BFX,1508749200,2017-12-28 01:09:55.862859,0,0.0
1166,0.9998,BFX,1,JordanManual,CCCAGG,0.9998,0.9998,0.9998,,1508749200,2017-12-26 23:21:23.208812,0,0.0
1167,0.9998,,1,JordanManual,CCCAGG,0.9998,0.9998,0.9998,BFX,1508749200,2017-12-28 01:14:48.478985,0,0.0
1168,0.9998,BFX,1,JordanManual,CCCAGG,0.9998,0.9998,0.9998,,1508752800,2017-12-26 23:21:23.208812,0,0.0
1169,0.9998,BFX,1,JordanManual,Bitfinex,0.9998,0.9998,0.9998,,1508752800,2017-12-26 23:21:24.889614,0,0.0
1170,0.9998,BFX,1,JordanManual,CCCAGG,0.9998,0.9998,0.9998,,1508756400,2017-12-26 23:21:23.208812,0,0.0
1171,0.9998,BFX,1,JordanManual,Bitfinex,0.9998,0.9998,0.9998,,1508756400,2017-12-26 23:21:24.889614,0,0.0
1172,0.9998,BFX,1,JordanManual,Bitfinex,0.9998,0.9998,0.9998,,1508760000,2017-12-26 23:21:24.889614,0,0.0
1173,0.9998,,1,JordanManual,CCCAGG,0.9998,0.9998,0.9998,BFX,1508760000,2017-12-28 01:14:48.478985,0,0.0
1174,0.9998,,1,JordanManual,Bitfinex,0.9998,0.9998,0.9998,BFX,1508760000,2017-12-28 01:09:55.862859,0,0.0
1175,0.9998,BFX,1,JordanManual,CCCAGG,0.9998,0.9998,0.9998,,1508760000,2017-12-26 23:21:23.208812,0,0.0
1176,0.9998,BFX,1,JordanManual,CCCAGG,0.9998,0.9998,0.9998,,1508763600,2017-12-26 23:21:23.208812,0,0.0
1177,0.9998,BFX,1,JordanManual,Bitfinex,0.9998,0.9998,0.9998,,1508763600,2017-12-26 23:21:24.889614,0,0.0
1178,0.9998,BFX,1,JordanManual,CCCAGG,0.9998,0.9998,0.9998,,1508767200,2017-12-26 23:21:23.208812,0,0.0
1179,0.9998,BFX,1,JordanManual,Bitfinex,0.9998,0.9998,0.9998,,1508767200,2017-12-26 23:21:24.889614,0,0.0
1180,0.9998,,1,JordanManual,CCCAGG,0.9998,0.9998,0.9998,BFX,1508770800,2017-12-28 01:14:48.478985,0,0.0
1181,0.9998,BFX,1,JordanManual,CCCAGG,0.9998,0.9998,0.9998,,1508770800,2017-12-26 23:21:23.208812,0,0.0
1182,0.9998,BFX,1,JordanManual,Bitfinex,0.9998,0.9998,0.9998,,1508770800,2017-12-26 23:21:24.889614,0,0.0
1183,0.9998,,1,JordanManual,Bitfinex,0.9998,0.9998,0.9998,BFX,1508770800,2017-12-28 01:09:55.862859,0,0.0
1184,0.9998,BFX,1,JordanManual,CCCAGG,0.9998,0.9998,0.9998,,1508774400,2017-12-26 23:21:23.208812,0,0.0
1185,0.9998,BFX,1,JordanManual,Bitfinex,0.9998,0.9998,0.9998,,1508774400,2017-12-26 23:21:24.889614,0,0.0
1186,0.9998,BFX,1,JordanManual,CCCAGG,0.9998,0.9998,0.9998,,1508778000,2017-12-26 23:21:23.208812,0,0.0
1187,0.9998,BFX,1,JordanManual,Bitfinex,0.9998,0.9998,0.9998,,1508778000,2017-12-26 23:21:24.889614,0,0.0
1188,0.9998,,1,JordanManual,Bitfinex,0.9998,0.9998,0.9998,BFX,1508781600,2017-12-28 01:09:55.862859,0,0.0
1189,0.9998,BFX,1,JordanManual,Bitfinex,0.9998,0.9998,0.9998,,1508781600,2017-12-26 23:21:24.889614,0,0.0
1190,0.9998,BFX,1,JordanManual,CCCAGG,0.9998,0.9998,0.9998,,1508781600,2017-12-26 23:21:23.208812,0,0.0
1191,0.9998,,1,JordanManual,CCCAGG,0.9998,0.9998,0.9998,BFX,1508781600,2017-12-28 01:14:48.478985,0,0.0
1192,0.9998,BFX,1,JordanManual,CCCAGG,0.9998,0.9998,0.9998,,1508785200,2017-12-26 23:21:23.208812,0,0.0
1193,0.9998,BFX,1,JordanManual,Bitfinex,0.9998,0.9998,0.9998,,1508785200,2017-12-26 23:21:24.889614,0,0.0
1194,0.9998,BFX,1,JordanManual,CCCAGG,0.9998,0.9998,0.9998,,1508788800,2017-12-26 23:21:23.208812,0,0.0
1195,0.9998,BFX,1,JordanManual,Bitfinex,0.9998,0.9998,0.9998,,1508788800,2017-12-26 23:21:24.889614,0,0.0
1196,0.9998,BFX,1,JordanManual,CCCAGG,0.9998,0.9998,0.9998,,1508792400,2017-12-26 23:21:23.208812,0,0.0
1197,0.9998,BFX,1,JordanManual,Bitfinex,0.9998,0.9998,0.9998,,1508792400,2017-12-26 23:21:24.889614,0,0.0
1198,0.9998,,1,JordanManual,Bitfinex,0.9998,0.9998,0.9998,BFX,1508792400,2017-12-28 01:09:55.862859,0,0.0
1199,0.9998,,1,JordanManual,CCCAGG,0.9998,0.9998,0.9998,BFX,1508792400,2017-12-28 01:14:48.478985,0,0.0
1200,0.9998,BFX,1,JordanManual,CCCAGG,0.9998,0.9998,0.9998,,1508796000,2017-12-26 23:21:23.208812,0,0.0
1201,0.9998,BFX,1,JordanManual,Bitfinex,0.9998,0.9998,0.9998,,1508796000,2017-12-26 23:21:24.889614,0,0.0
1202,0.9998,BFX,1,JordanManual,CCCAGG,0.9998,0.9998,0.9998,,1508799600,2017-12-26 23:21:23.208812,0,0.0
1203,0.9998,BFX,1,JordanManual,Bitfinex,0.9998,0.9998,0.9998,,1508799600,2017-12-26 23:21:24.889614,0,0.0
1204,0.9998,BFX,1,JordanManual,CCCAGG,0.9998,0.9998,0.9998,,1508803200,2017-12-26 23:21:23.208812,0,0.0
1205,0.9998,,1,JordanManual,Bitfinex,0.9998,0.9998,0.9998,BFX,1508803200,2017-12-28 01:09:55.862859,0,0.0
1206,0.9998,,1,JordanManual,CCCAGG,0.9998,0.9998,0.9998,BFX,1508803200,2017-12-28 01:14:48.478985,0,0.0
1207,0.9998,BFX,1,JordanManual,Bitfinex,0.9998,0.9998,0.9998,,1508803200,2017-12-26 23:21:24.889614,0,0.0
1208,0.9998,BFX,1,JordanManual,CCCAGG,0.9998,0.9998,0.9998,,1508806800,2017-12-26 23:21:23.208812,0,0.0
1209,0.9998,BFX,1,JordanManual,Bitfinex,0.9998,0.9998,0.9998,,1508806800,2017-12-26 23:21:24.889614,0,0.0
1210,0.9998,BFX,1,JordanManual,Bitfinex,0.9998,0.9998,0.9998,,1508810400,2017-12-26 23:21:24.889614,0,0.0
1211,0.9998,BFX,1,JordanManual,CCCAGG,0.9998,0.9998,0.9998,,1508810400,2017-12-26 23:21:23.208812,0,0.0
1212,0.9998,,1,JordanManual,Bitfinex,0.9998,0.9998,0.9998,BFX,1508814000,2017-12-28 01:09:55.862859,0,0.0
1213,0.9998,BFX,1,JordanManual,Bitfinex,0.9998,0.9998,0.9998,,1508814000,2017-12-26 23:21:24.889614,0,0.0
1214,0.9998,BFX,1,JordanManual,CCCAGG,0.9998,0.9998,0.9998,,1508814000,2017-12-26 23:21:23.208812,0,0.0
1215,0.9998,,1,JordanManual,CCCAGG,0.9998,0.9998,0.9998,BFX,1508814000,2017-12-28 01:14:48.478985,0,0.0
1216,0.9998,BFX,1,JordanManual,CCCAGG,0.9998,0.9998,0.9998,,1508817600,2017-12-26 23:21:23.208812,0,0.0
1217,0.9998,BFX,1,JordanManual,Bitfinex,0.9998,0.9998,0.9998,,1508817600,2017-12-26 23:21:24.889614,0,0.0
1218,0.9998,BFX,1,JordanManual,CCCAGG,0.9998,0.9998,0.9998,,1508821200,2017-12-26 23:21:23.208812,0,0.0
1219,0.9998,BFX,1,JordanManual,Bitfinex,0.9998,0.9998,0.9998,,1508821200,2017-12-26 23:21:24.889614,0,0.0
1220,0.9998,BFX,1,JordanManual,CCCAGG,0.9998,0.9998,0.9998,,1508824800,2017-12-26 23:21:23.208812,0,0.0
1221,0.9998,,1,JordanManual,CCCAGG,0.9998,0.9998,0.9998,BFX,1508824800,2017-12-28 01:14:48.478985,0,0.0
1222,0.9998,BFX,1,JordanManual,Bitfinex,0.9998,0.9998,0.9998,,1508824800,2017-12-26 23:21:24.889614,0,0.0
1223,0.9998,,1,JordanManual,Bitfinex,0.9998,0.9998,0.9998,BFX,1508824800,2017-12-28 01:09:55.862859,0,0.0
1224,0.9998,BFX,1,JordanManual,Bitfinex,0.9998,0.9998,0.9998,,1508828400,2017-12-26 23:21:24.889614,0,0.0
1225,0.9998,BFX,1,JordanManual,CCCAGG,0.9998,0.9998,0.9998,,1508828400,2017-12-26 23:21:23.208812,0,0.0
1226,0.9998,BFX,1,JordanManual,Bitfinex,0.9998,0.9998,0.9998,,1508832000,2017-12-26 23:21:24.889614,0,0.0
1227,0.9998,BFX,1,JordanManual,CCCAGG,0.9998,0.9998,0.9998,,1508832000,2017-12-26 23:21:23.208812,0,0.0
1228,0.9998,,1,JordanManual,CCCAGG,0.9998,0.9998,0.9998,BFX,1508835600,2017-12-28 01:14:48.478985,0,0.0
1229,0.9998,BFX,1,JordanManual,CCCAGG,0.9998,0.9998,0.9998,,1508835600,2017-12-26 23:21:23.208812,0,0.0
1230,0.9998,BFX,1,JordanManual,Bitfinex,0.9998,0.9998,0.9998,,1508835600,2017-12-26 23:21:24.889614,0,0.0
1231,0.9998,,1,JordanManual,Bitfinex,0.9998,0.9998,0.9998,BFX,1508835600,2017-12-28 01:09:55.862859,0,0.0
1232,0.9998,BFX,1,JordanManual,CCCAGG,0.9998,0.9998,0.9998,,1508839200,2017-12-26 23:21:23.208812,0,0.0
1233,0.9998,BFX,1,JordanManual,Bitfinex,0.9998,0.9998,0.9998,,1508839200,2017-12-26 23:21:24.889614,0,0.0
1234,0.9998,BFX,1,JordanManual,Bitfinex,0.9998,0.9998,0.9998,,1508842800,2017-12-26 23:21:24.889614,0,0.0
1235,0.9998,BFX,1,JordanManual,CCCAGG,0.9998,0.9998,0.9998,,1508842800,2017-12-26 23:21:23.208812,0,0.0
1236,0.9998,,1,JordanManual,Bitfinex,0.9998,0.9998,0.9998,BFX,1508846400,2017-12-28 01:09:55.862859,0,0.0
1237,0.9998,,1,JordanManual,CCCAGG,0.9998,0.9998,0.9998,BFX,1508846400,2017-12-28 01:14:48.478985,0,0.0
1238,0.9998,BFX,1,JordanManual,CCCAGG,0.9998,0.9998,0.9998,,1508846400,2017-12-26 23:21:23.208812,0,0.0
1239,0.9998,BFX,1,JordanManual,Bitfinex,0.9998,0.9998,0.9998,,1508846400,2017-12-26 23:21:24.889614,0,0.0
1240,0.9998,BFX,1,JordanManual,CCCAGG,0.9998,0.9998,0.9998,,1508850000,2017-12-26 23:21:23.208812,0,0.0
1241,0.9998,BFX,1,JordanManual,Bitfinex,0.9998,0.9998,0.9998,,1508850000,2017-12-26 23:21:24.889614,0,0.0
1242,0.9998,BFX,1,JordanManual,CCCAGG,0.9998,0.9998,0.9998,,1508853600,2017-12-26 23:21:23.208812,0,0.0
1243,0.9998,BFX,1,JordanManual,Bitfinex,0.9998,0.9998,0.9998,,1508853600,2017-12-26 23:21:24.889614,0,0.0
1244,0.9998,BFX,1,JordanManual,Bitfinex,0.9998,0.9998,0.9998,,1508857200,2017-12-26 23:21:24.889614,0,0.0
1245,0.9998,BFX,1,JordanManual,CCCAGG,0.9998,0.9998,0.9998,,1508857200,2017-12-26 23:21:23.208812,0,0.0
1246,0.9998,,1,JordanManual,Bitfinex,0.9998,0.9998,0.9998,BFX,1508857200,2017-12-28 01:09:55.862859,0,0.0
1247,0.9998,,1,JordanManual,CCCAGG,0.9998,0.9998,0.9998,BFX,1508857200,2017-12-28 01:14:48.478985,0,0.0
1248,0.9998,BFX,1,JordanManual,Bitfinex,0.9998,0.9998,0.9998,,1508860800,2017-12-26 23:21:24.889614,0,0.0
1249,0.9998,BFX,1,JordanManual,CCCAGG,0.9998,0.9998,0.9998,,1508860800,2017-12-26 23:21:23.208812,0,0.0
1250,0.9998,BFX,1,JordanManual,CCCAGG,0.9998,0.9998,0.9998,,1508864400,2017-12-26 23:21:23.208812,0,0.0
1251,0.9998,BFX,1,JordanManual,Bitfinex,0.9998,0.9998,0.9998,,1508864400,2017-12-26 23:21:24.889614,0,0.0
1252,0.9998,BFX,1,JordanManual,CCCAGG,0.9998,0.9998,0.9998,,1508868000,2017-12-26 23:21:23.208812,0,0.0
1253,0.9998,BFX,1,JordanManual,Bitfinex,0.9998,0.9998,0.9998,,1508868000,2017-12-26 23:21:24.889614,0,0.0
1254,0.9998,,1,JordanManual,Bitfinex,0.9998,0.9998,0.9998,BFX,1508868000,2017-12-28 01:09:55.862859,0,0.0
1255,0.9998,,1,JordanManual,CCCAGG,0.9998,0.9998,0.9998,BFX,1508868000,2017-12-28 01:14:48.478985,0,0.0
1256,0.9998,BFX,1,JordanManual,Bitfinex,0.9998,0.9998,0.9998,,1508871600,2017-12-26 23:21:24.889614,0,0.0
1257,0.9998,BFX,1,JordanManual,CCCAGG,0.9998,0.9998,0.9998,,1508871600,2017-12-26 23:21:23.208812,0,0.0
1258,0.9998,BFX,1,JordanManual,CCCAGG,0.9998,0.9998,0.9998,,1508875200,2017-12-26 23:21:23.208812,0,0.0
1259,0.9998,BFX,1,JordanManual,Bitfinex,0.9998,0.9998,0.9998,,1508875200,2017-12-26 23:21:24.889614,0,0.0
1260,0.9998,BFX,1,JordanManual,Bitfinex,0.9998,0.9998,0.9998,,1508878800,2017-12-26 23:21:24.889614,0,0.0
1261,0.9998,,1,JordanManual,Bitfinex,0.9998,0.9998,0.9998,BFX,1508878800,2017-12-28 01:09:55.862859,0,0.0
1262,0.9998,,1,JordanManual,CCCAGG,0.9998,0.9998,0.9998,BFX,1508878800,2017-12-28 01:14:48.478985,0,0.0
1263,0.9998,BFX,1,JordanManual,CCCAGG,0.9998,0.9998,0.9998,,1508878800,2017-12-26 23:21:23.208812,0,0.0
1264,0.9998,BFX,1,JordanManual,CCCAGG,0.9998,0.9998,0.9998,,1508882400,2017-12-26 23:21:23.208812,0,0.0
1265,0.9998,BFX,1,JordanManual,Bitfinex,0.9998,0.9998,0.9998,,1508882400,2017-12-26 23:21:24.889614,0,0.0
1266,0.9998,BFX,1,JordanManual,CCCAGG,0.9998,0.9998,0.9998,,1508886000,2017-12-26 23:21:23.208812,0,0.0
1267,0.9998,BFX,1,JordanManual,Bitfinex,0.9998,0.9998,0.9998,,1508886000,2017-12-26 23:21:24.889614,0,0.0
1268,0.9998,,1,JordanManual,CCCAGG,0.9998,0.9998,0.9998,BFX,1508889600,2017-12-28 01:14:48.478985,0,0.0
1269,0.9998,BFX,1,JordanManual,CCCAGG,0.9998,0.9998,0.9998,,1508889600,2017-12-26 23:21:23.208812,0,0.0
1270,0.9998,BFX,1,JordanManual,Bitfinex,0.9998,0.9998,0.9998,,1508889600,2017-12-26 23:21:24.889614,0,0.0
1271,0.9998,,1,JordanManual,Bitfinex,0.9998,0.9998,0.9998,BFX,1508889600,2017-12-28 01:09:55.862859,0,0.0
1272,0.9998,BFX,1,JordanManual,CCCAGG,0.9998,0.9998,0.9998,,1508893200,2017-12-26 23:21:23.208812,0,0.0
1273,0.9998,BFX,1,JordanManual,Bitfinex,0.9998,0.9998,0.9998,,1508893200,2017-12-26 23:21:24.889614,0,0.0
1274,0.9998,BFX,1,JordanManual,CCCAGG,0.9998,0.9998,0.9998,,1508896800,2017-12-26 23:21:23.208812,0,0.0
1275,0.9998,BFX,1,JordanManual,Bitfinex,0.9998,0.9998,0.9998,,1508896800,2017-12-26 23:21:24.889614,0,0.0
1276,0.9998,BFX,1,JordanManual,Bitfinex,0.9998,0.9998,0.9998,,1508900400,2017-12-26 23:21:24.889614,0,0.0
1277,0.9998,BFX,1,JordanManual,CCCAGG,0.9998,0.9998,0.9998,,1508900400,2017-12-26 23:21:23.208812,0,0.0
1278,0.9998,,1,JordanManual,Bitfinex,0.9998,0.9998,0.9998,BFX,1508900400,2017-12-28 01:09:55.862859,0,0.0
1279,0.9998,,1,JordanManual,CCCAGG,0.9998,0.9998,0.9998,BFX,1508900400,2017-12-28 01:14:48.478985,0,0.0
1280,0.9998,BFX,1,JordanManual,CCCAGG,0.9998,0.9998,0.9998,,1508904000,2017-12-26 23:21:23.208812,0,0.0
1281,0.9998,BFX,1,JordanManual,Bitfinex,0.9998,0.9998,0.9998,,1508904000,2017-12-26 23:21:24.889614,0,0.0
1282,0.9998,BFX,1,JordanManual,Bitfinex,0.9998,0.9998,0.9998,,1508907600,2017-12-26 23:21:24.889614,0,0.0
1283,0.9998,BFX,1,JordanManual,CCCAGG,0.9998,0.9998,0.9998,,1508907600,2017-12-26 23:21:23.208812,0,0.0
1284,0.9998,BFX,1,JordanManual,Bitfinex,0.9998,0.9998,0.9998,,1508911200,2017-12-26 23:21:24.889614,0,0.0
1285,0.9998,,1,JordanManual,CCCAGG,0.9998,0.9998,0.9998,BFX,1508911200,2017-12-28 01:14:48.478985,0,0.0
1286,0.9998,,1,JordanManual,Bitfinex,0.9998,0.9998,0.9998,BFX,1508911200,2017-12-28 01:09:55.862859,0,0.0
1287,0.9998,BFX,1,JordanManual,CCCAGG,0.9998,0.9998,0.9998,,1508911200,2017-12-26 23:21:23.208812,0,0.0
1288,0.9998,BFX,1,JordanManual,Bitfinex,0.9998,0.9998,0.9998,,1508914800,2017-12-26 23:21:24.889614,0,0.0
1289,0.9998,BFX,1,JordanManual,CCCAGG,0.9998,0.9998,0.9998,,1508914800,2017-12-26 23:21:23.208812,0,0.0
1290,0.9998,BFX,1,JordanManual,Bitfinex,0.9998,0.9998,0.9998,,1508918400,2017-12-26 23:21:24.889614,0,0.0
1291,0.9998,BFX,1,JordanManual,CCCAGG,0.9998,0.9998,0.9998,,1508918400,2017-12-26 23:21:23.208812,0,0.0
1292,0.9998,BFX,1,JordanManual,Bitfinex,0.9998,0.9998,0.9998,,1508922000,2017-12-26 23:21:24.889614,0,0.0
1293,0.9998,BFX,1,JordanManual,CCCAGG,0.9998,0.9998,0.9998,,1508922000,2017-12-26 23:21:23.208812,0,0.0
1294,0.9998,,1,JordanManual,Bitfinex,0.9998,0.9998,0.9998,BFX,1508922000,2017-12-28 01:09:55.862859,0,0.0
1295,0.9998,,1,JordanManual,CCCAGG,0.9998,0.9998,0.9998,BFX,1508922000,2017-12-28 01:14:48.478985,0,0.0
1296,0.9998,BFX,1,JordanManual,CCCAGG,0.9998,0.9998,0.9998,,1508925600,2017-12-26 23:21:23.208812,0,0.0
1297,0.9998,BFX,1,JordanManual,Bitfinex,0.9998,0.9998,0.9998,,1508925600,2017-12-26 23:21:24.889614,0,0.0
1298,0.9998,BFX,1,JordanManual,Bitfinex,0.9998,0.9998,0.9998,,1508929200,2017-12-26 23:21:24.889614,0,0.0
1299,0.9998,BFX,1,JordanManual,CCCAGG,0.9998,0.9998,0.9998,,1508929200,2017-12-26 23:21:23.208812,0,0.0
1300,0.9998,,1,JordanManual,Bitfinex,0.9998,0.9998,0.9998,BFX,1508932800,2017-12-28 01:09:55.862859,0,0.0
1301,0.9998,,1,JordanManual,CCCAGG,0.9998,0.9998,0.9998,BFX,1508932800,2017-12-28 01:14:48.478985,0,0.0
1302,0.9998,BFX,1,JordanManual,Bitfinex,0.9998,0.9998,0.9998,,1508932800,2017-12-26 23:21:24.889614,0,0.0
1303,0.9998,BFX,1,JordanManual,CCCAGG,0.9998,0.9998,0.9998,,1508932800,2017-12-26 23:21:23.208812,0,0.0
1304,0.9998,BFX,1,JordanManual,Bitfinex,0.9998,0.9998,0.9998,,1508936400,2017-12-26 23:21:24.889614,0,0.0
1305,0.9998,BFX,1,JordanManual,CCCAGG,0.9998,0.9998,0.9998,,1508936400,2017-12-26 23:21:23.208812,0,0.0
1306,0.9998,BFX,1,JordanManual,Bitfinex,0.9998,0.9998,0.9998,,1508940000,2017-12-26 23:21:24.889614,0,0.0
1307,0.9998,BFX,1,JordanManual,CCCAGG,0.9998,0.9998,0.9998,,1508940000,2017-12-26 23:21:23.208812,0,0.0
1308,0.9998,,1,JordanManual,CCCAGG,0.9998,0.9998,0.9998,BFX,1508943600,2017-12-28 01:14:48.478985,0,0.0
1309,0.9998,BFX,1,JordanManual,Bitfinex,0.9998,0.9998,0.9998,,1508943600,2017-12-26 23:21:24.889614,0,0.0
1310,0.9998,,1,JordanManual,Bitfinex,0.9998,0.9998,0.9998,BFX,1508943600,2017-12-28 01:09:55.862859,0,0.0
1311,0.9998,BFX,1,JordanManual,CCCAGG,0.9998,0.9998,0.9998,,1508943600,2017-12-26 23:21:23.208812,0,0.0
1312,0.9998,BFX,1,JordanManual,Bitfinex,0.9998,0.9998,0.9998,,1508947200,2017-12-26 23:21:24.889614,0,0.0
1313,0.9998,BFX,1,JordanManual,CCCAGG,0.9998,0.9998,0.9998,,1508947200,2017-12-26 23:21:23.208812,0,0.0
1314,0.9998,BFX,1,JordanManual,CCCAGG,0.9998,0.9998,0.9998,,1508950800,2017-12-26 23:21:23.208812,0,0.0
1315,0.9998,BFX,1,JordanManual,Bitfinex,0.9998,0.9998,0.9998,,1508950800,2017-12-26 23:21:24.889614,0,0.0
1316,0.9998,,1,JordanManual,CCCAGG,0.9998,0.9998,0.9998,BFX,1508954400,2017-12-28 01:14:48.478985,0,0.0
1317,0.9998,,1,JordanManual,Bitfinex,0.9998,0.9998,0.9998,BFX,1508954400,2017-12-28 01:09:55.862859,0,0.0
1318,0.9998,BFX,1,JordanManual,Bitfinex,0.9998,0.9998,0.9998,,1508954400,2017-12-26 23:21:24.889614,0,0.0
1319,0.9998,BFX,1,JordanManual,CCCAGG,0.9998,0.9998,0.9998,,1508954400,2017-12-26 23:21:23.208812,0,0.0
1320,0.9998,BFX,1,JordanManual,CCCAGG,0.9998,0.9998,0.9998,,1508958000,2017-12-26 23:21:23.208812,0,0.0
1321,0.9998,BFX,1,JordanManual,Bitfinex,0.9998,0.9998,0.9998,,1508958000,2017-12-26 23:21:24.889614,0,0.0
1322,0.9998,BFX,1,JordanManual,CCCAGG,0.9998,0.9998,0.9998,,1508961600,2017-12-26 23:21:23.208812,0,0.0
1323,0.9998,BFX,1,JordanManual,Bitfinex,0.9998,0.9998,0.9998,,1508961600,2017-12-26 23:21:24.889614,0,0.0
1324,0.9998,,1,JordanManual,Bitfinex,0.9998,0.9998,0.9998,BFX,1508965200,2017-12-28 01:09:55.862859,0,0.0
1325,0.9998,BFX,1,JordanManual,CCCAGG,0.9998,0.9998,0.9998,,1508965200,2017-12-26 23:21:23.208812,0,0.0
1326,0.9998,,1,JordanManual,CCCAGG,0.9998,0.9998,0.9998,BFX,1508965200,2017-12-28 01:14:48.478985,0,0.0
1327,0.9998,BFX,1,JordanManual,Bitfinex,0.9998,0.9998,0.9998,,1508965200,2017-12-26 23:21:24.889614,0,0.0
1328,0.9998,BFX,1,JordanManual,Bitfinex,0.9998,0.9998,0.9998,,1508968800,2017-12-26 23:21:24.889614,0,0.0
1329,0.9998,BFX,1,JordanManual,CCCAGG,0.9998,0.9998,0.9998,,1508968800,2017-12-26 23:21:23.208812,0,0.0
1330,0.9998,BFX,1,JordanManual,Bitfinex,0.9998,0.9998,0.9998,,1508972400,2017-12-26 23:21:24.889614,0,0.0
1331,0.9998,BFX,1,JordanManual,CCCAGG,0.9998,0.9998,0.9998,,1508972400,2017-12-26 23:21:23.208812,0,0.0
1332,0.9998,,1,JordanManual,Bitfinex,0.9998,0.9998,0.9998,BFX,1508976000,2017-12-28 01:09:55.862859,0,0.0
1333,0.9998,BFX,1,JordanManual,CCCAGG,0.9998,0.9998,0.9998,,1508976000,2017-12-26 23:21:23.208812,0,0.0
1334,0.9998,BFX,1,JordanManual,Bitfinex,0.9998,0.9998,0.9998,,1508976000,2017-12-26 23:21:24.889614,0,0.0
1335,0.9998,,1,JordanManual,CCCAGG,0.9998,0.9998,0.9998,BFX,1508976000,2017-12-28 01:14:48.478985,0,0.0
1336,0.9998,BFX,1,JordanManual,Bitfinex,0.9998,0.9998,0.9998,,1508979600,2017-12-26 23:21:24.889614,0,0.0
1337,0.9998,BFX,1,JordanManual,CCCAGG,0.9998,0.9998,0.9998,,1508979600,2017-12-26 23:21:23.208812,0,0.0
1338,0.9998,BFX,1,JordanManual,CCCAGG,0.9998,0.9998,0.9998,,1508983200,2017-12-26 23:21:23.208812,0,0.0
1339,0.9998,BFX,1,JordanManual,Bitfinex,0.9998,0.9998,0.9998,,1508983200,2017-12-26 23:21:24.889614,0,0.0
1340,0.9998,,1,JordanManual,Bitfinex,0.9998,0.9998,0.9998,BFX,1508986800,2017-12-28 01:09:55.862859,0,0.0
1341,0.9998,BFX,1,JordanManual,Bitfinex,0.9998,0.9998,0.9998,,1508986800,2017-12-26 23:21:24.889614,0,0.0
1342,0.9998,,1,JordanManual,CCCAGG,0.9998,0.9998,0.9998,BFX,1508986800,2017-12-28 01:14:48.478985,0,0.0
1343,0.9998,BFX,1,JordanManual,CCCAGG,0.9998,0.9998,0.9998,,1508986800,2017-12-26 23:21:23.208812,0,0.0
1344,0.9998,BFX,1,JordanManual,Bitfinex,0.9998,0.9998,0.9998,,1508990400,2017-12-26 23:21:24.889614,0,0.0
1345,0.9998,BFX,1,JordanManual,CCCAGG,0.9998,0.9998,0.9998,,1508990400,2017-12-26 23:21:23.208812,0,0.0
1346,0.9998,BFX,1,JordanManual,CCCAGG,0.9998,0.9998,0.9998,,1508994000,2017-12-26 23:21:23.208812,0,0.0
1347,0.9998,BFX,1,JordanManual,Bitfinex,0.9998,0.9998,0.9998,,1508994000,2017-12-26 23:21:24.889614,0,0.0
1348,0.9998,,1,JordanManual,CCCAGG,0.9998,0.9998,0.9998,BFX,1508997600,2017-12-28 01:14:48.478985,0,0.0
1349,0.9998,BFX,1,JordanManual,CCCAGG,0.9998,0.9998,0.9998,,1508997600,2017-12-26 23:21:23.208812,0,0.0
1350,0.9998,BFX,1,JordanManual,Bitfinex,0.9998,0.9998,0.9998,,1508997600,2017-12-26 23:21:24.889614,0,0.0
1351,0.9998,,1,JordanManual,Bitfinex,0.9998,0.9998,0.9998,BFX,1508997600,2017-12-28 01:09:55.862859,0,0.0
1352,0.9998,BFX,1,JordanManual,Bitfinex,0.9998,0.9998,0.9998,,1509001200,2017-12-26 23:21:24.889614,0,0.0
1353,0.9998,BFX,1,JordanManual,CCCAGG,0.9998,0.9998,0.9998,,1509001200,2017-12-26 23:21:23.208812,0,0.0
1354,0.9998,BFX,1,JordanManual,Bitfinex,0.9998,0.9998,0.9998,,1509004800,2017-12-26 23:21:24.889614,0,0.0
1355,0.9998,BFX,1,JordanManual,CCCAGG,0.9998,0.9998,0.9998,,1509004800,2017-12-26 23:21:23.208812,0,0.0
1356,0.9998,,1,JordanManual,CCCAGG,0.9998,0.9998,0.9998,BFX,1509008400,2017-12-28 01:14:48.478985,0,0.0
1357,0.9998,,1,JordanManual,Bitfinex,0.9998,0.9998,0.9998,BFX,1509008400,2017-12-28 01:09:55.862859,0,0.0
1358,0.9998,BFX,1,JordanManual,Bitfinex,0.9998,0.9998,0.9998,,1509008400,2017-12-26 23:21:24.889614,0,0.0
1359,0.9998,BFX,1,JordanManual,CCCAGG,0.9998,0.9998,0.9998,,1509008400,2017-12-26 23:21:23.208812,0,0.0
1360,0.9998,BFX,1,JordanManual,Bitfinex,0.9998,0.9998,0.9998,,1509012000,2017-12-26 23:21:24.889614,0,0.0
1361,0.9998,BFX,1,JordanManual,CCCAGG,0.9998,0.9998,0.9998,,1509012000,2017-12-26 23:21:23.208812,0,0.0
1362,0.9998,BFX,1,JordanManual,Bitfinex,0.9998,0.9998,0.9998,,1509015600,2017-12-26 23:21:24.889614,0,0.0
1363,0.9998,BFX,1,JordanManual,CCCAGG,0.9998,0.9998,0.9998,,1509015600,2017-12-26 23:21:23.208812,0,0.0
1364,0.9998,,1,JordanManual,CCCAGG,0.9998,0.9998,0.9998,BFX,1509019200,2017-12-28 01:14:48.478985,0,0.0
1365,0.9998,BFX,1,JordanManual,Bitfinex,0.9998,0.9998,0.9998,,1509019200,2017-12-26 23:21:24.889614,0,0.0
1366,0.9998,BFX,1,JordanManual,CCCAGG,0.9998,0.9998,0.9998,,1509019200,2017-12-26 23:21:23.208812,0,0.0
1367,0.9998,,1,JordanManual,Bitfinex,0.9998,0.9998,0.9998,BFX,1509019200,2017-12-28 01:09:55.862859,0,0.0
1368,0.9998,BFX,1,JordanManual,Bitfinex,0.9998,0.9998,0.9998,,1509022800,2017-12-26 23:21:24.889614,0,0.0
1369,0.9998,BFX,1,JordanManual,CCCAGG,0.9998,0.9998,0.9998,,1509022800,2017-12-26 23:21:23.208812,0,0.0
1370,0.9998,BFX,1,JordanManual,CCCAGG,0.9998,0.9998,0.9998,,1509026400,2017-12-26 23:21:23.208812,0,0.0
1371,0.9998,BFX,1,JordanManual,Bitfinex,0.9998,0.9998,0.9998,,1509026400,2017-12-26 23:21:24.889614,0,0.0
1372,0.9998,,1,JordanManual,Bitfinex,0.9998,0.9998,0.9998,BFX,1509030000,2017-12-28 01:09:55.862859,0,0.0
1373,0.9998,,1,JordanManual,CCCAGG,0.9998,0.9998,0.9998,BFX,1509030000,2017-12-28 01:14:48.478985,0,0.0
1374,0.9998,BFX,1,JordanManual,CCCAGG,0.9998,0.9998,0.9998,,1509030000,2017-12-26 23:21:23.208812,0,0.0
1375,0.9998,BFX,1,JordanManual,Bitfinex,0.9998,0.9998,0.9998,,1509030000,2017-12-26 23:21:24.889614,0,0.0
1376,0.9998,BFX,1,JordanManual,CCCAGG,0.9998,0.9998,0.9998,,1509033600,2017-12-26 23:21:23.208812,0,0.0
1377,0.9998,BFX,1,JordanManual,Bitfinex,0.9998,0.9998,0.9998,,1509033600,2017-12-26 23:21:24.889614,0,0.0
1378,0.9998,BFX,1,JordanManual,CCCAGG,0.9998,0.9998,0.9998,,1509037200,2017-12-26 23:21:23.208812,0,0.0
1379,0.9998,BFX,1,JordanManual,Bitfinex,0.9998,0.9998,0.9998,,1509037200,2017-12-26 23:21:24.889614,0,0.0
1380,0.9998,,1,JordanManual,CCCAGG,0.9998,0.9998,0.9998,BFX,1509040800,2017-12-28 01:14:48.478985,0,0.0
1381,0.9998,,1,JordanManual,Bitfinex,0.9998,0.9998,0.9998,BFX,1509040800,2017-12-28 01:09:55.862859,0,0.0
1382,0.9998,BFX,1,JordanManual,Bitfinex,0.9998,0.9998,0.9998,,1509040800,2017-12-26 23:21:24.889614,0,0.0
1383,0.9998,BFX,1,JordanManual,CCCAGG,0.9998,0.9998,0.9998,,1509040800,2017-12-26 23:21:23.208812,0,0.0
1384,0.9998,BFX,1,JordanManual,CCCAGG,0.9998,0.9998,0.9998,,1509044400,2017-12-26 23:21:23.208812,0,0.0
1385,0.9998,BFX,1,JordanManual,Bitfinex,0.9998,0.9998,0.9998,,1509044400,2017-12-26 23:21:24.889614,0,0.0
1386,0.9998,BFX,1,JordanManual,Bitfinex,0.9998,0.9998,0.9998,,1509048000,2017-12-26 23:21:24.889614,0,0.0
1387,0.9998,BFX,1,JordanManual,CCCAGG,0.9998,0.9998,0.9998,,1509048000,2017-12-26 23:21:23.208812,0,0.0
1388,0.9998,,1,JordanManual,CCCAGG,0.9998,0.9998,0.9998,BFX,1509051600,2017-12-28 01:14:48.478985,0,0.0
1389,0.9998,,1,JordanManual,Bitfinex,0.9998,0.9998,0.9998,BFX,1509051600,2017-12-28 01:09:55.862859,0,0.0
1390,0.9998,BFX,1,JordanManual,Bitfinex,0.9998,0.9998,0.9998,,1509051600,2017-12-26 23:21:24.889614,0,0.0
1391,0.9998,BFX,1,JordanManual,CCCAGG,0.9998,0.9998,0.9998,,1509051600,2017-12-26 23:21:23.208812,0,0.0
1392,0.9998,BFX,1,JordanManual,CCCAGG,0.9998,0.9998,0.9998,,1509055200,2017-12-26 23:21:23.208812,0,0.0
1393,0.9998,BFX,1,JordanManual,Bitfinex,0.9998,0.9998,0.9998,,1509055200,2017-12-26 23:21:24.889614,0,0.0
1394,0.9998,BFX,1,JordanManual,CCCAGG,0.9998,0.9998,0.9998,,1509058800,2017-12-26 23:21:23.208812,0,0.0
1395,0.9998,BFX,1,JordanManual,Bitfinex,0.9998,0.9998,0.9998,,1509058800,2017-12-26 23:21:24.889614,0,0.0
1396,0.9998,,1,JordanManual,Bitfinex,0.9998,0.9998,0.9998,BFX,1509062400,2017-12-28 01:09:55.862859,0,0.0
1397,0.9998,BFX,1,JordanManual,Bitfinex,0.9998,0.9998,0.9998,,1509062400,2017-12-26 23:21:24.889614,0,0.0
1398,0.9998,BFX,1,JordanManual,CCCAGG,0.9998,0.9998,0.9998,,1509062400,2017-12-26 23:21:23.208812,0,0.0
1399,0.9998,,1,JordanManual,CCCAGG,0.9998,0.9998,0.9998,BFX,1509062400,2017-12-28 01:14:48.478985,0,0.0
1400,0.9998,BFX,1,JordanManual,Bitfinex,0.9998,0.9998,0.9998,,1509066000,2017-12-26 23:21:24.889614,0,0.0
1401,0.9998,BFX,1,JordanManual,CCCAGG,0.9998,0.9998,0.9998,,1509066000,2017-12-26 23:21:23.208812,0,0.0
1402,0.9998,BFX,1,JordanManual,Bitfinex,0.9998,0.9998,0.9998,,1509069600,2017-12-26 23:21:24.889614,0,0.0
1403,0.9998,BFX,1,JordanManual,CCCAGG,0.9998,0.9998,0.9998,,1509069600,2017-12-26 23:21:23.208812,0,0.0
1404,0.9998,BFX,1,JordanManual,Bitfinex,0.9998,0.9998,0.9998,,1509073200,2017-12-26 23:21:24.889614,0,0.0
1405,0.9998,,1,JordanManual,Bitfinex,0.9998,0.9998,0.9998,BFX,1509073200,2017-12-28 01:09:55.862859,0,0.0
1406,0.9998,,1,JordanManual,CCCAGG,0.9998,0.9998,0.9998,BFX,1509073200,2017-12-28 01:14:48.478985,0,0.0
1407,0.9998,BFX,1,JordanManual,CCCAGG,0.9998,0.9998,0.9998,,1509073200,2017-12-26 23:21:23.208812,0,0.0
1408,0.9998,BFX,1,JordanManual,Bitfinex,0.9998,0.9998,0.9998,,1509076800,2017-12-26 23:21:24.889614,0,0.0
1409,0.9998,BFX,1,JordanManual,CCCAGG,0.9998,0.9998,0.9998,,1509076800,2017-12-26 23:21:23.208812,0,0.0
1410,0.9998,BFX,1,JordanManual,CCCAGG,0.9998,0.9998,0.9998,,1509080400,2017-12-26 23:21:23.208812,0,0.0
1411,0.9998,BFX,1,JordanManual,Bitfinex,0.9998,0.9998,0.9998,,1509080400,2017-12-26 23:21:24.889614,0,0.0
1412,0.9998,,1,JordanManual,Bitfinex,0.9998,0.9998,0.9998,BFX,1509084000,2017-12-28 01:09:55.862859,0,0.0
1413,0.9998,BFX,1,JordanManual,Bitfinex,0.9998,0.9998,0.9998,,1509084000,2017-12-26 23:21:24.889614,0,0.0
1414,0.9998,BFX,1,JordanManual,CCCAGG,0.9998,0.9998,0.9998,,1509084000,2017-12-26 23:21:23.208812,0,0.0
1415,0.9998,,1,JordanManual,CCCAGG,0.9998,0.9998,0.9998,BFX,1509084000,2017-12-28 01:14:48.478985,0,0.0
1416,0.9998,BFX,1,JordanManual,CCCAGG,0.9998,0.9998,0.9998,,1509087600,2017-12-26 23:21:23.208812,0,0.0
1417,0.9998,BFX,1,JordanManual,Bitfinex,0.9998,0.9998,0.9998,,1509087600,2017-12-26 23:21:24.889614,0,0.0
1418,0.9998,BFX,1,JordanManual,Bitfinex,0.9998,0.9998,0.9998,,1509091200,2017-12-26 23:21:24.889614,0,0.0
1419,0.9998,BFX,1,JordanManual,CCCAGG,0.9998,0.9998,0.9998,,1509091200,2017-12-26 23:21:23.208812,0,0.0
1420,0.9998,BFX,1,JordanManual,CCCAGG,0.9998,0.9998,0.9998,,1509094800,2017-12-26 23:21:23.208812,0,0.0
1421,0.9998,BFX,1,JordanManual,Bitfinex,0.9998,0.9998,0.9998,,1509094800,2017-12-26 23:21:24.889614,0,0.0
1422,0.9998,,1,JordanManual,Bitfinex,0.9998,0.9998,0.9998,BFX,1509094800,2017-12-28 01:09:55.862859,0,0.0
1423,0.9998,,1,JordanManual,CCCAGG,0.9998,0.9998,0.9998,BFX,1509094800,2017-12-28 01:14:48.478985,0,0.0
1424,0.9998,BFX,1,JordanManual,CCCAGG,0.9998,0.9998,0.9998,,1509098400,2017-12-26 23:21:23.208812,0,0.0
1425,0.9998,BFX,1,JordanManual,Bitfinex,0.9998,0.9998,0.9998,,1509098400,2017-12-26 23:21:24.889614,0,0.0
1426,0.9998,BFX,1,JordanManual,CCCAGG,0.9998,0.9998,0.9998,,1509102000,2017-12-26 23:21:23.208812,0,0.0
1427,0.9998,BFX,1,JordanManual,Bitfinex,0.9998,0.9998,0.9998,,1509102000,2017-12-26 23:21:24.889614,0,0.0
1428,0.9998,BFX,1,JordanManual,CCCAGG,0.9998,0.9998,0.9998,,1509105600,2017-12-26 23:21:23.208812,0,0.0
1429,0.9998,,1,JordanManual,Bitfinex,0.9998,0.9998,0.9998,BFX,1509105600,2017-12-28 01:09:55.862859,0,0.0
1430,0.9998,BFX,1,JordanManual,Bitfinex,0.9998,0.9998,0.9998,,1509105600,2017-12-26 23:21:24.889614,0,0.0
1431,0.9998,,1,JordanManual,CCCAGG,0.9998,0.9998,0.9998,BFX,1509105600,2017-12-28 01:14:48.478985,0,0.0
1432,0.9998,BFX,1,JordanManual,CCCAGG,0.9998,0.9998,0.9998,,1509109200,2017-12-26 23:21:23.208812,0,0.0
1433,0.9998,BFX,1,JordanManual,Bitfinex,0.9998,0.9998,0.9998,,1509109200,2017-12-26 23:21:24.889614,0,0.0
1434,0.9998,BFX,1,JordanManual,CCCAGG,0.9998,0.9998,0.9998,,1509112800,2017-12-26 23:21:23.208812,0,0.0
1435,0.9998,BFX,1,JordanManual,Bitfinex,0.9998,0.9998,0.9998,,1509112800,2017-12-26 23:21:24.889614,0,0.0
1436,0.9998,,1,JordanManual,CCCAGG,0.9998,0.9998,0.9998,BFX,1509116400,2017-12-28 01:14:48.478985,0,0.0
1437,0.9998,,1,JordanManual,Bitfinex,0.9998,0.9998,0.9998,BFX,1509116400,2017-12-28 01:09:55.862859,0,0.0
1438,0.9998,BFX,1,JordanManual,Bitfinex,0.9998,0.9998,0.9998,,1509116400,2017-12-26 23:21:24.889614,0,0.0
1439,0.9998,BFX,1,JordanManual,CCCAGG,0.9998,0.9998,0.9998,,1509116400,2017-12-26 23:21:23.208812,0,0.0
1440,0.9998,BFX,1,JordanManual,Bitfinex,0.9998,0.9998,0.9998,,1509120000,2017-12-26 23:21:24.889614,0,0.0
1441,0.9998,BFX,1,JordanManual,CCCAGG,0.9998,0.9998,0.9998,,1509120000,2017-12-26 23:21:23.208812,0,0.0
1442,0.9998,BFX,1,JordanManual,Bitfinex,0.9998,0.9998,0.9998,,1509123600,2017-12-26 23:21:24.889614,0,0.0
1443,0.9998,BFX,1,JordanManual,CCCAGG,0.9998,0.9998,0.9998,,1509123600,2017-12-26 23:21:23.208812,0,0.0
1444,0.9998,,1,JordanManual,Bitfinex,0.9998,0.9998,0.9998,BFX,1509127200,2017-12-28 01:09:55.862859,0,0.0
1445,0.9998,BFX,1,JordanManual,CCCAGG,0.9998,0.9998,0.9998,,1509127200,2017-12-26 23:21:23.208812,0,0.0
1446,0.9998,BFX,1,JordanManual,Bitfinex,0.9998,0.9998,0.9998,,1509127200,2017-12-26 23:21:24.889614,0,0.0
1447,0.9998,,1,JordanManual,CCCAGG,0.9998,0.9998,0.9998,BFX,1509127200,2017-12-28 01:14:48.478985,0,0.0
1448,0.9998,BFX,1,JordanManual,Bitfinex,0.9998,0.9998,0.9998,,1509130800,2017-12-26 23:21:24.889614,0,0.0
1449,0.9998,BFX,1,JordanManual,CCCAGG,0.9998,0.9998,0.9998,,1509130800,2017-12-26 23:21:23.208812,0,0.0
1450,0.9998,BFX,1,JordanManual,CCCAGG,0.9998,0.9998,0.9998,,1509134400,2017-12-26 23:21:23.208812,0,0.0
1451,0.9998,BFX,1,JordanManual,Bitfinex,0.9998,0.9998,0.9998,,1509134400,2017-12-26 23:21:24.889614,0,0.0
1452,0.9998,,1,JordanManual,CCCAGG,0.9998,0.9998,0.9998,BFX,1509138000,2017-12-28 01:14:48.478985,0,0.0
1453,0.9998,,1,JordanManual,Bitfinex,0.9998,0.9998,0.9998,BFX,1509138000,2017-12-28 01:09:55.862859,0,0.0
1454,0.9998,BFX,1,JordanManual,CCCAGG,0.9998,0.9998,0.9998,,1509138000,2017-12-26 23:21:23.208812,0,0.0
1455,0.9998,BFX,1,JordanManual,Bitfinex,0.9998,0.9998,0.9998,,1509138000,2017-12-26 23:21:24.889614,0,0.0
1456,0.9998,BFX,1,JordanManual,CCCAGG,0.9998,0.9998,0.9998,,1509141600,2017-12-26 23:21:23.208812,0,0.0
1457,0.9998,BFX,1,JordanManual,Bitfinex,0.9998,0.9998,0.9998,,1509141600,2017-12-26 23:21:24.889614,0,0.0
1458,0.9998,BFX,1,JordanManual,CCCAGG,0.9998,0.9998,0.9998,,1509145200,2017-12-26 23:21:23.208812,0,0.0
1459,0.9998,BFX,1,JordanManual,Bitfinex,0.9998,0.9998,0.9998,,1509145200,2017-12-26 23:21:24.889614,0,0.0
1460,0.9998,BFX,1,JordanManual,Bitfinex,0.9998,0.9998,0.9998,,1509148800,2017-12-26 23:21:24.889614,0,0.0
1461,0.9998,BFX,1,JordanManual,CCCAGG,0.9998,0.9998,0.9998,,1509148800,2017-12-26 23:21:23.208812,0,0.0
1462,0.9998,,1,JordanManual,Bitfinex,0.9998,0.9998,0.9998,BFX,1509148800,2017-12-28 01:09:55.862859,0,0.0
1463,0.9998,,1,JordanManual,CCCAGG,0.9998,0.9998,0.9998,BFX,1509148800,2017-12-28 01:14:48.478985,0,0.0
1464,0.9998,BFX,1,JordanManual,Bitfinex,0.9998,0.9998,0.9998,,1509152400,2017-12-26 23:21:24.889614,0,0.0
1465,0.9998,BFX,1,JordanManual,CCCAGG,0.9998,0.9998,0.9998,,1509152400,2017-12-26 23:21:23.208812,0,0.0
1466,0.9998,BFX,1,JordanManual,Bitfinex,0.9998,0.9998,0.9998,,1509156000,2017-12-26 23:21:24.889614,0,0.0
1467,0.9998,BFX,1,JordanManual,CCCAGG,0.9998,0.9998,0.9998,,1509156000,2017-12-26 23:21:23.208812,0,0.0
1468,0.9998,BFX,1,JordanManual,Bitfinex,0.9998,0.9998,0.9998,,1509159600,2017-12-26 23:21:24.889614,0,0.0
1469,0.9998,,1,JordanManual,CCCAGG,0.9998,0.9998,0.9998,BFX,1509159600,2017-12-28 01:14:48.478985,0,0.0
1470,0.9998,BFX,1,JordanManual,CCCAGG,0.9998,0.9998,0.9998,,1509159600,2017-12-26 23:21:23.208812,0,0.0
1471,0.9998,,1,JordanManual,Bitfinex,0.9998,0.9998,0.9998,BFX,1509159600,2017-12-28 01:09:55.862859,0,0.0
1472,0.9998,BFX,1,JordanManual,Bitfinex,0.9998,0.9998,0.9998,,1509163200,2017-12-26 23:21:24.889614,0,0.0
1473,0.9998,BFX,1,JordanManual,CCCAGG,0.9998,0.9998,0.9998,,1509163200,2017-12-26 23:21:23.208812,0,0.0
1474,0.9998,BFX,1,JordanManual,CCCAGG,0.9998,0.9998,0.9998,,1509166800,2017-12-26 23:21:23.208812,0,0.0
1475,0.9998,BFX,1,JordanManual,Bitfinex,0.9998,0.9998,0.9998,,1509166800,2017-12-26 23:21:24.889614,0,0.0
1476,0.9998,,1,JordanManual,CCCAGG,0.9998,0.9998,0.9998,BFX,1509170400,2017-12-28 01:14:48.478985,0,0.0
1477,0.9998,BFX,1,JordanManual,CCCAGG,0.9998,0.9998,0.9998,,1509170400,2017-12-26 23:21:23.208812,0,0.0
1478,0.9998,,1,JordanManual,Bitfinex,0.9998,0.9998,0.9998,BFX,1509170400,2017-12-28 01:09:55.862859,0,0.0
1479,0.9998,BFX,1,JordanManual,Bitfinex,0.9998,0.9998,0.9998,,1509170400,2017-12-26 23:21:24.889614,0,0.0
1480,0.9998,BFX,1,JordanManual,CCCAGG,0.9998,0.9998,0.9998,,1509174000,2017-12-26 23:21:23.208812,0,0.0
1481,0.9998,BFX,1,JordanManual,Bitfinex,0.9998,0.9998,0.9998,,1509174000,2017-12-26 23:21:24.889614,0,0.0
1482,0.9998,BFX,1,JordanManual,CCCAGG,0.9998,0.9998,0.9998,,1509177600,2017-12-26 23:21:23.208812,0,0.0
1483,0.9998,BFX,1,JordanManual,Bitfinex,0.9998,0.9998,0.9998,,1509177600,2017-12-26 23:21:24.889614,0,0.0
1484,0.9998,,1,JordanManual,CCCAGG,0.9998,0.9998,0.9998,BFX,1509181200,2017-12-28 01:14:48.478985,0,0.0
1485,0.9998,BFX,1,JordanManual,Bitfinex,0.9998,0.9998,0.9998,,1509181200,2017-12-26 23:21:24.889614,0,0.0
1486,0.9998,,1,JordanManual,Bitfinex,0.9998,0.9998,0.9998,BFX,1509181200,2017-12-28 01:09:55.862859,0,0.0
1487,0.9998,BFX,1,JordanManual,CCCAGG,0.9998,0.9998,0.9998,,1509181200,2017-12-26 23:21:23.208812,0,0.0
1488,0.9998,BFX,1,JordanManual,Bitfinex,0.9998,0.9998,0.9998,,1509184800,2017-12-26 23:21:24.889614,0,0.0
1489,0.9998,BFX,1,JordanManual,CCCAGG,0.9998,0.9998,0.9998,,1509184800,2017-12-26 23:21:23.208812,0,0.0
1490,0.9998,BFX,1,JordanManual,CCCAGG,0.9998,0.9998,0.9998,,1509188400,2017-12-26 23:21:23.208812,0,0.0
1491,0.9998,BFX,1,JordanManual,Bitfinex,0.9998,0.9998,0.9998,,1509188400,2017-12-26 23:21:24.889614,0,0.0
1492,0.9998,,1,JordanManual,Bitfinex,0.9998,0.9998,0.9998,BFX,1509192000,2017-12-28 01:09:55.862859,0,0.0
1493,0.9998,BFX,1,JordanManual,CCCAGG,0.9998,0.9998,0.9998,,1509192000,2017-12-26 23:21:23.208812,0,0.0
1494,0.9998,,1,JordanManual,CCCAGG,0.9998,0.9998,0.9998,BFX,1509192000,2017-12-28 01:14:48.478985,0,0.0
1495,0.9998,BFX,1,JordanManual,Bitfinex,0.9998,0.9998,0.9998,,1509192000,2017-12-26 23:21:24.889614,0,0.0
1496,0.9998,BFX,1,JordanManual,Bitfinex,0.9998,0.9998,0.9998,,1509195600,2017-12-26 23:21:24.889614,0,0.0
1497,0.9998,BFX,1,JordanManual,CCCAGG,0.9998,0.9998,0.9998,,1509195600,2017-12-26 23:21:23.208812,0,0.0
1498,0.9998,BFX,1,JordanManual,CCCAGG,0.9998,0.9998,0.9998,,1509199200,2017-12-26 23:21:23.208812,0,0.0
1499,0.9998,BFX,1,JordanManual,Bitfinex,0.9998,0.9998,0.9998,,1509199200,2017-12-26 23:21:24.889614,0,0.0
1500,0.9998,BFX,1,JordanManual,CCCAGG,0.9998,0.9998,0.9998,,1509202800,2017-12-26 23:21:23.208812,0,0.0
1501,0.9998,BFX,1,JordanManual,Bitfinex,0.9998,0.9998,0.9998,,1509202800,2017-12-26 23:21:24.889614,0,0.0
1502,0.9998,,1,JordanManual,Bitfinex,0.9998,0.9998,0.9998,BFX,1509202800,2017-12-28 01:09:55.862859,0,0.0
1503,0.9998,,1,JordanManual,CCCAGG,0.9998,0.9998,0.9998,BFX,1509202800,2017-12-28 01:14:48.478985,0,0.0
1504,0.9998,BFX,1,JordanManual,CCCAGG,0.9998,0.9998,0.9998,,1509206400,2017-12-26 23:21:23.208812,0,0.0
1505,0.9998,BFX,1,JordanManual,Bitfinex,0.9998,0.9998,0.9998,,1509206400,2017-12-26 23:21:24.889614,0,0.0
1506,0.9998,BFX,1,JordanManual,CCCAGG,0.9998,0.9998,0.9998,,1509210000,2017-12-26 23:21:23.208812,0,0.0
1507,0.9998,BFX,1,JordanManual,Bitfinex,0.9998,0.9998,0.9998,,1509210000,2017-12-26 23:21:24.889614,0,0.0
1508,0.9998,BFX,1,JordanManual,CCCAGG,0.9998,0.9998,0.9998,,1509213600,2017-12-26 23:21:23.208812,0,0.0
1509,0.9998,BFX,1,JordanManual,Bitfinex,0.9998,0.9998,0.9998,,1509213600,2017-12-26 23:21:24.889614,0,0.0
1510,0.9998,,1,JordanManual,CCCAGG,0.9998,0.9998,0.9998,BFX,1509213600,2017-12-28 01:14:48.478985,0,0.0
1511,0.9998,,1,JordanManual,Bitfinex,0.9998,0.9998,0.9998,BFX,1509213600,2017-12-28 01:09:55.862859,0,0.0
1512,0.9998,BFX,1,JordanManual,CCCAGG,0.9998,0.9998,0.9998,,1509217200,2017-12-26 23:21:23.208812,0,0.0
1513,0.9998,BFX,1,JordanManual,Bitfinex,0.9998,0.9998,0.9998,,1509217200,2017-12-26 23:21:24.889614,0,0.0
1514,0.9998,BFX,1,JordanManual,Bitfinex,0.9998,0.9998,0.9998,,1509220800,2017-12-26 23:21:24.889614,0,0.0
1515,0.9998,BFX,1,JordanManual,CCCAGG,0.9998,0.9998,0.9998,,1509220800,2017-12-26 23:21:23.208812,0,0.0
1516,0.9998,BFX,1,JordanManual,CCCAGG,0.9998,0.9998,0.9998,,1509224400,2017-12-26 23:21:23.208812,0,0.0
1517,0.9998,,1,JordanManual,CCCAGG,0.9998,0.9998,0.9998,BFX,1509224400,2017-12-28 01:14:48.478985,0,0.0
1518,0.9998,,1,JordanManual,Bitfinex,0.9998,0.9998,0.9998,BFX,1509224400,2017-12-28 01:09:55.862859,0,0.0
1519,0.9998,BFX,1,JordanManual,Bitfinex,0.9998,0.9998,0.9998,,1509224400,2017-12-26 23:21:24.889614,0,0.0
1520,0.9998,BFX,1,JordanManual,CCCAGG,0.9998,0.9998,0.9998,,1509228000,2017-12-26 23:21:23.208812,0,0.0
1521,0.9998,BFX,1,JordanManual,Bitfinex,0.9998,0.9998,0.9998,,1509228000,2017-12-26 23:21:24.889614,0,0.0
1522,0.9998,BFX,1,JordanManual,Bitfinex,0.9998,0.9998,0.9998,,1509231600,2017-12-26 23:21:24.889614,0,0.0
1523,0.9998,BFX,1,JordanManual,CCCAGG,0.9998,0.9998,0.9998,,1509231600,2017-12-26 23:21:23.208812,0,0.0
1524,0.9998,,1,JordanManual,Bitfinex,0.9998,0.9998,0.9998,BFX,1509235200,2017-12-28 01:09:55.862859,0,0.0
1525,0.9998,BFX,1,JordanManual,CCCAGG,0.9998,0.9998,0.9998,,1509235200,2017-12-26 23:21:23.208812,0,0.0
1526,0.9998,BFX,1,JordanManual,Bitfinex,0.9998,0.9998,0.9998,,1509235200,2017-12-26 23:21:24.889614,0,0.0
1527,0.9998,,1,JordanManual,CCCAGG,0.9998,0.9998,0.9998,BFX,1509235200,2017-12-28 01:14:48.478985,0,0.0
1528,0.9998,BFX,1,JordanManual,Bitfinex,0.9998,0.9998,0.9998,,1509238800,2017-12-26 23:21:24.889614,0,0.0
1529,0.9998,BFX,1,JordanManual,CCCAGG,0.9998,0.9998,0.9998,,1509238800,2017-12-26 23:21:23.208812,0,0.0
1530,0.9998,BFX,1,JordanManual,CCCAGG,0.9998,0.9998,0.9998,,1509242400,2017-12-26 23:21:23.208812,0,0.0
1531,0.9998,BFX,1,JordanManual,Bitfinex,0.9998,0.9998,0.9998,,1509242400,2017-12-26 23:21:24.889614,0,0.0
1532,0.9998,,1,JordanManual,Bitfinex,0.9998,0.9998,0.9998,BFX,1509246000,2017-12-28 01:09:55.862859,0,0.0
1533,0.9998,BFX,1,JordanManual,CCCAGG,0.9998,0.9998,0.9998,,1509246000,2017-12-26 23:21:23.208812,0,0.0
1534,0.9998,BFX,1,JordanManual,Bitfinex,0.9998,0.9998,0.9998,,1509246000,2017-12-26 23:21:24.889614,0,0.0
1535,0.9998,,1,JordanManual,CCCAGG,0.9998,0.9998,0.9998,BFX,1509246000,2017-12-28 01:14:48.478985,0,0.0
1536,0.9998,BFX,1,JordanManual,CCCAGG,0.9998,0.9998,0.9998,,1509249600,2017-12-26 23:21:23.208812,0,0.0
1537,0.9998,BFX,1,JordanManual,Bitfinex,0.9998,0.9998,0.9998,,1509249600,2017-12-26 23:21:24.889614,0,0.0
1538,0.9998,BFX,1,JordanManual,CCCAGG,0.9998,0.9998,0.9998,,1509253200,2017-12-26 23:21:23.208812,0,0.0
1539,0.9998,BFX,1,JordanManual,Bitfinex,0.9998,0.9998,0.9998,,1509253200,2017-12-26 23:21:24.889614,0,0.0
1540,0.9998,BFX,1,JordanManual,CCCAGG,0.9998,0.9998,0.9998,,1509256800,2017-12-26 23:21:23.208812,0,0.0
1541,0.9998,,1,JordanManual,Bitfinex,0.9998,0.9998,0.9998,BFX,1509256800,2017-12-28 01:09:55.862859,0,0.0
1542,0.9998,,1,JordanManual,CCCAGG,0.9998,0.9998,0.9998,BFX,1509256800,2017-12-28 01:14:48.478985,0,0.0
1543,0.9998,BFX,1,JordanManual,Bitfinex,0.9998,0.9998,0.9998,,1509256800,2017-12-26 23:21:24.889614,0,0.0
1544,0.9998,BFX,1,JordanManual,CCCAGG,0.9998,0.9998,0.9998,,1509260400,2017-12-26 23:21:23.208812,0,0.0
1545,0.9998,BFX,1,JordanManual,Bitfinex,0.9998,0.9998,0.9998,,1509260400,2017-12-26 23:21:24.889614,0,0.0
1546,0.9998,BFX,1,JordanManual,Bitfinex,0.9998,0.9998,0.9998,,1509264000,2017-12-26 23:21:24.889614,0,0.0
1547,0.9998,BFX,1,JordanManual,CCCAGG,0.9998,0.9998,0.9998,,1509264000,2017-12-26 23:21:23.208812,0,0.0
1548,0.9998,,1,JordanManual,Bitfinex,0.9998,0.9998,0.9998,BFX,1509267600,2017-12-28 01:09:55.862859,0,0.0
1549,0.9998,BFX,1,JordanManual,CCCAGG,0.9998,0.9998,0.9998,,1509267600,2017-12-26 23:21:23.208812,0,0.0
1550,0.9998,BFX,1,JordanManual,Bitfinex,0.9998,0.9998,0.9998,,1509267600,2017-12-26 23:21:24.889614,0,0.0
1551,0.9998,,1,JordanManual,CCCAGG,0.9998,0.9998,0.9998,BFX,1509267600,2017-12-28 01:14:48.478985,0,0.0
1552,0.9998,BFX,1,JordanManual,CCCAGG,0.9998,0.9998,0.9998,,1509271200,2017-12-26 23:21:23.208812,0,0.0
1553,0.9998,BFX,1,JordanManual,Bitfinex,0.9998,0.9998,0.9998,,1509271200,2017-12-26 23:21:24.889614,0,0.0
1554,0.9998,BFX,1,JordanManual,Bitfinex,0.9998,0.9998,0.9998,,1509274800,2017-12-26 23:21:24.889614,0,0.0
1555,0.9998,BFX,1,JordanManual,CCCAGG,0.9998,0.9998,0.9998,,1509274800,2017-12-26 23:21:23.208812,0,0.0
1556,0.9998,,1,JordanManual,CCCAGG,0.9998,0.9998,0.9998,BFX,1509278400,2017-12-28 01:14:48.478985,0,0.0
1557,0.9998,BFX,1,JordanManual,Bitfinex,0.9998,0.9998,0.9998,,1509278400,2017-12-26 23:21:24.889614,0,0.0
1558,0.9998,BFX,1,JordanManual,CCCAGG,0.9998,0.9998,0.9998,,1509278400,2017-12-26 23:21:23.208812,0,0.0
1559,0.9998,,1,JordanManual,Bitfinex,0.9998,0.9998,0.9998,BFX,1509278400,2017-12-28 01:09:55.862859,0,0.0
1560,0.9998,BFX,1,JordanManual,CCCAGG,0.9998,0.9998,0.9998,,1509282000,2017-12-26 23:21:23.208812,0,0.0
1561,0.9998,BFX,1,JordanManual,Bitfinex,0.9998,0.9998,0.9998,,1509282000,2017-12-26 23:21:24.889614,0,0.0
1562,0.9998,BFX,1,JordanManual,Bitfinex,0.9998,0.9998,0.9998,,1509285600,2017-12-26 23:21:24.889614,0,0.0
1563,0.9998,BFX,1,JordanManual,CCCAGG,0.9998,0.9998,0.9998,,1509285600,2017-12-26 23:21:23.208812,0,0.0
1564,0.9998,BFX,1,JordanManual,CCCAGG,0.9998,0.9998,0.9998,,1509289200,2017-12-26 23:21:23.208812,0,0.0
1565,0.9998,BFX,1,JordanManual,Bitfinex,0.9998,0.9998,0.9998,,1509289200,2017-12-26 23:21:24.889614,0,0.0
1566,0.9998,,1,JordanManual,Bitfinex,0.9998,0.9998,0.9998,BFX,1509289200,2017-12-28 01:09:55.862859,0,0.0
1567,0.9998,,1,JordanManual,CCCAGG,0.9998,0.9998,0.9998,BFX,1509289200,2017-12-28 01:14:48.478985,0,0.0
1568,0.9998,BFX,1,JordanManual,CCCAGG,0.9998,0.9998,0.9998,,1509292800,2017-12-26 23:21:23.208812,0,0.0
1569,0.9998,BFX,1,JordanManual,Bitfinex,0.9998,0.9998,0.9998,,1509292800,2017-12-26 23:21:24.889614,0,0.0
1570,0.9998,BFX,1,JordanManual,Bitfinex,0.9998,0.9998,0.9998,,1509296400,2017-12-26 23:21:24.889614,0,0.0
1571,0.9998,BFX,1,JordanManual,CCCAGG,0.9998,0.9998,0.9998,,1509296400,2017-12-26 23:21:23.208812,0,0.0
1572,0.9998,BFX,1,JordanManual,CCCAGG,0.9998,0.9998,0.9998,,1509300000,2017-12-26 23:21:23.208812,0,0.0
1573,0.9998,,1,JordanManual,CCCAGG,0.9998,0.9998,0.9998,BFX,1509300000,2017-12-28 01:14:48.478985,0,0.0
1574,0.9998,,1,JordanManual,Bitfinex,0.9998,0.9998,0.9998,BFX,1509300000,2017-12-28 01:09:55.862859,0,0.0
1575,0.9998,BFX,1,JordanManual,Bitfinex,0.9998,0.9998,0.9998,,1509300000,2017-12-26 23:21:24.889614,0,0.0
1576,0.9998,BFX,1,JordanManual,Bitfinex,0.9998,0.9998,0.9998,,1509303600,2017-12-26 23:21:24.889614,0,0.0
1577,0.9998,BFX,1,JordanManual,CCCAGG,0.9998,0.9998,0.9998,,1509303600,2017-12-26 23:21:23.208812,0,0.0
1578,0.9998,BFX,1,JordanManual,Bitfinex,0.9998,0.9998,0.9998,,1509307200,2017-12-26 23:21:24.889614,0,0.0
1579,0.9998,BFX,1,JordanManual,CCCAGG,0.9998,0.9998,0.9998,,1509307200,2017-12-26 23:21:23.208812,0,0.0
1580,0.9998,,1,JordanManual,CCCAGG,0.9998,0.9998,0.9998,BFX,1509310800,2017-12-28 01:14:48.478985,0,0.0
1581,0.9998,BFX,1,JordanManual,Bitfinex,0.9998,0.9998,0.9998,,1509310800,2017-12-26 23:21:24.889614,0,0.0
1582,0.9998,BFX,1,JordanManual,CCCAGG,0.9998,0.9998,0.9998,,1509310800,2017-12-26 23:21:23.208812,0,0.0
1583,0.9998,,1,JordanManual,Bitfinex,0.9998,0.9998,0.9998,BFX,1509310800,2017-12-28 01:09:55.862859,0,0.0
1584,0.9998,BFX,1,JordanManual,CCCAGG,0.9998,0.9998,0.9998,,1509314400,2017-12-26 23:21:23.208812,0,0.0
1585,0.9998,BFX,1,JordanManual,Bitfinex,0.9998,0.9998,0.9998,,1509314400,2017-12-26 23:21:24.889614,0,0.0
1586,0.9998,BFX,1,JordanManual,Bitfinex,0.9998,0.9998,0.9998,,1509318000,2017-12-26 23:21:24.889614,0,0.0
1587,0.9998,BFX,1,JordanManual,CCCAGG,0.9998,0.9998,0.9998,,1509318000,2017-12-26 23:21:23.208812,0,0.0
1588,0.9998,,1,JordanManual,CCCAGG,0.9998,0.9998,0.9998,BFX,1509321600,2017-12-28 01:14:48.478985,0,0.0
1589,0.9998,,1,JordanManual,Bitfinex,0.9998,0.9998,0.9998,BFX,1509321600,2017-12-28 01:09:55.862859,0,0.0
1590,0.9998,BFX,1,JordanManual,CCCAGG,0.9998,0.9998,0.9998,,1509321600,2017-12-26 23:21:23.208812,0,0.0
1591,0.9998,BFX,1,JordanManual,Bitfinex,0.9998,0.9998,0.9998,,1509321600,2017-12-26 23:21:24.889614,0,0.0
1592,0.9998,BFX,1,JordanManual,Bitfinex,0.9998,0.9998,0.9998,,1509325200,2017-12-26 23:21:24.889614,0,0.0
1593,0.9998,BFX,1,JordanManual,CCCAGG,0.9998,0.9998,0.9998,,1509325200,2017-12-26 23:21:23.208812,0,0.0
1594,0.9998,BFX,1,JordanManual,CCCAGG,0.9998,0.9998,0.9998,,1509328800,2017-12-26 23:21:23.208812,0,0.0
1595,0.9998,BFX,1,JordanManual,Bitfinex,0.9998,0.9998,0.9998,,1509328800,2017-12-26 23:21:24.889614,0,0.0
1596,0.9998,BFX,1,JordanManual,CCCAGG,0.9998,0.9998,0.9998,,1509332400,2017-12-26 23:21:23.208812,0,0.0
1597,0.9998,,1,JordanManual,CCCAGG,0.9998,0.9998,0.9998,BFX,1509332400,2017-12-28 01:14:48.478985,0,0.0
1598,0.9998,BFX,1,JordanManual,Bitfinex,0.9998,0.9998,0.9998,,1509332400,2017-12-26 23:21:24.889614,0,0.0
1599,0.9998,,1,JordanManual,Bitfinex,0.9998,0.9998,0.9998,BFX,1509332400,2017-12-28 01:09:55.862859,0,0.0
1600,0.9998,BFX,1,JordanManual,CCCAGG,0.9998,0.9998,0.9998,,1509336000,2017-12-26 23:21:23.208812,0,0.0
1601,0.9998,BFX,1,JordanManual,Bitfinex,0.9998,0.9998,0.9998,,1509336000,2017-12-26 23:21:24.889614,0,0.0
1602,0.9998,BFX,1,JordanManual,Bitfinex,0.9998,0.9998,0.9998,,1509339600,2017-12-26 23:21:24.889614,0,0.0
1603,0.9998,BFX,1,JordanManual,CCCAGG,0.9998,0.9998,0.9998,,1509339600,2017-12-26 23:21:23.208812,0,0.0
1604,0.9998,BFX,1,JordanManual,Bitfinex,0.9998,0.9998,0.9998,,1509343200,2017-12-26 23:21:24.889614,0,0.0
1605,0.9998,BFX,1,JordanManual,CCCAGG,0.9998,0.9998,0.9998,,1509343200,2017-12-26 23:21:23.208812,0,0.0
1606,0.9998,,1,JordanManual,CCCAGG,0.9998,0.9998,0.9998,BFX,1509343200,2017-12-28 01:14:48.478985,0,0.0
1607,0.9998,,1,JordanManual,Bitfinex,0.9998,0.9998,0.9998,BFX,1509343200,2017-12-28 01:09:55.862859,0,0.0
1608,0.9998,BFX,1,JordanManual,Bitfinex,0.9998,0.9998,0.9998,,1509346800,2017-12-26 23:21:24.889614,0,0.0
1609,0.9998,BFX,1,JordanManual,CCCAGG,0.9998,0.9998,0.9998,,1509346800,2017-12-26 23:21:23.208812,0,0.0
1610,0.9998,BFX,1,JordanManual,Bitfinex,0.9998,0.9998,0.9998,,1509350400,2017-12-26 23:21:24.889614,0,0.0
1611,0.9998,BFX,1,JordanManual,CCCAGG,0.9998,0.9998,0.9998,,1509350400,2017-12-26 23:21:23.208812,0,0.0
1612,0.9998,BFX,1,JordanManual,Bitfinex,0.9998,0.9998,0.9998,,1509354000,2017-12-26 23:21:24.889614,0,0.0
1613,0.9998,,1,JordanManual,Bitfinex,0.9998,0.9998,0.9998,BFX,1509354000,2017-12-28 01:09:55.862859,0,0.0
1614,0.9998,,1,JordanManual,CCCAGG,0.9998,0.9998,0.9998,BFX,1509354000,2017-12-28 01:14:48.478985,0,0.0
1615,0.9998,BFX,1,JordanManual,CCCAGG,0.9998,0.9998,0.9998,,1509354000,2017-12-26 23:21:23.208812,0,0.0
1616,0.9998,BFX,1,JordanManual,Bitfinex,0.9998,0.9998,0.9998,,1509357600,2017-12-26 23:21:24.889614,0,0.0
1617,0.9998,BFX,1,JordanManual,CCCAGG,0.9998,0.9998,0.9998,,1509357600,2017-12-26 23:21:23.208812,0,0.0
1618,0.9998,BFX,1,JordanManual,CCCAGG,0.9998,0.9998,0.9998,,1509361200,2017-12-26 23:21:23.208812,0,0.0
1619,0.9998,BFX,1,JordanManual,Bitfinex,0.9998,0.9998,0.9998,,1509361200,2017-12-26 23:21:24.889614,0,0.0
1620,0.9998,BFX,1,JordanManual,Bitfinex,0.9998,0.9998,0.9998,,1509364800,2017-12-26 23:21:24.889614,0,0.0
1621,0.9998,,1,JordanManual,Bitfinex,0.9998,0.9998,0.9998,BFX,1509364800,2017-12-28 01:09:55.862859,0,0.0
1622,0.9998,BFX,1,JordanManual,CCCAGG,0.9998,0.9998,0.9998,,1509364800,2017-12-26 23:21:23.208812,0,0.0
1623,0.9998,,1,JordanManual,CCCAGG,0.9998,0.9998,0.9998,BFX,1509364800,2017-12-28 01:14:48.478985,0,0.0
1624,0.9998,BFX,1,JordanManual,CCCAGG,0.9998,0.9998,0.9998,,1509368400,2017-12-26 23:21:23.208812,0,0.0
1625,0.9998,BFX,1,JordanManual,Bitfinex,0.9998,0.9998,0.9998,,1509368400,2017-12-26 23:21:24.889614,0,0.0
1626,0.9998,BFX,1,JordanManual,Bitfinex,0.9998,0.9998,0.9998,,1509372000,2017-12-26 23:21:24.889614,0,0.0
1627,0.9998,BFX,1,JordanManual,CCCAGG,0.9998,0.9998,0.9998,,1509372000,2017-12-26 23:21:23.208812,0,0.0
1628,0.9998,,1,JordanManual,CCCAGG,0.9998,0.9998,0.9998,BFX,1509375600,2017-12-28 01:14:48.478985,0,0.0
1629,0.9998,BFX,1,JordanManual,Bitfinex,0.9998,0.9998,0.9998,,1509375600,2017-12-26 23:21:24.889614,0,0.0
1630,0.9998,BFX,1,JordanManual,CCCAGG,0.9998,0.9998,0.9998,,1509375600,2017-12-26 23:21:23.208812,0,0.0
1631,0.9998,,1,JordanManual,Bitfinex,0.9998,0.9998,0.9998,BFX,1509375600,2017-12-28 01:09:55.862859,0,0.0
1632,0.9998,BFX,1,JordanManual,CCCAGG,0.9998,0.9998,0.9998,,1509379200,2017-12-26 23:21:23.208812,0,0.0
1633,0.9998,BFX,1,JordanManual,Bitfinex,0.9998,0.9998,0.9998,,1509379200,2017-12-26 23:21:24.889614,0,0.0
1634,0.9998,BFX,1,JordanManual,CCCAGG,0.9998,0.9998,0.9998,,1509382800,2017-12-26 23:21:23.208812,0,0.0
1635,0.9998,BFX,1,JordanManual,Bitfinex,0.9998,0.9998,0.9998,,1509382800,2017-12-26 23:21:24.889614,0,0.0
1636,0.9998,,1,JordanManual,CCCAGG,0.9998,0.9998,0.9998,BFX,1509386400,2017-12-28 01:14:48.478985,0,0.0
1637,0.9998,,1,JordanManual,Bitfinex,0.9998,0.9998,0.9998,BFX,1509386400,2017-12-28 01:09:55.862859,0,0.0
1638,0.9998,BFX,1,JordanManual,CCCAGG,0.9998,0.9998,0.9998,,1509386400,2017-12-26 23:21:23.208812,0,0.0
1639,0.9998,BFX,1,JordanManual,Bitfinex,0.9998,0.9998,0.9998,,1509386400,2017-12-26 23:21:24.889614,0,0.0
1640,0.9998,BFX,1,JordanManual,Bitfinex,0.9998,0.9998,0.9998,,1509390000,2017-12-26 23:21:24.889614,0,0.0
1641,0.9998,BFX,1,JordanManual,CCCAGG,0.9998,0.9998,0.9998,,1509390000,2017-12-26 23:21:23.208812,0,0.0
1642,0.9998,BFX,1,JordanManual,Bitfinex,0.9998,0.9998,0.9998,,1509393600,2017-12-26 23:21:24.889614,0,0.0
1643,0.9998,BFX,1,JordanManual,CCCAGG,0.9998,0.9998,0.9998,,1509393600,2017-12-26 23:21:23.208812,0,0.0
1644,0.9998,BFX,1,JordanManual,Bitfinex,0.9998,0.9998,0.9998,,1509397200,2017-12-26 23:21:24.889614,0,0.0
1645,0.9998,,1,JordanManual,Bitfinex,0.9998,0.9998,0.9998,BFX,1509397200,2017-12-28 01:09:55.862859,0,0.0
1646,0.9998,BFX,1,JordanManual,CCCAGG,0.9998,0.9998,0.9998,,1509397200,2017-12-26 23:21:23.208812,0,0.0
1647,0.9998,,1,JordanManual,CCCAGG,0.9998,0.9998,0.9998,BFX,1509397200,2017-12-28 01:14:48.478985,0,0.0
1648,0.9998,BFX,1,JordanManual,Bitfinex,0.9998,0.9998,0.9998,,1509400800,2017-12-26 23:21:24.889614,0,0.0
1649,0.9998,BFX,1,JordanManual,CCCAGG,0.9998,0.9998,0.9998,,1509400800,2017-12-26 23:21:23.208812,0,0.0
1650,0.9998,BFX,1,JordanManual,CCCAGG,0.9998,0.9998,0.9998,,1509404400,2017-12-26 23:21:23.208812,0,0.0
1651,0.9998,BFX,1,JordanManual,Bitfinex,0.9998,0.9998,0.9998,,1509404400,2017-12-26 23:21:24.889614,0,0.0
1652,0.9998,,1,JordanManual,Bitfinex,0.9998,0.9998,0.9998,BFX,1509408000,2017-12-28 01:09:55.862859,0,0.0
1653,0.9998,,1,JordanManual,CCCAGG,0.9998,0.9998,0.9998,BFX,1509408000,2017-12-28 01:14:48.478985,0,0.0
1654,0.9998,BFX,1,JordanManual,Bitfinex,0.9998,0.9998,0.9998,,1509408000,2017-12-26 23:21:24.889614,0,0.0
1655,0.9998,BFX,1,JordanManual,CCCAGG,0.9998,0.9998,0.9998,,1509408000,2017-12-26 23:21:23.208812,0,0.0
1656,0.9998,BFX,1,JordanManual,CCCAGG,0.9998,0.9998,0.9998,,1509411600,2017-12-26 23:21:23.208812,0,0.0
1657,0.9998,BFX,1,JordanManual,Bitfinex,0.9998,0.9998,0.9998,,1509411600,2017-12-26 23:21:24.889614,0,0.0
1658,0.9998,BFX,1,JordanManual,Bitfinex,0.9998,0.9998,0.9998,,1509415200,2017-12-26 23:21:24.889614,0,0.0
1659,0.9998,BFX,1,JordanManual,CCCAGG,0.9998,0.9998,0.9998,,1509415200,2017-12-26 23:21:23.208812,0,0.0
1660,0.9998,,1,JordanManual,CCCAGG,0.9998,0.9998,0.9998,BFX,1509418800,2017-12-28 01:14:48.478985,0,0.0
1661,0.9998,,1,JordanManual,Bitfinex,0.9998,0.9998,0.9998,BFX,1509418800,2017-12-28 01:09:55.862859,0,0.0
1662,0.9998,BFX,1,JordanManual,Bitfinex,0.9998,0.9998,0.9998,,1509418800,2017-12-26 23:21:24.889614,0,0.0
1663,0.9998,BFX,1,JordanManual,CCCAGG,0.9998,0.9998,0.9998,,1509418800,2017-12-26 23:21:23.208812,0,0.0
1664,0.9998,BFX,1,JordanManual,Bitfinex,0.9998,0.9998,0.9998,,1509422400,2017-12-26 23:21:24.889614,0,0.0
1665,0.9998,BFX,1,JordanManual,CCCAGG,0.9998,0.9998,0.9998,,1509422400,2017-12-26 23:21:23.208812,0,0.0
1666,0.9998,BFX,1,JordanManual,Bitfinex,0.9998,0.9998,0.9998,,1509426000,2017-12-26 23:21:24.889614,0,0.0
1667,0.9998,BFX,1,JordanManual,CCCAGG,0.9998,0.9998,0.9998,,1509426000,2017-12-26 23:21:23.208812,0,0.0
1668,0.9998,BFX,1,JordanManual,CCCAGG,0.9998,0.9998,0.9998,,1509429600,2017-12-26 23:21:23.208812,0,0.0
1669,0.9998,BFX,1,JordanManual,Bitfinex,0.9998,0.9998,0.9998,,1509429600,2017-12-26 23:21:24.889614,0,0.0
1670,0.9998,,1,JordanManual,CCCAGG,0.9998,0.9998,0.9998,BFX,1509429600,2017-12-28 01:14:48.478985,0,0.0
1671,0.9998,,1,JordanManual,Bitfinex,0.9998,0.9998,0.9998,BFX,1509429600,2017-12-28 01:09:55.862859,0,0.0
1672,0.9998,BFX,1,JordanManual,Bitfinex,0.9998,0.9998,0.9998,,1509433200,2017-12-26 23:21:24.889614,0,0.0
1673,0.9998,BFX,1,JordanManual,CCCAGG,0.9998,0.9998,0.9998,,1509433200,2017-12-26 23:21:23.208812,0,0.0
1674,0.9998,BFX,1,JordanManual,Bitfinex,0.9998,0.9998,0.9998,,1509436800,2017-12-26 23:21:24.889614,0,0.0
1675,0.9998,BFX,1,JordanManual,CCCAGG,0.9998,0.9998,0.9998,,1509436800,2017-12-26 23:21:23.208812,0,0.0
1676,0.9998,,1,JordanManual,Bitfinex,0.9998,0.9998,0.9998,BFX,1509440400,2017-12-28 01:09:55.862859,0,0.0
1677,0.9998,BFX,1,JordanManual,Bitfinex,0.9998,0.9998,0.9998,,1509440400,2017-12-26 23:21:24.889614,0,0.0
1678,0.9998,BFX,1,JordanManual,CCCAGG,0.9998,0.9998,0.9998,,1509440400,2017-12-26 23:21:23.208812,0,0.0
1679,0.9998,,1,JordanManual,CCCAGG,0.9998,0.9998,0.9998,BFX,1509440400,2017-12-28 01:14:48.478985,0,0.0
1680,0.9998,BFX,1,JordanManual,Bitfinex,0.9998,0.9998,0.9998,,1509444000,2017-12-26 23:21:24.889614,0,0.0
1681,0.9998,BFX,1,JordanManual,CCCAGG,0.9998,0.9998,0.9998,,1509444000,2017-12-26 23:21:23.208812,0,0.0
1682,0.9998,BFX,1,JordanManual,Bitfinex,0.9998,0.9998,0.9998,,1509447600,2017-12-26 23:21:24.889614,0,0.0
1683,0.9998,BFX,1,JordanManual,CCCAGG,0.9998,0.9998,0.9998,,1509447600,2017-12-26 23:21:23.208812,0,0.0
1684,0.9998,BFX,1,JordanManual,Bitfinex,0.9998,0.9998,0.9998,,1509451200,2017-12-26 23:21:24.889614,0,0.0
1685,0.9998,BFX,1,JordanManual,CCCAGG,0.9998,0.9998,0.9998,,1509451200,2017-12-26 23:21:23.208812,0,0.0
1686,0.9998,,1,JordanManual,CCCAGG,0.9998,0.9998,0.9998,BFX,1509451200,2017-12-28 01:14:48.478985,0,0.0
1687,0.9998,,1,JordanManual,Bitfinex,0.9998,0.9998,0.9998,BFX,1509451200,2017-12-28 01:09:55.862859,0,0.0
1688,0.9998,BFX,1,JordanManual,Bitfinex,0.9998,0.9998,0.9998,,1509454800,2017-12-26 23:21:24.889614,0,0.0
1689,0.9998,BFX,1,JordanManual,CCCAGG,0.9998,0.9998,0.9998,,1509454800,2017-12-26 23:21:23.208812,0,0.0
1690,0.9998,BFX,1,JordanManual,Bitfinex,0.9998,0.9998,0.9998,,1509458400,2017-12-26 23:21:24.889614,0,0.0
1691,0.9998,BFX,1,JordanManual,CCCAGG,0.9998,0.9998,0.9998,,1509458400,2017-12-26 23:21:23.208812,0,0.0
1692,0.9998,,1,JordanManual,Bitfinex,0.9998,0.9998,0.9998,BFX,1509462000,2017-12-28 01:09:55.862859,0,0.0
1693,0.9998,BFX,1,JordanManual,Bitfinex,0.9998,0.9998,0.9998,,1509462000,2017-12-26 23:21:24.889614,0,0.0
1694,0.9998,BFX,1,JordanManual,CCCAGG,0.9998,0.9998,0.9998,,1509462000,2017-12-26 23:21:23.208812,0,0.0
1695,0.9998,,1,JordanManual,CCCAGG,0.9998,0.9998,0.9998,BFX,1509462000,2017-12-28 01:14:48.478985,0,0.0
1696,0.9998,BFX,1,JordanManual,CCCAGG,0.9998,0.9998,0.9998,,1509465600,2017-12-26 23:21:23.208812,0,0.0
1697,0.9998,BFX,1,JordanManual,Bitfinex,0.9998,0.9998,0.9998,,1509465600,2017-12-26 23:21:24.889614,0,0.0
1698,0.9998,BFX,1,JordanManual,Bitfinex,0.9998,0.9998,0.9998,,1509469200,2017-12-26 23:21:24.889614,0,0.0
1699,0.9998,BFX,1,JordanManual,CCCAGG,0.9998,0.9998,0.9998,,1509469200,2017-12-26 23:21:23.208812,0,0.0
1700,0.9998,,1,JordanManual,CCCAGG,0.9998,0.9998,0.9998,BFX,1509472800,2017-12-28 01:14:48.478985,0,0.0
1701,0.9998,BFX,1,JordanManual,CCCAGG,0.9998,0.9998,0.9998,,1509472800,2017-12-26 23:21:23.208812,0,0.0
1702,0.9998,BFX,1,JordanManual,Bitfinex,0.9998,0.9998,0.9998,,1509472800,2017-12-26 23:21:24.889614,0,0.0
1703,0.9998,,1,JordanManual,Bitfinex,0.9998,0.9998,0.9998,BFX,1509472800,2017-12-28 01:09:55.862859,0,0.0
1704,0.9998,BFX,1,JordanManual,CCCAGG,0.9998,0.9998,0.9998,,1509476400,2017-12-26 23:21:23.208812,0,0.0
1705,0.9998,BFX,1,JordanManual,Bitfinex,0.9998,0.9998,0.9998,,1509476400,2017-12-26 23:21:24.889614,0,0.0
1706,0.9998,BFX,1,JordanManual,CCCAGG,0.9998,0.9998,0.9998,,1509480000,2017-12-26 23:21:23.208812,0,0.0
1707,0.9998,BFX,1,JordanManual,Bitfinex,0.9998,0.9998,0.9998,,1509480000,2017-12-26 23:21:24.889614,0,0.0
1708,0.9998,,1,JordanManual,Bitfinex,0.9998,0.9998,0.9998,BFX,1509483600,2017-12-28 01:09:55.862859,0,0.0
1709,0.9998,BFX,1,JordanManual,Bitfinex,0.9998,0.9998,0.9998,,1509483600,2017-12-26 23:21:24.889614,0,0.0
1710,0.9998,BFX,1,JordanManual,CCCAGG,0.9998,0.9998,0.9998,,1509483600,2017-12-26 23:21:23.208812,0,0.0
1711,0.9998,,1,JordanManual,CCCAGG,0.9998,0.9998,0.9998,BFX,1509483600,2017-12-28 01:14:48.478985,0,0.0
1712,0.9998,BFX,1,JordanManual,Bitfinex,0.9998,0.9998,0.9998,,1509487200,2017-12-26 23:21:24.889614,0,0.0
1713,0.9998,BFX,1,JordanManual,CCCAGG,0.9998,0.9998,0.9998,,1509487200,2017-12-26 23:21:23.208812,0,0.0
1714,0.9998,BFX,1,JordanManual,Bitfinex,0.9998,0.9998,0.9998,,1509490800,2017-12-26 23:21:24.889614,0,0.0
1715,0.9998,BFX,1,JordanManual,CCCAGG,0.9998,0.9998,0.9998,,1509490800,2017-12-26 23:21:23.208812,0,0.0
1716,0.9998,,1,JordanManual,CCCAGG,0.9998,0.9998,0.9998,BFX,1509494400,2017-12-28 01:14:48.478985,0,0.0
1717,0.9998,BFX,1,JordanManual,CCCAGG,0.9998,0.9998,0.9998,,1509494400,2017-12-26 23:21:23.208812,0,0.0
1718,0.9998,BFX,1,JordanManual,Bitfinex,0.9998,0.9998,0.9998,,1509494400,2017-12-26 23:21:24.889614,0,0.0
1719,0.9998,,1,JordanManual,Bitfinex,0.9998,0.9998,0.9998,BFX,1509494400,2017-12-28 01:09:55.862859,0,0.0
1720,0.9998,BFX,1,JordanManual,CCCAGG,0.9998,0.9998,0.9998,,1509498000,2017-12-26 23:21:23.208812,0,0.0
1721,0.9998,BFX,1,JordanManual,Bitfinex,0.9998,0.9998,0.9998,,1509498000,2017-12-26 23:21:24.889614,0,0.0
1722,0.9998,BFX,1,JordanManual,CCCAGG,0.9998,0.9998,0.9998,,1509501600,2017-12-26 23:21:23.208812,0,0.0
1723,0.9998,BFX,1,JordanManual,Bitfinex,0.9998,0.9998,0.9998,,1509501600,2017-12-26 23:21:24.889614,0,0.0
1724,0.9998,BFX,1,JordanManual,CCCAGG,0.9998,0.9998,0.9998,,1509505200,2017-12-26 23:21:23.208812,0,0.0
1725,0.9998,,1,JordanManual,Bitfinex,0.9998,0.9998,0.9998,BFX,1509505200,2017-12-28 01:09:55.862859,0,0.0
1726,0.9998,BFX,1,JordanManual,Bitfinex,0.9998,0.9998,0.9998,,1509505200,2017-12-26 23:21:24.889614,0,0.0
1727,0.9998,,1,JordanManual,CCCAGG,0.9998,0.9998,0.9998,BFX,1509505200,2017-12-28 01:14:48.478985,0,0.0
1728,0.9998,BFX,1,JordanManual,CCCAGG,0.9998,0.9998,0.9998,,1509508800,2017-12-26 23:21:23.208812,0,0.0
1729,0.9998,BFX,1,JordanManual,Bitfinex,0.9998,0.9998,0.9998,,1509508800,2017-12-26 23:21:24.889614,0,0.0
1730,0.9998,BFX,1,JordanManual,CCCAGG,0.9998,0.9998,0.9998,,1509512400,2017-12-26 23:21:23.208812,0,0.0
1731,0.9998,BFX,1,JordanManual,Bitfinex,0.9998,0.9998,0.9998,,1509512400,2017-12-26 23:21:24.889614,0,0.0
1732,0.9998,BFX,1,JordanManual,Bitfinex,0.9998,0.9998,0.9998,,1509516000,2017-12-26 23:21:24.889614,0,0.0
1733,0.9998,,1,JordanManual,CCCAGG,0.9998,0.9998,0.9998,BFX,1509516000,2017-12-28 01:14:48.478985,0,0.0
1734,0.9998,BFX,1,JordanManual,CCCAGG,0.9998,0.9998,0.9998,,1509516000,2017-12-26 23:21:23.208812,0,0.0
1735,0.9998,,1,JordanManual,Bitfinex,0.9998,0.9998,0.9998,BFX,1509516000,2017-12-28 01:09:55.862859,0,0.0
1736,0.9998,BFX,1,JordanManual,Bitfinex,0.9998,0.9998,0.9998,,1509519600,2017-12-26 23:21:24.889614,0,0.0
1737,0.9998,BFX,1,JordanManual,CCCAGG,0.9998,0.9998,0.9998,,1509519600,2017-12-26 23:21:23.208812,0,0.0
1738,0.9998,BFX,1,JordanManual,CCCAGG,0.9998,0.9998,0.9998,,1509523200,2017-12-26 23:21:23.208812,0,0.0
1739,0.9998,BFX,1,JordanManual,Bitfinex,0.9998,0.9998,0.9998,,1509523200,2017-12-26 23:21:24.889614,0,0.0
1740,0.9998,,1,JordanManual,CCCAGG,0.9998,0.9998,0.9998,BFX,1509526800,2017-12-28 01:14:48.478985,0,0.0
1741,0.9998,,1,JordanManual,Bitfinex,0.9998,0.9998,0.9998,BFX,1509526800,2017-12-28 01:09:55.862859,0,0.0
1742,0.9998,BFX,1,JordanManual,CCCAGG,0.9998,0.9998,0.9998,,1509526800,2017-12-26 23:21:23.208812,0,0.0
1743,0.9998,BFX,1,JordanManual,Bitfinex,0.9998,0.9998,0.9998,,1509526800,2017-12-26 23:21:24.889614,0,0.0
1744,0.9998,BFX,1,JordanManual,CCCAGG,0.9998,0.9998,0.9998,,1509530400,2017-12-26 23:21:23.208812,0,0.0
1745,0.9998,BFX,1,JordanManual,Bitfinex,0.9998,0.9998,0.9998,,1509530400,2017-12-26 23:21:24.889614,0,0.0
1746,0.9998,BFX,1,JordanManual,CCCAGG,0.9998,0.9998,0.9998,,1509534000,2017-12-26 23:21:23.208812,0,0.0
1747,0.9998,BFX,1,JordanManual,Bitfinex,0.9998,0.9998,0.9998,,1509534000,2017-12-26 23:21:24.889614,0,0.0
1748,0.9998,BFX,1,JordanManual,Bitfinex,0.9998,0.9998,0.9998,,1509537600,2017-12-26 23:21:24.889614,0,0.0
1749,0.9998,BFX,1,JordanManual,CCCAGG,0.9998,0.9998,0.9998,,1509537600,2017-12-26 23:21:23.208812,0,0.0
1750,0.9998,,1,JordanManual,CCCAGG,0.9998,0.9998,0.9998,BFX,1509537600,2017-12-28 01:14:48.478985,0,0.0
1751,0.9998,,1,JordanManual,Bitfinex,0.9998,0.9998,0.9998,BFX,1509537600,2017-12-28 01:09:55.862859,0,0.0
1752,0.9998,BFX,1,JordanManual,CCCAGG,0.9998,0.9998,0.9998,,1509541200,2017-12-26 23:21:23.208812,0,0.0
1753,0.9998,BFX,1,JordanManual,Bitfinex,0.9998,0.9998,0.9998,,1509541200,2017-12-26 23:21:24.889614,0,0.0
1754,0.9998,BFX,1,JordanManual,CCCAGG,0.9998,0.9998,0.9998,,1509544800,2017-12-26 23:21:23.208812,0,0.0
1755,0.9998,BFX,1,JordanManual,Bitfinex,0.9998,0.9998,0.9998,,1509544800,2017-12-26 23:21:24.889614,0,0.0
1756,0.9998,,1,JordanManual,Bitfinex,0.9998,0.9998,0.9998,BFX,1509548400,2017-12-28 01:09:55.862859,0,0.0
1757,0.9998,,1,JordanManual,CCCAGG,0.9998,0.9998,0.9998,BFX,1509548400,2017-12-28 01:14:48.478985,0,0.0
1758,0.9998,BFX,1,JordanManual,CCCAGG,0.9998,0.9998,0.9998,,1509548400,2017-12-26 23:21:23.208812,0,0.0
1759,0.9998,BFX,1,JordanManual,Bitfinex,0.9998,0.9998,0.9998,,1509548400,2017-12-26 23:21:24.889614,0,0.0
1760,0.9998,BFX,1,JordanManual,Bitfinex,0.9998,0.9998,0.9998,,1509552000,2017-12-26 23:21:24.889614,0,0.0
1761,0.9998,BFX,1,JordanManual,CCCAGG,0.9998,0.9998,0.9998,,1509552000,2017-12-26 23:21:23.208812,0,0.0
1762,0.9998,BFX,1,JordanManual,CCCAGG,0.9998,0.9998,0.9998,,1509555600,2017-12-26 23:21:23.208812,0,0.0
1763,0.9998,BFX,1,JordanManual,Bitfinex,0.9998,0.9998,0.9998,,1509555600,2017-12-26 23:21:24.889614,0,0.0
1764,0.9998,BFX,1,JordanManual,Bitfinex,0.9998,0.9998,0.9998,,1509559200,2017-12-26 23:21:24.889614,0,0.0
1765,0.9998,,1,JordanManual,CCCAGG,0.9998,0.9998,0.9998,BFX,1509559200,2017-12-28 01:14:48.478985,0,0.0
1766,0.9998,,1,JordanManual,Bitfinex,0.9998,0.9998,0.9998,BFX,1509559200,2017-12-28 01:09:55.862859,0,0.0
1767,0.9998,BFX,1,JordanManual,CCCAGG,0.9998,0.9998,0.9998,,1509559200,2017-12-26 23:21:23.208812,0,0.0
1768,0.9998,BFX,1,JordanManual,Bitfinex,0.9998,0.9998,0.9998,,1509562800,2017-12-26 23:21:24.889614,0,0.0
1769,0.9998,BFX,1,JordanManual,CCCAGG,0.9998,0.9998,0.9998,,1509562800,2017-12-26 23:21:23.208812,0,0.0
1770,0.9998,BFX,1,JordanManual,Bitfinex,0.9998,0.9998,0.9998,,1509566400,2017-12-26 23:21:24.889614,0,0.0
1771,0.9998,BFX,1,JordanManual,CCCAGG,0.9998,0.9998,0.9998,,1509566400,2017-12-26 23:21:23.208812,0,0.0
1772,0.9998,,1,JordanManual,CCCAGG,0.9998,0.9998,0.9998,BFX,1509570000,2017-12-28 01:14:48.478985,0,0.0
1773,0.9998,BFX,1,JordanManual,CCCAGG,0.9998,0.9998,0.9998,,1509570000,2017-12-26 23:21:23.208812,0,0.0
1774,0.9998,BFX,1,JordanManual,Bitfinex,0.9998,0.9998,0.9998,,1509570000,2017-12-26 23:21:24.889614,0,0.0
1775,0.9998,,1,JordanManual,Bitfinex,0.9998,0.9998,0.9998,BFX,1509570000,2017-12-28 01:09:55.862859,0,0.0
1776,0.9998,BFX,1,JordanManual,CCCAGG,0.9998,0.9998,0.9998,,1509573600,2017-12-26 23:21:23.208812,0,0.0
1777,0.9998,BFX,1,JordanManual,Bitfinex,0.9998,0.9998,0.9998,,1509573600,2017-12-26 23:21:24.889614,0,0.0
1778,0.9998,BFX,1,JordanManual,CCCAGG,0.9998,0.9998,0.9998,,1509577200,2017-12-26 23:21:23.208812,0,0.0
1779,0.9998,BFX,1,JordanManual,Bitfinex,0.9998,0.9998,0.9998,,1509577200,2017-12-26 23:21:24.889614,0,0.0
1780,0.9998,BFX,1,JordanManual,CCCAGG,0.9998,0.9998,0.9998,,1509580800,2017-12-26 23:21:23.208812,0,0.0
1781,0.9998,BFX,1,JordanManual,Bitfinex,0.9998,0.9998,0.9998,,1509580800,2017-12-26 23:21:24.889614,0,0.0
1782,0.9998,,1,JordanManual,CCCAGG,0.9998,0.9998,0.9998,BFX,1509580800,2017-12-28 01:14:48.478985,0,0.0
1783,0.9998,,1,JordanManual,Bitfinex,0.9998,0.9998,0.9998,BFX,1509580800,2017-12-28 01:09:55.862859,0,0.0
1784,0.9998,BFX,1,JordanManual,CCCAGG,0.9998,0.9998,0.9998,,1509584400,2017-12-26 23:21:23.208812,0,0.0
1785,0.9998,BFX,1,JordanManual,Bitfinex,0.9998,0.9998,0.9998,,1509584400,2017-12-26 23:21:24.889614,0,0.0
1786,0.9998,BFX,1,JordanManual,Bitfinex,0.9998,0.9998,0.9998,,1509588000,2017-12-26 23:21:24.889614,0,0.0
1787,0.9998,BFX,1,JordanManual,CCCAGG,0.9998,0.9998,0.9998,,1509588000,2017-12-26 23:21:23.208812,0,0.0
1788,0.9998,,1,JordanManual,Bitfinex,0.9998,0.9998,0.9998,BFX,1509591600,2017-12-28 01:09:55.862859,0,0.0
1789,0.9998,BFX,1,JordanManual,Bitfinex,0.9998,0.9998,0.9998,,1509591600,2017-12-26 23:21:24.889614,0,0.0
1790,0.9998,BFX,1,JordanManual,CCCAGG,0.9998,0.9998,0.9998,,1509591600,2017-12-26 23:21:23.208812,0,0.0
1791,0.9998,,1,JordanManual,CCCAGG,0.9998,0.9998,0.9998,BFX,1509591600,2017-12-28 01:14:48.478985,0,0.0
1792,0.9998,BFX,1,JordanManual,CCCAGG,0.9998,0.9998,0.9998,,1509595200,2017-12-26 23:21:23.208812,0,0.0
1793,0.9998,BFX,1,JordanManual,Bitfinex,0.9998,0.9998,0.9998,,1509595200,2017-12-26 23:21:24.889614,0,0.0
1794,0.9998,BFX,1,JordanManual,Bitfinex,0.9998,0.9998,0.9998,,1509598800,2017-12-26 23:21:24.889614,0,0.0
1795,0.9998,BFX,1,JordanManual,CCCAGG,0.9998,0.9998,0.9998,,1509598800,2017-12-26 23:21:23.208812,0,0.0
1796,0.9998,,1,JordanManual,Bitfinex,0.9998,0.9998,0.9998,BFX,1509602400,2017-12-28 01:09:55.862859,0,0.0
1797,0.9998,BFX,1,JordanManual,Bitfinex,0.9998,0.9998,0.9998,,1509602400,2017-12-26 23:21:24.889614,0,0.0
1798,0.9998,,1,JordanManual,CCCAGG,0.9998,0.9998,0.9998,BFX,1509602400,2017-12-28 01:14:48.478985,0,0.0
1799,0.9998,BFX,1,JordanManual,CCCAGG,0.9998,0.9998,0.9998,,1509602400,2017-12-26 23:21:23.208812,0,0.0
1800,0.9998,BFX,1,JordanManual,Bitfinex,0.9998,0.9998,0.9998,,1509606000,2017-12-26 23:21:24.889614,0,0.0
1801,0.9998,BFX,1,JordanManual,CCCAGG,0.9998,0.9998,0.9998,,1509606000,2017-12-26 23:21:23.208812,0,0.0
1802,0.9998,BFX,1,JordanManual,CCCAGG,0.9998,0.9998,0.9998,,1509609600,2017-12-26 23:21:23.208812,0,0.0
1803,0.9998,BFX,1,JordanManual,Bitfinex,0.9998,0.9998,0.9998,,1509609600,2017-12-26 23:21:24.889614,0,0.0
1804,0.9998,BFX,1,JordanManual,CCCAGG,0.9998,0.9998,0.9998,,1509613200,2017-12-26 23:21:23.208812,0,0.0
1805,0.9998,BFX,1,JordanManual,Bitfinex,0.9998,0.9998,0.9998,,1509613200,2017-12-26 23:21:24.889614,0,0.0
1806,0.9998,,1,JordanManual,Bitfinex,0.9998,0.9998,0.9998,BFX,1509613200,2017-12-28 01:09:55.862859,0,0.0
1807,0.9998,,1,JordanManual,CCCAGG,0.9998,0.9998,0.9998,BFX,1509613200,2017-12-28 01:14:48.478985,0,0.0
1808,0.9998,BFX,1,JordanManual,Bitfinex,0.9998,0.9998,0.9998,,1509616800,2017-12-26 23:21:24.889614,0,0.0
1809,0.9998,BFX,1,JordanManual,CCCAGG,0.9998,0.9998,0.9998,,1509616800,2017-12-26 23:21:23.208812,0,0.0
1810,0.9998,BFX,1,JordanManual,CCCAGG,0.9998,0.9998,0.9998,,1509620400,2017-12-26 23:21:23.208812,0,0.0
1811,0.9998,BFX,1,JordanManual,Bitfinex,0.9998,0.9998,0.9998,,1509620400,2017-12-26 23:21:24.889614,0,0.0
1812,0.9998,,1,JordanManual,CCCAGG,0.9998,0.9998,0.9998,BFX,1509624000,2017-12-28 01:14:48.478985,0,0.0
1813,0.9998,BFX,1,JordanManual,Bitfinex,0.9998,0.9998,0.9998,,1509624000,2017-12-26 23:21:24.889614,0,0.0
1814,0.9998,,1,JordanManual,Bitfinex,0.9998,0.9998,0.9998,BFX,1509624000,2017-12-28 01:09:55.862859,0,0.0
1815,0.9998,BFX,1,JordanManual,CCCAGG,0.9998,0.9998,0.9998,,1509624000,2017-12-26 23:21:23.208812,0,0.0
1816,0.9998,BFX,1,JordanManual,CCCAGG,0.9998,0.9998,0.9998,,1509627600,2017-12-26 23:21:23.208812,0,0.0
1817,0.9998,BFX,1,JordanManual,Bitfinex,0.9998,0.9998,0.9998,,1509627600,2017-12-26 23:21:24.889614,0,0.0
1818,0.9998,BFX,1,JordanManual,CCCAGG,0.9998,0.9998,0.9998,,1509631200,2017-12-26 23:21:23.208812,0,0.0
1819,0.9998,BFX,1,JordanManual,Bitfinex,0.9998,0.9998,0.9998,,1509631200,2017-12-26 23:21:24.889614,0,0.0
1820,0.9998,BFX,1,JordanManual,CCCAGG,0.9998,0.9998,0.9998,,1509634800,2017-12-26 23:21:23.208812,0,0.0
1821,0.9998,,1,JordanManual,CCCAGG,0.9998,0.9998,0.9998,BFX,1509634800,2017-12-28 01:14:48.478985,0,0.0
1822,0.9998,BFX,1,JordanManual,Bitfinex,0.9998,0.9998,0.9998,,1509634800,2017-12-26 23:21:24.889614,0,0.0
1823,0.9998,,1,JordanManual,Bitfinex,0.9998,0.9998,0.9998,BFX,1509634800,2017-12-28 01:09:55.862859,0,0.0
1824,0.9998,BFX,1,JordanManual,Bitfinex,0.9998,0.9998,0.9998,,1509638400,2017-12-26 23:21:24.889614,0,0.0
1825,0.9998,BFX,1,JordanManual,CCCAGG,0.9998,0.9998,0.9998,,1509638400,2017-12-26 23:21:23.208812,0,0.0
1826,0.9998,BFX,1,JordanManual,Bitfinex,0.9998,0.9998,0.9998,,1509642000,2017-12-26 23:21:24.889614,0,0.0
1827,0.9998,BFX,1,JordanManual,CCCAGG,0.9998,0.9998,0.9998,,1509642000,2017-12-26 23:21:23.208812,0,0.0
1828,0.9998,BFX,1,JordanManual,Bitfinex,0.9998,0.9998,0.9998,,1509645600,2017-12-26 23:21:24.889614,0,0.0
1829,0.9998,,1,JordanManual,CCCAGG,0.9998,0.9998,0.9998,BFX,1509645600,2017-12-28 01:14:48.478985,0,0.0
1830,0.9998,,1,JordanManual,Bitfinex,0.9998,0.9998,0.9998,BFX,1509645600,2017-12-28 01:09:55.862859,0,0.0
1831,0.9998,BFX,1,JordanManual,CCCAGG,0.9998,0.9998,0.9998,,1509645600,2017-12-26 23:21:23.208812,0,0.0
1832,0.9998,BFX,1,JordanManual,CCCAGG,0.9998,0.9998,0.9998,,1509649200,2017-12-26 23:21:23.208812,0,0.0
1833,0.9998,BFX,1,JordanManual,Bitfinex,0.9998,0.9998,0.9998,,1509649200,2017-12-26 23:21:24.889614,0,0.0
1834,0.9998,BFX,1,JordanManual,Bitfinex,0.9998,0.9998,0.9998,,1509652800,2017-12-26 23:21:24.889614,0,0.0
1835,0.9998,BFX,1,JordanManual,CCCAGG,0.9998,0.9998,0.9998,,1509652800,2017-12-26 23:21:23.208812,0,0.0
1836,0.9998,,1,JordanManual,Bitfinex,0.9998,0.9998,0.9998,BFX,1509656400,2017-12-28 01:09:55.862859,0,0.0
1837,0.9998,BFX,1,JordanManual,Bitfinex,0.9998,0.9998,0.9998,,1509656400,2017-12-26 23:21:24.889614,0,0.0
1838,0.9998,,1,JordanManual,CCCAGG,0.9998,0.9998,0.9998,BFX,1509656400,2017-12-28 01:14:48.478985,0,0.0
1839,0.9998,BFX,1,JordanManual,CCCAGG,0.9998,0.9998,0.9998,,1509656400,2017-12-26 23:21:23.208812,0,0.0
1840,0.9998,BFX,1,JordanManual,CCCAGG,0.9998,0.9998,0.9998,,1509660000,2017-12-26 23:21:23.208812,0,0.0
1841,0.9998,BFX,1,JordanManual,Bitfinex,0.9998,0.9998,0.9998,,1509660000,2017-12-26 23:21:24.889614,0,0.0
1842,0.9998,BFX,1,JordanManual,Bitfinex,0.9998,0.9998,0.9998,,1509663600,2017-12-26 23:21:24.889614,0,0.0
1843,0.9998,BFX,1,JordanManual,CCCAGG,0.9998,0.9998,0.9998,,1509663600,2017-12-26 23:21:23.208812,0,0.0
1844,0.9998,BFX,1,JordanManual,CCCAGG,0.9998,0.9998,0.9998,,1509667200,2017-12-26 23:21:23.208812,0,0.0
1845,0.9998,BFX,1,JordanManual,Bitfinex,0.9998,0.9998,0.9998,,1509667200,2017-12-26 23:21:24.889614,0,0.0
1846,0.9998,,1,JordanManual,CCCAGG,0.9998,0.9998,0.9998,BFX,1509667200,2017-12-28 01:14:48.478985,0,0.0
1847,0.9998,,1,JordanManual,Bitfinex,0.9998,0.9998,0.9998,BFX,1509667200,2017-12-28 01:09:55.862859,0,0.0
1848,0.9998,BFX,1,JordanManual,CCCAGG,0.9998,0.9998,0.9998,,1509670800,2017-12-26 23:21:23.208812,0,0.0
1849,0.9998,BFX,1,JordanManual,Bitfinex,0.9998,0.9998,0.9998,,1509670800,2017-12-26 23:21:24.889614,0,0.0
1850,0.9998,BFX,1,JordanManual,Bitfinex,0.9998,0.9998,0.9998,,1509674400,2017-12-26 23:21:24.889614,0,0.0
1851,0.9998,BFX,1,JordanManual,CCCAGG,0.9998,0.9998,0.9998,,1509674400,2017-12-26 23:21:23.208812,0,0.0
1852,0.9998,,1,JordanManual,Bitfinex,0.9998,0.9998,0.9998,BFX,1509678000,2017-12-28 01:09:55.862859,0,0.0
1853,0.9998,BFX,1,JordanManual,Bitfinex,0.9998,0.9998,0.9998,,1509678000,2017-12-26 23:21:24.889614,0,0.0
1854,0.9998,BFX,1,JordanManual,CCCAGG,0.9998,0.9998,0.9998,,1509678000,2017-12-26 23:21:23.208812,0,0.0
1855,0.9998,,1,JordanManual,CCCAGG,0.9998,0.9998,0.9998,BFX,1509678000,2017-12-28 01:14:48.478985,0,0.0
1856,0.9998,BFX,1,JordanManual,Bitfinex,0.9998,0.9998,0.9998,,1509681600,2017-12-26 23:21:24.889614,0,0.0
1857,0.9998,BFX,1,JordanManual,CCCAGG,0.9998,0.9998,0.9998,,1509681600,2017-12-26 23:21:23.208812,0,0.0
1858,0.9998,BFX,1,JordanManual,Bitfinex,0.9998,0.9998,0.9998,,1509685200,2017-12-26 23:21:24.889614,0,0.0
1859,0.9998,BFX,1,JordanManual,CCCAGG,0.9998,0.9998,0.9998,,1509685200,2017-12-26 23:21:23.208812,0,0.0
1860,0.9998,BFX,1,JordanManual,CCCAGG,0.9998,0.9998,0.9998,,1509688800,2017-12-26 23:21:23.208812,0,0.0
1861,0.9998,,1,JordanManual,CCCAGG,0.9998,0.9998,0.9998,BFX,1509688800,2017-12-28 01:14:48.478985,0,0.0
1862,0.9998,BFX,1,JordanManual,Bitfinex,0.9998,0.9998,0.9998,,1509688800,2017-12-26 23:21:24.889614,0,0.0
1863,0.9998,,1,JordanManual,Bitfinex,0.9998,0.9998,0.9998,BFX,1509688800,2017-12-28 01:09:55.862859,0,0.0
1864,0.9998,BFX,1,JordanManual,Bitfinex,0.9998,0.9998,0.9998,,1509692400,2017-12-26 23:21:24.889614,0,0.0
1865,0.9998,BFX,1,JordanManual,CCCAGG,0.9998,0.9998,0.9998,,1509692400,2017-12-26 23:21:23.208812,0,0.0
1866,0.9998,BFX,1,JordanManual,CCCAGG,0.9998,0.9998,0.9998,,1509696000,2017-12-26 23:21:23.208812,0,0.0
1867,0.9998,BFX,1,JordanManual,Bitfinex,0.9998,0.9998,0.9998,,1509696000,2017-12-26 23:21:24.889614,0,0.0
1868,0.9998,,1,JordanManual,Bitfinex,0.9998,0.9998,0.9998,BFX,1509699600,2017-12-28 01:09:55.862859,0,0.0
1869,0.9998,,1,JordanManual,CCCAGG,0.9998,0.9998,0.9998,BFX,1509699600,2017-12-28 01:14:48.478985,0,0.0
1870,0.9998,BFX,1,JordanManual,Bitfinex,0.9998,0.9998,0.9998,,1509699600,2017-12-26 23:21:24.889614,0,0.0
1871,0.9998,BFX,1,JordanManual,CCCAGG,0.9998,0.9998,0.9998,,1509699600,2017-12-26 23:21:23.208812,0,0.0
1872,0.9998,BFX,1,JordanManual,Bitfinex,0.9998,0.9998,0.9998,,1509703200,2017-12-26 23:21:24.889614,0,0.0
1873,0.9998,BFX,1,JordanManual,CCCAGG,0.9998,0.9998,0.9998,,1509703200,2017-12-26 23:21:23.208812,0,0.0
1874,0.9998,BFX,1,JordanManual,Bitfinex,0.9998,0.9998,0.9998,,1509706800,2017-12-26 23:21:24.889614,0,0.0
1875,0.9998,BFX,1,JordanManual,CCCAGG,0.9998,0.9998,0.9998,,1509706800,2017-12-26 23:21:23.208812,0,0.0
1876,0.9998,BFX,1,JordanManual,CCCAGG,0.9998,0.9998,0.9998,,1509710400,2017-12-26 23:21:23.208812,0,0.0
1877,0.9998,,1,JordanManual,CCCAGG,0.9998,0.9998,0.9998,BFX,1509710400,2017-12-28 01:14:48.478985,0,0.0
1878,0.9998,,1,JordanManual,Bitfinex,0.9998,0.9998,0.9998,BFX,1509710400,2017-12-28 01:09:55.862859,0,0.0
1879,0.9998,BFX,1,JordanManual,Bitfinex,0.9998,0.9998,0.9998,,1509710400,2017-12-26 23:21:24.889614,0,0.0
1880,0.9998,BFX,1,JordanManual,CCCAGG,0.9998,0.9998,0.9998,,1509714000,2017-12-26 23:21:23.208812,0,0.0
1881,0.9998,BFX,1,JordanManual,Bitfinex,0.9998,0.9998,0.9998,,1509714000,2017-12-26 23:21:24.889614,0,0.0
1882,0.9998,BFX,1,JordanManual,CCCAGG,0.9998,0.9998,0.9998,,1509717600,2017-12-26 23:21:23.208812,0,0.0
1883,0.9998,BFX,1,JordanManual,Bitfinex,0.9998,0.9998,0.9998,,1509717600,2017-12-26 23:21:24.889614,0,0.0
1884,0.9998,,1,JordanManual,CCCAGG,0.9998,0.9998,0.9998,BFX,1509721200,2017-12-28 01:14:48.478985,0,0.0
1885,0.9998,BFX,1,JordanManual,CCCAGG,0.9998,0.9998,0.9998,,1509721200,2017-12-26 23:21:23.208812,0,0.0
1886,0.9998,BFX,1,JordanManual,Bitfinex,0.9998,0.9998,0.9998,,1509721200,2017-12-26 23:21:24.889614,0,0.0
1887,0.9998,,1,JordanManual,Bitfinex,0.9998,0.9998,0.9998,BFX,1509721200,2017-12-28 01:09:55.862859,0,0.0
1888,0.9998,BFX,1,JordanManual,CCCAGG,0.9998,0.9998,0.9998,,1509724800,2017-12-26 23:21:23.208812,0,0.0
1889,0.9998,BFX,1,JordanManual,Bitfinex,0.9998,0.9998,0.9998,,1509724800,2017-12-26 23:21:24.889614,0,0.0
1890,0.9998,BFX,1,JordanManual,Bitfinex,0.9998,0.9998,0.9998,,1509728400,2017-12-26 23:21:24.889614,0,0.0
1891,0.9998,BFX,1,JordanManual,CCCAGG,0.9998,0.9998,0.9998,,1509728400,2017-12-26 23:21:23.208812,0,0.0
1892,0.9998,BFX,1,JordanManual,CCCAGG,0.9998,0.9998,0.9998,,1509732000,2017-12-26 23:21:23.208812,0,0.0
1893,0.9998,BFX,1,JordanManual,Bitfinex,0.9998,0.9998,0.9998,,1509732000,2017-12-26 23:21:24.889614,0,0.0
1894,0.9998,,1,JordanManual,CCCAGG,0.9998,0.9998,0.9998,BFX,1509732000,2017-12-28 01:14:48.478985,0,0.0
1895,0.9998,,1,JordanManual,Bitfinex,0.9998,0.9998,0.9998,BFX,1509732000,2017-12-28 01:09:55.862859,0,0.0
1896,0.9998,BFX,1,JordanManual,Bitfinex,0.9998,0.9998,0.9998,,1509735600,2017-12-26 23:21:24.889614,0,0.0
1897,0.9998,BFX,1,JordanManual,CCCAGG,0.9998,0.9998,0.9998,,1509735600,2017-12-26 23:21:23.208812,0,0.0
1898,0.9998,BFX,1,JordanManual,Bitfinex,0.9998,0.9998,0.9998,,1509739200,2017-12-26 23:21:24.889614,0,0.0
1899,0.9998,BFX,1,JordanManual,CCCAGG,0.9998,0.9998,0.9998,,1509739200,2017-12-26 23:21:23.208812,0,0.0
1900,0.9998,,1,JordanManual,CCCAGG,0.9998,0.9998,0.9998,BFX,1509742800,2017-12-28 01:14:48.478985,0,0.0
1901,0.9998,BFX,1,JordanManual,Bitfinex,0.9998,0.9998,0.9998,,1509742800,2017-12-26 23:21:24.889614,0,0.0
1902,0.9998,,1,JordanManual,Bitfinex,0.9998,0.9998,0.9998,BFX,1509742800,2017-12-28 01:09:55.862859,0,0.0
1903,0.9998,BFX,1,JordanManual,CCCAGG,0.9998,0.9998,0.9998,,1509742800,2017-12-26 23:21:23.208812,0,0.0
1904,0.9998,BFX,1,JordanManual,CCCAGG,0.9998,0.9998,0.9998,,1509746400,2017-12-26 23:21:23.208812,0,0.0
1905,0.9998,BFX,1,JordanManual,Bitfinex,0.9998,0.9998,0.9998,,1509746400,2017-12-26 23:21:24.889614,0,0.0
1906,0.9998,BFX,1,JordanManual,Bitfinex,0.9998,0.9998,0.9998,,1509750000,2017-12-26 23:21:24.889614,0,0.0
1907,0.9998,BFX,1,JordanManual,CCCAGG,0.9998,0.9998,0.9998,,1509750000,2017-12-26 23:21:23.208812,0,0.0
1908,0.9998,BFX,1,JordanManual,Bitfinex,0.9998,0.9998,0.9998,,1509753600,2017-12-26 23:21:24.889614,0,0.0
1909,0.9998,BFX,1,JordanManual,CCCAGG,0.9998,0.9998,0.9998,,1509753600,2017-12-26 23:21:23.208812,0,0.0
1910,0.9998,,1,JordanManual,CCCAGG,0.9998,0.9998,0.9998,BFX,1509753600,2017-12-28 01:14:48.478985,0,0.0
1911,0.9998,,1,JordanManual,Bitfinex,0.9998,0.9998,0.9998,BFX,1509753600,2017-12-28 01:09:55.862859,0,0.0
1912,0.9998,BFX,1,JordanManual,Bitfinex,0.9998,0.9998,0.9998,,1509757200,2017-12-26 23:21:24.889614,0,0.0
1913,0.9998,BFX,1,JordanManual,CCCAGG,0.9998,0.9998,0.9998,,1509757200,2017-12-26 23:21:23.208812,0,0.0
1914,0.9998,BFX,1,JordanManual,Bitfinex,0.9998,0.9998,0.9998,,1509760800,2017-12-26 23:21:24.889614,0,0.0
1915,0.9998,BFX,1,JordanManual,CCCAGG,0.9998,0.9998,0.9998,,1509760800,2017-12-26 23:21:23.208812,0,0.0
1916,0.9998,BFX,1,JordanManual,CCCAGG,0.9998,0.9998,0.9998,,1509764400,2017-12-26 23:21:23.208812,0,0.0
1917,0.9998,,1,JordanManual,Bitfinex,0.9998,0.9998,0.9998,BFX,1509764400,2017-12-28 01:09:55.862859,0,0.0
1918,0.9998,BFX,1,JordanManual,Bitfinex,0.9998,0.9998,0.9998,,1509764400,2017-12-26 23:21:24.889614,0,0.0
1919,0.9998,,1,JordanManual,CCCAGG,0.9998,0.9998,0.9998,BFX,1509764400,2017-12-28 01:14:48.478985,0,0.0
1920,0.9998,BFX,1,JordanManual,Bitfinex,0.9998,0.9998,0.9998,,1509768000,2017-12-26 23:21:24.889614,0,0.0
1921,0.9998,BFX,1,JordanManual,CCCAGG,0.9998,0.9998,0.9998,,1509768000,2017-12-26 23:21:23.208812,0,0.0
1922,0.9998,BFX,1,JordanManual,Bitfinex,0.9998,0.9998,0.9998,,1509771600,2017-12-26 23:21:24.889614,0,0.0
1923,0.9998,BFX,1,JordanManual,CCCAGG,0.9998,0.9998,0.9998,,1509771600,2017-12-26 23:21:23.208812,0,0.0
1924,0.9998,BFX,1,JordanManual,CCCAGG,0.9998,0.9998,0.9998,,1509775200,2017-12-26 23:21:23.208812,0,0.0
1925,0.9998,,1,JordanManual,Bitfinex,0.9998,0.9998,0.9998,BFX,1509775200,2017-12-28 01:09:55.862859,0,0.0
1926,0.9998,BFX,1,JordanManual,Bitfinex,0.9998,0.9998,0.9998,,1509775200,2017-12-26 23:21:24.889614,0,0.0
1927,0.9998,,1,JordanManual,CCCAGG,0.9998,0.9998,0.9998,BFX,1509775200,2017-12-28 01:14:48.478985,0,0.0
1928,0.9998,BFX,1,JordanManual,CCCAGG,0.9998,0.9998,0.9998,,1509778800,2017-12-26 23:21:23.208812,0,0.0
1929,0.9998,BFX,1,JordanManual,Bitfinex,0.9998,0.9998,0.9998,,1509778800,2017-12-26 23:21:24.889614,0,0.0
1930,0.9998,BFX,1,JordanManual,CCCAGG,0.9998,0.9998,0.9998,,1509782400,2017-12-26 23:21:23.208812,0,0.0
1931,0.9998,BFX,1,JordanManual,Bitfinex,0.9998,0.9998,0.9998,,1509782400,2017-12-26 23:21:24.889614,0,0.0
1932,0.9998,,1,JordanManual,Bitfinex,0.9998,0.9998,0.9998,BFX,1509786000,2017-12-28 01:09:55.862859,0,0.0
1933,0.9998,BFX,1,JordanManual,Bitfinex,0.9998,0.9998,0.9998,,1509786000,2017-12-26 23:21:24.889614,0,0.0
1934,0.9998,BFX,1,JordanManual,CCCAGG,0.9998,0.9998,0.9998,,1509786000,2017-12-26 23:21:23.208812,0,0.0
1935,0.9998,,1,JordanManual,CCCAGG,0.9998,0.9998,0.9998,BFX,1509786000,2017-12-28 01:14:48.478985,0,0.0
1936,0.9998,BFX,1,JordanManual,CCCAGG,0.9998,0.9998,0.9998,,1509789600,2017-12-26 23:21:23.208812,0,0.0
1937,0.9998,BFX,1,JordanManual,Bitfinex,0.9998,0.9998,0.9998,,1509789600,2017-12-26 23:21:24.889614,0,0.0
1938,0.9998,BFX,1,JordanManual,Bitfinex,0.9998,0.9998,0.9998,,1509793200,2017-12-26 23:21:24.889614,0,0.0
1939,0.9998,BFX,1,JordanManual,CCCAGG,0.9998,0.9998,0.9998,,1509793200,2017-12-26 23:21:23.208812,0,0.0
1940,0.9998,,1,JordanManual,CCCAGG,0.9998,0.9998,0.9998,BFX,1509796800,2017-12-28 01:14:48.478985,0,0.0
1941,0.9998,BFX,1,JordanManual,Bitfinex,0.9998,0.9998,0.9998,,1509796800,2017-12-26 23:21:24.889614,0,0.0
1942,0.9998,BFX,1,JordanManual,CCCAGG,0.9998,0.9998,0.9998,,1509796800,2017-12-26 23:21:23.208812,0,0.0
1943,0.9998,,1,JordanManual,Bitfinex,0.9998,0.9998,0.9998,BFX,1509796800,2017-12-28 01:09:55.862859,0,0.0
1944,0.9998,BFX,1,JordanManual,CCCAGG,0.9998,0.9998,0.9998,,1509800400,2017-12-26 23:21:23.208812,0,0.0
1945,0.9998,BFX,1,JordanManual,Bitfinex,0.9998,0.9998,0.9998,,1509800400,2017-12-26 23:21:24.889614,0,0.0
1946,0.9998,BFX,1,JordanManual,CCCAGG,0.9998,0.9998,0.9998,,1509804000,2017-12-26 23:21:23.208812,0,0.0
1947,0.9998,BFX,1,JordanManual,Bitfinex,0.9998,0.9998,0.9998,,1509804000,2017-12-26 23:21:24.889614,0,0.0
1948,0.9998,BFX,1,JordanManual,Bitfinex,0.9998,0.9998,0.9998,,1509807600,2017-12-26 23:21:24.889614,0,0.0
1949,0.9998,,1,JordanManual,Bitfinex,0.9998,0.9998,0.9998,BFX,1509807600,2017-12-28 01:09:55.862859,0,0.0
1950,0.9998,,1,JordanManual,CCCAGG,0.9998,0.9998,0.9998,BFX,1509807600,2017-12-28 01:14:48.478985,0,0.0
1951,0.9998,BFX,1,JordanManual,CCCAGG,0.9998,0.9998,0.9998,,1509807600,2017-12-26 23:21:23.208812,0,0.0
1952,0.9998,BFX,1,JordanManual,Bitfinex,0.9998,0.9998,0.9998,,1509811200,2017-12-26 23:21:24.889614,0,0.0
1953,0.9998,BFX,1,JordanManual,CCCAGG,0.9998,0.9998,0.9998,,1509811200,2017-12-26 23:21:23.208812,0,0.0
1954,0.9998,BFX,1,JordanManual,Bitfinex,0.9998,0.9998,0.9998,,1509814800,2017-12-26 23:21:24.889614,0,0.0
1955,0.9998,BFX,1,JordanManual,CCCAGG,0.9998,0.9998,0.9998,,1509814800,2017-12-26 23:21:23.208812,0,0.0
1956,0.9998,BFX,1,JordanManual,Bitfinex,0.9998,0.9998,0.9998,,1509818400,2017-12-26 23:21:24.889614,0,0.0
1957,0.9998,BFX,1,JordanManual,CCCAGG,0.9998,0.9998,0.9998,,1509818400,2017-12-26 23:21:23.208812,0,0.0
1958,0.9998,,1,JordanManual,Bitfinex,0.9998,0.9998,0.9998,BFX,1509818400,2017-12-28 01:09:55.862859,0,0.0
1959,0.9998,,1,JordanManual,CCCAGG,0.9998,0.9998,0.9998,BFX,1509818400,2017-12-28 01:14:48.478985,0,0.0
1960,0.9998,BFX,1,JordanManual,Bitfinex,0.9998,0.9998,0.9998,,1509822000,2017-12-26 23:21:24.889614,0,0.0
1961,0.9998,BFX,1,JordanManual,CCCAGG,0.9998,0.9998,0.9998,,1509822000,2017-12-26 23:21:23.208812,0,0.0
1962,0.9998,BFX,1,JordanManual,Bitfinex,0.9998,0.9998,0.9998,,1509825600,2017-12-26 23:21:24.889614,0,0.0
1963,0.9998,BFX,1,JordanManual,CCCAGG,0.9998,0.9998,0.9998,,1509825600,2017-12-26 23:21:23.208812,0,0.0
1964,0.9998,BFX,1,JordanManual,CCCAGG,0.9998,0.9998,0.9998,,1509829200,2017-12-26 23:21:23.208812,0,0.0
1965,0.9998,BFX,1,JordanManual,Bitfinex,0.9998,0.9998,0.9998,,1509829200,2017-12-26 23:21:24.889614,0,0.0
1966,0.9998,,1,JordanManual,CCCAGG,0.9998,0.9998,0.9998,BFX,1509829200,2017-12-28 01:14:48.478985,0,0.0
1967,0.9998,,1,JordanManual,Bitfinex,0.9998,0.9998,0.9998,BFX,1509829200,2017-12-28 01:09:55.862859,0,0.0
1968,0.9998,BFX,1,JordanManual,Bitfinex,0.9998,0.9998,0.9998,,1509832800,2017-12-26 23:21:24.889614,0,0.0
1969,0.9998,BFX,1,JordanManual,CCCAGG,0.9998,0.9998,0.9998,,1509832800,2017-12-26 23:21:23.208812,0,0.0
1970,0.9998,BFX,1,JordanManual,Bitfinex,0.9998,0.9998,0.9998,,1509836400,2017-12-26 23:21:24.889614,0,0.0
1971,0.9998,BFX,1,JordanManual,CCCAGG,0.9998,0.9998,0.9998,,1509836400,2017-12-26 23:21:23.208812,0,0.0
1972,0.9998,BFX,1,JordanManual,Bitfinex,0.9998,0.9998,0.9998,,1509840000,2017-12-26 23:21:24.889614,0,0.0
1973,0.9998,,1,JordanManual,CCCAGG,0.9998,0.9998,0.9998,BFX,1509840000,2017-12-28 01:14:48.478985,0,0.0
1974,0.9998,BFX,1,JordanManual,CCCAGG,0.9998,0.9998,0.9998,,1509840000,2017-12-26 23:21:23.208812,0,0.0
1975,0.9998,,1,JordanManual,Bitfinex,0.9998,0.9998,0.9998,BFX,1509840000,2017-12-28 01:09:55.862859,0,0.0
1976,0.9998,BFX,1,JordanManual,Bitfinex,0.9998,0.9998,0.9998,,1509843600,2017-12-26 23:21:24.889614,0,0.0
1977,0.9998,BFX,1,JordanManual,CCCAGG,0.9998,0.9998,0.9998,,1509843600,2017-12-26 23:21:23.208812,0,0.0
1978,0.9998,BFX,1,JordanManual,CCCAGG,0.9998,0.9998,0.9998,,1509847200,2017-12-26 23:21:23.208812,0,0.0
1979,0.9998,BFX,1,JordanManual,Bitfinex,0.9998,0.9998,0.9998,,1509847200,2017-12-26 23:21:24.889614,0,0.0
1980,0.9998,,1,JordanManual,Bitfinex,0.9998,0.9998,0.9998,BFX,1509850800,2017-12-28 01:09:55.862859,0,0.0
1981,0.9998,,1,JordanManual,CCCAGG,0.9998,0.9998,0.9998,BFX,1509850800,2017-12-28 01:14:48.478985,0,0.0
1982,0.9998,BFX,1,JordanManual,CCCAGG,0.9998,0.9998,0.9998,,1509850800,2017-12-26 23:21:23.208812,0,0.0
1983,0.9998,BFX,1,JordanManual,Bitfinex,0.9998,0.9998,0.9998,,1509850800,2017-12-26 23:21:24.889614,0,0.0
1984,0.9998,BFX,1,JordanManual,CCCAGG,0.9998,0.9998,0.9998,,1509854400,2017-12-26 23:21:23.208812,0,0.0
1985,0.9998,BFX,1,JordanManual,Bitfinex,0.9998,0.9998,0.9998,,1509854400,2017-12-26 23:21:24.889614,0,0.0
1986,0.9998,BFX,1,JordanManual,CCCAGG,0.9998,0.9998,0.9998,,1509858000,2017-12-26 23:21:23.208812,0,0.0
1987,0.9998,BFX,1,JordanManual,Bitfinex,0.9998,0.9998,0.9998,,1509858000,2017-12-26 23:21:24.889614,0,0.0
1988,0.9998,BFX,1,JordanManual,Bitfinex,0.9998,0.9998,0.9998,,1509861600,2017-12-26 23:21:24.889614,0,0.0
1989,0.9998,,1,JordanManual,Bitfinex,0.9998,0.9998,0.9998,BFX,1509861600,2017-12-28 01:09:55.862859,0,0.0
1990,0.9998,BFX,1,JordanManual,CCCAGG,0.9998,0.9998,0.9998,,1509861600,2017-12-26 23:21:23.208812,0,0.0
1991,0.9998,,1,JordanManual,CCCAGG,0.9998,0.9998,0.9998,BFX,1509861600,2017-12-28 01:14:48.478985,0,0.0
1992,0.9998,BFX,1,JordanManual,CCCAGG,0.9998,0.9998,0.9998,,1509865200,2017-12-26 23:21:23.208812,0,0.0
1993,0.9998,BFX,1,JordanManual,Bitfinex,0.9998,0.9998,0.9998,,1509865200,2017-12-26 23:21:24.889614,0,0.0
1994,0.9998,BFX,1,JordanManual,CCCAGG,0.9998,0.9998,0.9998,,1509868800,2017-12-26 23:21:23.208812,0,0.0
1995,0.9998,BFX,1,JordanManual,Bitfinex,0.9998,0.9998,0.9998,,1509868800,2017-12-26 23:21:24.889614,0,0.0
1996,0.9998,,1,JordanManual,Bitfinex,0.9998,0.9998,0.9998,BFX,1509872400,2017-12-28 01:09:55.862859,0,0.0
1997,0.9998,,1,JordanManual,CCCAGG,0.9998,0.9998,0.9998,BFX,1509872400,2017-12-28 01:14:48.478985,0,0.0
1998,0.9998,BFX,1,JordanManual,CCCAGG,0.9998,0.9998,0.9998,,1509872400,2017-12-26 23:21:23.208812,0,0.0
1999,0.9998,BFX,1,JordanManual,Bitfinex,0.9998,0.9998,0.9998,,1509872400,2017-12-26 23:21:24.889614,0,0.0
2000,0.9998,BFX,1,JordanManual,Bitfinex,0.9998,0.9998,0.9998,,1509876000,2017-12-26 23:21:24.889614,0,0.0
2001,0.9998,BFX,1,JordanManual,CCCAGG,0.9998,0.9998,0.9998,,1509876000,2017-12-26 23:21:23.208812,0,0.0
2002,0.9998,BFX,1,JordanManual,CCCAGG,0.9998,0.9998,0.9998,,1509879600,2017-12-26 23:21:23.208812,0,0.0
2003,0.9998,BFX,1,JordanManual,Bitfinex,0.9998,0.9998,0.9998,,1509879600,2017-12-26 23:21:24.889614,0,0.0
2004,0.9998,BFX,1,JordanManual,CCCAGG,0.9998,0.9998,0.9998,,1509883200,2017-12-26 23:21:23.208812,0,0.0
2005,0.9998,,1,JordanManual,Bitfinex,0.9998,0.9998,0.9998,BFX,1509883200,2017-12-28 01:09:55.862859,0,0.0
2006,0.9998,BFX,1,JordanManual,Bitfinex,0.9998,0.9998,0.9998,,1509883200,2017-12-26 23:21:24.889614,0,0.0
2007,0.9998,,1,JordanManual,CCCAGG,0.9998,0.9998,0.9998,BFX,1509883200,2017-12-28 01:14:48.478985,0,0.0
2008,0.9998,BFX,1,JordanManual,Bitfinex,0.9998,0.9998,0.9998,,1509886800,2017-12-26 23:21:24.889614,0,0.0
2009,0.9998,BFX,1,JordanManual,CCCAGG,0.9998,0.9998,0.9998,,1509886800,2017-12-26 23:21:23.208812,0,0.0
2010,0.9998,BFX,1,JordanManual,Bitfinex,0.9998,0.9998,0.9998,,1509890400,2017-12-26 23:21:24.889614,0,0.0
2011,0.9998,BFX,1,JordanManual,CCCAGG,0.9998,0.9998,0.9998,,1509890400,2017-12-26 23:21:23.208812,0,0.0
2012,0.9998,,1,JordanManual,Bitfinex,0.9998,0.9998,0.9998,BFX,1509894000,2017-12-28 01:09:55.862859,0,0.0
2013,0.9998,BFX,1,JordanManual,Bitfinex,0.9998,0.9998,0.9998,,1509894000,2017-12-26 23:21:24.889614,0,0.0
2014,0.9998,BFX,1,JordanManual,CCCAGG,0.9998,0.9998,0.9998,,1509894000,2017-12-26 23:21:23.208812,0,0.0
2015,0.9998,,1,JordanManual,CCCAGG,0.9998,0.9998,0.9998,BFX,1509894000,2017-12-28 01:14:48.478985,0,0.0
2016,0.9998,BFX,1,JordanManual,Bitfinex,0.9998,0.9998,0.9998,,1509897600,2017-12-26 23:21:24.889614,0,0.0
2017,0.9998,BFX,1,JordanManual,CCCAGG,0.9998,0.9998,0.9998,,1509897600,2017-12-26 23:21:23.208812,0,0.0
2018,0.9998,BFX,1,JordanManual,CCCAGG,0.9998,0.9998,0.9998,,1509901200,2017-12-26 23:21:23.208812,0,0.0
2019,0.9998,BFX,1,JordanManual,Bitfinex,0.9998,0.9998,0.9998,,1509901200,2017-12-26 23:21:24.889614,0,0.0
2020,0.9998,,1,JordanManual,Bitfinex,0.9998,0.9998,0.9998,BFX,1509904800,2017-12-28 01:09:55.862859,0,0.0
2021,0.9998,BFX,1,JordanManual,CCCAGG,0.9998,0.9998,0.9998,,1509904800,2017-12-26 23:21:23.208812,0,0.0
2022,0.9998,,1,JordanManual,CCCAGG,0.9998,0.9998,0.9998,BFX,1509904800,2017-12-28 01:14:48.478985,0,0.0
2023,0.9998,BFX,1,JordanManual,Bitfinex,0.9998,0.9998,0.9998,,1509904800,2017-12-26 23:21:24.889614,0,0.0
2024,0.9998,BFX,1,JordanManual,CCCAGG,0.9998,0.9998,0.9998,,1509908400,2017-12-26 23:21:23.208812,0,0.0
2025,0.9998,BFX,1,JordanManual,Bitfinex,0.9998,0.9998,0.9998,,1509908400,2017-12-26 23:21:24.889614,0,0.0
2026,0.9998,BFX,1,JordanManual,CCCAGG,0.9998,0.9998,0.9998,,1509912000,2017-12-26 23:21:23.208812,0,0.0
2027,0.9998,BFX,1,JordanManual,Bitfinex,0.9998,0.9998,0.9998,,1509912000,2017-12-26 23:21:24.889614,0,0.0
2028,0.9998,BFX,1,JordanManual,Bitfinex,0.9998,0.9998,0.9998,,1509915600,2017-12-26 23:21:24.889614,0,0.0
2029,0.9998,,1,JordanManual,CCCAGG,0.9998,0.9998,0.9998,BFX,1509915600,2017-12-28 01:14:48.478985,0,0.0
2030,0.9998,BFX,1,JordanManual,CCCAGG,0.9998,0.9998,0.9998,,1509915600,2017-12-26 23:21:23.208812,0,0.0
2031,0.9998,,1,JordanManual,Bitfinex,0.9998,0.9998,0.9998,BFX,1509915600,2017-12-28 01:09:55.862859,0,0.0
2032,0.9998,BFX,1,JordanManual,CCCAGG,0.9998,0.9998,0.9998,,1509919200,2017-12-26 23:21:23.208812,0,0.0
2033,0.9998,BFX,1,JordanManual,Bitfinex,0.9998,0.9998,0.9998,,1509919200,2017-12-26 23:21:24.889614,0,0.0
2034,0.9998,BFX,1,JordanManual,CCCAGG,0.9998,0.9998,0.9998,,1509922800,2017-12-26 23:21:23.208812,0,0.0
2035,0.9998,BFX,1,JordanManual,Bitfinex,0.9998,0.9998,0.9998,,1509922800,2017-12-26 23:21:24.889614,0,0.0
2036,0.9998,BFX,1,JordanManual,Bitfinex,0.9998,0.9998,0.9998,,1509926400,2017-12-26 23:21:24.889614,0,0.0
2037,0.9998,,1,JordanManual,CCCAGG,0.9998,0.9998,0.9998,BFX,1509926400,2017-12-28 01:14:48.478985,0,0.0
2038,0.9998,,1,JordanManual,Bitfinex,0.9998,0.9998,0.9998,BFX,1509926400,2017-12-28 01:09:55.862859,0,0.0
2039,0.9998,BFX,1,JordanManual,CCCAGG,0.9998,0.9998,0.9998,,1509926400,2017-12-26 23:21:23.208812,0,0.0
2040,0.9998,BFX,1,JordanManual,Bitfinex,0.9998,0.9998,0.9998,,1509930000,2017-12-26 23:21:24.889614,0,0.0
2041,0.9998,BFX,1,JordanManual,CCCAGG,0.9998,0.9998,0.9998,,1509930000,2017-12-26 23:21:23.208812,0,0.0
2042,0.9998,BFX,1,JordanManual,Bitfinex,0.9998,0.9998,0.9998,,1509933600,2017-12-26 23:21:24.889614,0,0.0
2043,0.9998,BFX,1,JordanManual,CCCAGG,0.9998,0.9998,0.9998,,1509933600,2017-12-26 23:21:23.208812,0,0.0
2044,0.9998,,1,JordanManual,Bitfinex,0.9998,0.9998,0.9998,BFX,1509937200,2017-12-28 01:09:55.862859,0,0.0
2045,0.9998,BFX,1,JordanManual,CCCAGG,0.9998,0.9998,0.9998,,1509937200,2017-12-26 23:21:23.208812,0,0.0
2046,0.9998,BFX,1,JordanManual,Bitfinex,0.9998,0.9998,0.9998,,1509937200,2017-12-26 23:21:24.889614,0,0.0
2047,0.9998,,1,JordanManual,CCCAGG,0.9998,0.9998,0.9998,BFX,1509937200,2017-12-28 01:14:48.478985,0,0.0
2048,0.9998,BFX,1,JordanManual,Bitfinex,0.9998,0.9998,0.9998,,1509940800,2017-12-26 23:21:24.889614,0,0.0
2049,0.9998,BFX,1,JordanManual,CCCAGG,0.9998,0.9998,0.9998,,1509940800,2017-12-26 23:21:23.208812,0,0.0
2050,0.9998,BFX,1,JordanManual,Bitfinex,0.9998,0.9998,0.9998,,1509944400,2017-12-26 23:21:24.889614,0,0.0
2051,0.9998,BFX,1,JordanManual,CCCAGG,0.9998,0.9998,0.9998,,1509944400,2017-12-26 23:21:23.208812,0,0.0
2052,0.9998,,1,JordanManual,CCCAGG,0.9998,0.9998,0.9998,BFX,1509948000,2017-12-28 01:14:48.478985,0,0.0
2053,0.9998,,1,JordanManual,Bitfinex,0.9998,0.9998,0.9998,BFX,1509948000,2017-12-28 01:09:55.862859,0,0.0
2054,0.9998,BFX,1,JordanManual,CCCAGG,0.9998,0.9998,0.9998,,1509948000,2017-12-26 23:21:23.208812,0,0.0
2055,0.9998,BFX,1,JordanManual,Bitfinex,0.9998,0.9998,0.9998,,1509948000,2017-12-26 23:21:24.889614,0,0.0
2056,0.9998,BFX,1,JordanManual,CCCAGG,0.9998,0.9998,0.9998,,1509951600,2017-12-26 23:21:23.208812,0,0.0
2057,0.9998,BFX,1,JordanManual,Bitfinex,0.9998,0.9998,0.9998,,1509951600,2017-12-26 23:21:24.889614,0,0.0
2058,0.9998,BFX,1,JordanManual,CCCAGG,0.9998,0.9998,0.9998,,1509955200,2017-12-26 23:21:23.208812,0,0.0
2059,0.9998,BFX,1,JordanManual,Bitfinex,0.9998,0.9998,0.9998,,1509955200,2017-12-26 23:21:24.889614,0,0.0
2060,0.9998,,1,JordanManual,Bitfinex,0.9998,0.9998,0.9998,BFX,1509958800,2017-12-28 01:09:55.862859,0,0.0
2061,0.9998,,1,JordanManual,CCCAGG,0.9998,0.9998,0.9998,BFX,1509958800,2017-12-28 01:14:48.478985,0,0.0
2062,0.9998,BFX,1,JordanManual,CCCAGG,0.9998,0.9998,0.9998,,1509958800,2017-12-26 23:21:23.208812,0,0.0
2063,0.9998,BFX,1,JordanManual,Bitfinex,0.9998,0.9998,0.9998,,1509958800,2017-12-26 23:21:24.889614,0,0.0
2064,0.9998,BFX,1,JordanManual,Bitfinex,0.9998,0.9998,0.9998,,1509962400,2017-12-26 23:21:24.889614,0,0.0
2065,0.9998,BFX,1,JordanManual,CCCAGG,0.9998,0.9998,0.9998,,1509962400,2017-12-26 23:21:23.208812,0,0.0
2066,0.9998,BFX,1,JordanManual,CCCAGG,0.9998,0.9998,0.9998,,1509966000,2017-12-26 23:21:23.208812,0,0.0
2067,0.9998,BFX,1,JordanManual,Bitfinex,0.9998,0.9998,0.9998,,1509966000,2017-12-26 23:21:24.889614,0,0.0
2068,0.9998,BFX,1,JordanManual,Bitfinex,0.9998,0.9998,0.9998,,1509969600,2017-12-26 23:21:24.889614,0,0.0
2069,0.9998,BFX,1,JordanManual,CCCAGG,0.9998,0.9998,0.9998,,1509969600,2017-12-26 23:21:23.208812,0,0.0
2070,0.9998,,1,JordanManual,Bitfinex,0.9998,0.9998,0.9998,BFX,1509969600,2017-12-28 01:09:55.862859,0,0.0
2071,0.9998,,1,JordanManual,CCCAGG,0.9998,0.9998,0.9998,BFX,1509969600,2017-12-28 01:14:48.478985,0,0.0
2072,0.9998,BFX,1,JordanManual,CCCAGG,0.9998,0.9998,0.9998,,1509973200,2017-12-26 23:21:23.208812,0,0.0
2073,0.9998,BFX,1,JordanManual,Bitfinex,0.9998,0.9998,0.9998,,1509973200,2017-12-26 23:21:24.889614,0,0.0
2074,0.9998,BFX,1,JordanManual,Bitfinex,0.9998,0.9998,0.9998,,1509976800,2017-12-26 23:21:24.889614,0,0.0
2075,0.9998,BFX,1,JordanManual,CCCAGG,0.9998,0.9998,0.9998,,1509976800,2017-12-26 23:21:23.208812,0,0.0
2076,0.9998,BFX,1,JordanManual,CCCAGG,0.9998,0.9998,0.9998,,1509980400,2017-12-26 23:21:23.208812,0,0.0
2077,0.9998,,1,JordanManual,CCCAGG,0.9998,0.9998,0.9998,BFX,1509980400,2017-12-28 01:14:48.478985,0,0.0
2078,0.9998,BFX,1,JordanManual,Bitfinex,0.9998,0.9998,0.9998,,1509980400,2017-12-26 23:21:24.889614,0,0.0
2079,0.9998,,1,JordanManual,Bitfinex,0.9998,0.9998,0.9998,BFX,1509980400,2017-12-28 01:09:55.862859,0,0.0
2080,0.9998,BFX,1,JordanManual,CCCAGG,0.9998,0.9998,0.9998,,1509984000,2017-12-26 23:21:23.208812,0,0.0
2081,0.9998,BFX,1,JordanManual,Bitfinex,0.9998,0.9998,0.9998,,1509984000,2017-12-26 23:21:24.889614,0,0.0
2082,0.9998,BFX,1,JordanManual,CCCAGG,0.9998,0.9998,0.9998,,1509987600,2017-12-26 23:21:23.208812,0,0.0
2083,0.9998,BFX,1,JordanManual,Bitfinex,0.9998,0.9998,0.9998,,1509987600,2017-12-26 23:21:24.889614,0,0.0
2084,0.9998,,1,JordanManual,Bitfinex,0.9998,0.9998,0.9998,BFX,1509991200,2017-12-28 01:09:55.862859,0,0.0
2085,0.9998,BFX,1,JordanManual,CCCAGG,0.9998,0.9998,0.9998,,1509991200,2017-12-26 23:21:23.208812,0,0.0
2086,0.9998,BFX,1,JordanManual,Bitfinex,0.9998,0.9998,0.9998,,1509991200,2017-12-26 23:21:24.889614,0,0.0
2087,0.9998,,1,JordanManual,CCCAGG,0.9998,0.9998,0.9998,BFX,1509991200,2017-12-28 01:14:48.478985,0,0.0
2088,0.9998,BFX,1,JordanManual,Bitfinex,0.9998,0.9998,0.9998,,1509994800,2017-12-26 23:21:24.889614,0,0.0
2089,0.9998,BFX,1,JordanManual,CCCAGG,0.9998,0.9998,0.9998,,1509994800,2017-12-26 23:21:23.208812,0,0.0
2090,0.9998,BFX,1,JordanManual,Bitfinex,0.9998,0.9998,0.9998,,1509998400,2017-12-26 23:21:24.889614,0,0.0
2091,0.9998,BFX,1,JordanManual,CCCAGG,0.9998,0.9998,0.9998,,1509998400,2017-12-26 23:21:23.208812,0,0.0
2092,0.9998,BFX,1,JordanManual,CCCAGG,0.9998,0.9998,0.9998,,1510002000,2017-12-26 23:21:23.208812,0,0.0
2093,0.9998,,1,JordanManual,CCCAGG,0.9998,0.9998,0.9998,BFX,1510002000,2017-12-28 01:14:48.478985,0,0.0
2094,0.9998,BFX,1,JordanManual,Bitfinex,0.9998,0.9998,0.9998,,1510002000,2017-12-26 23:21:24.889614,0,0.0
2095,0.9998,,1,JordanManual,Bitfinex,0.9998,0.9998,0.9998,BFX,1510002000,2017-12-28 01:09:55.862859,0,0.0
2096,0.9998,BFX,1,JordanManual,Bitfinex,0.9998,0.9998,0.9998,,1510005600,2017-12-26 23:21:24.889614,0,0.0
2097,0.9998,BFX,1,JordanManual,CCCAGG,0.9998,0.9998,0.9998,,1510005600,2017-12-26 23:21:23.208812,0,0.0
2098,0.9998,BFX,1,JordanManual,CCCAGG,0.9998,0.9998,0.9998,,1510009200,2017-12-26 23:21:23.208812,0,0.0
2099,0.9998,BFX,1,JordanManual,Bitfinex,0.9998,0.9998,0.9998,,1510009200,2017-12-26 23:21:24.889614,0,0.0
2100,0.9998,BFX,1,JordanManual,CCCAGG,0.9998,0.9998,0.9998,,1510012800,2017-12-26 23:21:23.208812,0,0.0
2101,0.9998,,1,JordanManual,Bitfinex,0.9998,0.9998,0.9998,BFX,1510012800,2017-12-28 01:09:55.862859,0,0.0
2102,0.9998,,1,JordanManual,CCCAGG,0.9998,0.9998,0.9998,BFX,1510012800,2017-12-28 01:14:48.478985,0,0.0
2103,0.9998,BFX,1,JordanManual,Bitfinex,0.9998,0.9998,0.9998,,1510012800,2017-12-26 23:21:24.889614,0,0.0
2104,0.9998,BFX,1,JordanManual,CCCAGG,0.9998,0.9998,0.9998,,1510016400,2017-12-26 23:21:23.208812,0,0.0
2105,0.9998,BFX,1,JordanManual,Bitfinex,0.9998,0.9998,0.9998,,1510016400,2017-12-26 23:21:24.889614,0,0.0
2106,0.9998,BFX,1,JordanManual,CCCAGG,0.9998,0.9998,0.9998,,1510020000,2017-12-26 23:21:23.208812,0,0.0
2107,0.9998,BFX,1,JordanManual,Bitfinex,0.9998,0.9998,0.9998,,1510020000,2017-12-26 23:21:24.889614,0,0.0
2108,0.9998,,1,JordanManual,CCCAGG,0.9998,0.9998,0.9998,BFX,1510023600,2017-12-28 01:14:48.478985,0,0.0
2109,0.9998,BFX,1,JordanManual,CCCAGG,0.9998,0.9998,0.9998,,1510023600,2017-12-26 23:21:23.208812,0,0.0
2110,0.9998,BFX,1,JordanManual,Bitfinex,0.9998,0.9998,0.9998,,1510023600,2017-12-26 23:21:24.889614,0,0.0
2111,0.9998,,1,JordanManual,Bitfinex,0.9998,0.9998,0.9998,BFX,1510023600,2017-12-28 01:09:55.862859,0,0.0
2112,0.9998,BFX,1,JordanManual,Bitfinex,0.9998,0.9998,0.9998,,1510027200,2017-12-26 23:21:24.889614,0,0.0
2113,0.9998,BFX,1,JordanManual,CCCAGG,0.9998,0.9998,0.9998,,1510027200,2017-12-26 23:21:23.208812,0,0.0
2114,0.9998,BFX,1,JordanManual,CCCAGG,0.9998,0.9998,0.9998,,1510030800,2017-12-26 23:21:23.208812,0,0.0
2115,0.9998,BFX,1,JordanManual,Bitfinex,0.9998,0.9998,0.9998,,1510030800,2017-12-26 23:21:24.889614,0,0.0
2116,0.9998,BFX,1,JordanManual,CCCAGG,0.9998,0.9998,0.9998,,1510034400,2017-12-26 23:21:23.208812,0,0.0
2117,0.9998,,1,JordanManual,CCCAGG,0.9998,0.9998,0.9998,BFX,1510034400,2017-12-28 01:14:48.478985,0,0.0
2118,0.9998,BFX,1,JordanManual,Bitfinex,0.9998,0.9998,0.9998,,1510034400,2017-12-26 23:21:24.889614,0,0.0
2119,0.9998,,1,JordanManual,Bitfinex,0.9998,0.9998,0.9998,BFX,1510034400,2017-12-28 01:09:55.862859,0,0.0
2120,0.9998,BFX,1,JordanManual,CCCAGG,0.9998,0.9998,0.9998,,1510038000,2017-12-26 23:21:23.208812,0,0.0
2121,0.9998,BFX,1,JordanManual,Bitfinex,0.9998,0.9998,0.9998,,1510038000,2017-12-26 23:21:24.889614,0,0.0
2122,0.9998,BFX,1,JordanManual,Bitfinex,0.9998,0.9998,0.9998,,1510041600,2017-12-26 23:21:24.889614,0,0.0
2123,0.9998,BFX,1,JordanManual,CCCAGG,0.9998,0.9998,0.9998,,1510041600,2017-12-26 23:21:23.208812,0,0.0
2124,0.9998,BFX,1,JordanManual,Bitfinex,0.9998,0.9998,0.9998,,1510045200,2017-12-26 23:21:24.889614,0,0.0
2125,0.9998,,1,JordanManual,Bitfinex,0.9998,0.9998,0.9998,BFX,1510045200,2017-12-28 01:09:55.862859,0,0.0
2126,0.9998,,1,JordanManual,CCCAGG,0.9998,0.9998,0.9998,BFX,1510045200,2017-12-28 01:14:48.478985,0,0.0
2127,0.9998,BFX,1,JordanManual,CCCAGG,0.9998,0.9998,0.9998,,1510045200,2017-12-26 23:21:23.208812,0,0.0
2128,0.9998,BFX,1,JordanManual,CCCAGG,0.9998,0.9998,0.9998,,1510048800,2017-12-26 23:21:23.208812,0,0.0
2129,0.9998,BFX,1,JordanManual,Bitfinex,0.9998,0.9998,0.9998,,1510048800,2017-12-26 23:21:24.889614,0,0.0
2130,0.9998,BFX,1,JordanManual,Bitfinex,0.9998,0.9998,0.9998,,1510052400,2017-12-26 23:21:24.889614,0,0.0
2131,0.9998,BFX,1,JordanManual,CCCAGG,0.9998,0.9998,0.9998,,1510052400,2017-12-26 23:21:23.208812,0,0.0
2132,0.9998,,1,JordanManual,Bitfinex,0.9998,0.9998,0.9998,BFX,1510056000,2017-12-28 01:09:55.862859,0,0.0
2133,0.9998,,1,JordanManual,CCCAGG,0.9998,0.9998,0.9998,BFX,1510056000,2017-12-28 01:14:48.478985,0,0.0
2134,0.9998,BFX,1,JordanManual,CCCAGG,0.9998,0.9998,0.9998,,1510056000,2017-12-26 23:21:23.208812,0,0.0
2135,0.9998,BFX,1,JordanManual,Bitfinex,0.9998,0.9998,0.9998,,1510056000,2017-12-26 23:21:24.889614,0,0.0
2136,0.9998,BFX,1,JordanManual,CCCAGG,0.9998,0.9998,0.9998,,1510059600,2017-12-26 23:21:23.208812,0,0.0
2137,0.9998,BFX,1,JordanManual,Bitfinex,0.9998,0.9998,0.9998,,1510059600,2017-12-26 23:21:24.889614,0,0.0
2138,0.9998,BFX,1,JordanManual,CCCAGG,0.9998,0.9998,0.9998,,1510063200,2017-12-26 23:21:23.208812,0,0.0
2139,0.9998,BFX,1,JordanManual,Bitfinex,0.9998,0.9998,0.9998,,1510063200,2017-12-26 23:21:24.889614,0,0.0
2140,0.9998,BFX,1,JordanManual,CCCAGG,0.9998,0.9998,0.9998,,1510066800,2017-12-26 23:21:23.208812,0,0.0
2141,0.9998,,1,JordanManual,CCCAGG,0.9998,0.9998,0.9998,BFX,1510066800,2017-12-28 01:14:48.478985,0,0.0
2142,0.9998,,1,JordanManual,Bitfinex,0.9998,0.9998,0.9998,BFX,1510066800,2017-12-28 01:09:55.862859,0,0.0
2143,0.9998,BFX,1,JordanManual,Bitfinex,0.9998,0.9998,0.9998,,1510066800,2017-12-26 23:21:24.889614,0,0.0
2144,0.9998,BFX,1,JordanManual,CCCAGG,0.9998,0.9998,0.9998,,1510070400,2017-12-26 23:21:23.208812,0,0.0
2145,0.9998,BFX,1,JordanManual,Bitfinex,0.9998,0.9998,0.9998,,1510070400,2017-12-26 23:21:24.889614,0,0.0
2146,0.9998,BFX,1,JordanManual,CCCAGG,0.9998,0.9998,0.9998,,1510074000,2017-12-26 23:21:23.208812,0,0.0
2147,0.9998,BFX,1,JordanManual,Bitfinex,0.9998,0.9998,0.9998,,1510074000,2017-12-26 23:21:24.889614,0,0.0
2148,0.9998,,1,JordanManual,CCCAGG,0.9998,0.9998,0.9998,BFX,1510077600,2017-12-28 01:14:48.478985,0,0.0
2149,0.9998,BFX,1,JordanManual,CCCAGG,0.9998,0.9998,0.9998,,1510077600,2017-12-26 23:21:23.208812,0,0.0
2150,0.9998,BFX,1,JordanManual,Bitfinex,0.9998,0.9998,0.9998,,1510077600,2017-12-26 23:21:24.889614,0,0.0
2151,0.9998,,1,JordanManual,Bitfinex,0.9998,0.9998,0.9998,BFX,1510077600,2017-12-28 01:09:55.862859,0,0.0
2152,0.9998,BFX,1,JordanManual,Bitfinex,0.9998,0.9998,0.9998,,1510081200,2017-12-26 23:21:24.889614,0,0.0
2153,0.9998,BFX,1,JordanManual,CCCAGG,0.9998,0.9998,0.9998,,1510081200,2017-12-26 23:21:23.208812,0,0.0
2154,0.9998,BFX,1,JordanManual,Bitfinex,0.9998,0.9998,0.9998,,1510084800,2017-12-26 23:21:24.889614,0,0.0
2155,0.9998,BFX,1,JordanManual,CCCAGG,0.9998,0.9998,0.9998,,1510084800,2017-12-26 23:21:23.208812,0,0.0
2156,0.9998,BFX,1,JordanManual,CCCAGG,0.9998,0.9998,0.9998,,1510088400,2017-12-26 23:21:23.208812,0,0.0
2157,0.9998,,1,JordanManual,Bitfinex,0.9998,0.9998,0.9998,BFX,1510088400,2017-12-28 01:09:55.862859,0,0.0
2158,0.9998,BFX,1,JordanManual,Bitfinex,0.9998,0.9998,0.9998,,1510088400,2017-12-26 23:21:24.889614,0,0.0
2159,0.9998,,1,JordanManual,CCCAGG,0.9998,0.9998,0.9998,BFX,1510088400,2017-12-28 01:14:48.478985,0,0.0
2160,0.9998,BFX,1,JordanManual,CCCAGG,0.9998,0.9998,0.9998,,1510092000,2017-12-26 23:21:23.208812,0,0.0
2161,0.9998,BFX,1,JordanManual,Bitfinex,0.9998,0.9998,0.9998,,1510092000,2017-12-26 23:21:24.889614,0,0.0
2162,0.9998,BFX,1,JordanManual,CCCAGG,0.9998,0.9998,0.9998,,1510095600,2017-12-26 23:21:23.208812,0,0.0
2163,0.9998,BFX,1,JordanManual,Bitfinex,0.9998,0.9998,0.9998,,1510095600,2017-12-26 23:21:24.889614,0,0.0
2164,0.9998,,1,JordanManual,Bitfinex,0.9998,0.9998,0.9998,BFX,1510099200,2017-12-28 01:09:55.862859,0,0.0
2165,0.9998,BFX,1,JordanManual,Bitfinex,0.9998,0.9998,0.9998,,1510099200,2017-12-26 23:21:24.889614,0,0.0
2166,0.9998,,1,JordanManual,CCCAGG,0.9998,0.9998,0.9998,BFX,1510099200,2017-12-28 01:14:48.478985,0,0.0
2167,0.9998,BFX,1,JordanManual,CCCAGG,0.9998,0.9998,0.9998,,1510099200,2017-12-26 23:21:23.208812,0,0.0
2168,0.9998,BFX,1,JordanManual,Bitfinex,0.9998,0.9998,0.9998,,1510102800,2017-12-26 23:21:24.889614,0,0.0
2169,0.9998,BFX,1,JordanManual,CCCAGG,0.9998,0.9998,0.9998,,1510102800,2017-12-26 23:21:23.208812,0,0.0
2170,0.9998,BFX,1,JordanManual,CCCAGG,0.9998,0.9998,0.9998,,1510106400,2017-12-26 23:21:23.208812,0,0.0
2171,0.9998,BFX,1,JordanManual,Bitfinex,0.9998,0.9998,0.9998,,1510106400,2017-12-26 23:21:24.889614,0,0.0
2172,0.9998,BFX,1,JordanManual,Bitfinex,0.9998,0.9998,0.9998,,1510110000,2017-12-26 23:21:24.889614,0,0.0
2173,0.9998,BFX,1,JordanManual,CCCAGG,0.9998,0.9998,0.9998,,1510110000,2017-12-26 23:21:23.208812,0,0.0
2174,0.9998,,1,JordanManual,CCCAGG,0.9998,0.9998,0.9998,BFX,1510110000,2017-12-28 01:14:48.478985,0,0.0
2175,0.9998,,1,JordanManual,Bitfinex,0.9998,0.9998,0.9998,BFX,1510110000,2017-12-28 01:09:55.862859,0,0.0
2176,0.9998,BFX,1,JordanManual,Bitfinex,0.9998,0.9998,0.9998,,1510113600,2017-12-26 23:21:24.889614,0,0.0
2177,0.9998,BFX,1,JordanManual,CCCAGG,0.9998,0.9998,0.9998,,1510113600,2017-12-26 23:21:23.208812,0,0.0
2178,0.9998,BFX,1,JordanManual,Bitfinex,0.9998,0.9998,0.9998,,1510117200,2017-12-26 23:21:24.889614,0,0.0
2179,0.9998,BFX,1,JordanManual,CCCAGG,0.9998,0.9998,0.9998,,1510117200,2017-12-26 23:21:23.208812,0,0.0
2180,0.9998,,1,JordanManual,CCCAGG,0.9998,0.9998,0.9998,BFX,1510120800,2017-12-28 01:14:48.478985,0,0.0
2181,0.9998,BFX,1,JordanManual,CCCAGG,0.9998,0.9998,0.9998,,1510120800,2017-12-26 23:21:23.208812,0,0.0
2182,0.9998,BFX,1,JordanManual,Bitfinex,0.9998,0.9998,0.9998,,1510120800,2017-12-26 23:21:24.889614,0,0.0
2183,0.9998,,1,JordanManual,Bitfinex,0.9998,0.9998,0.9998,BFX,1510120800,2017-12-28 01:09:55.862859,0,0.0
2184,0.9998,BFX,1,JordanManual,Bitfinex,0.9998,0.9998,0.9998,,1510124400,2017-12-26 23:21:24.889614,0,0.0
2185,0.9998,BFX,1,JordanManual,CCCAGG,0.9998,0.9998,0.9998,,1510124400,2017-12-26 23:21:23.208812,0,0.0
2186,0.9998,BFX,1,JordanManual,CCCAGG,0.9998,0.9998,0.9998,,1510128000,2017-12-26 23:21:23.208812,0,0.0
2187,0.9998,BFX,1,JordanManual,Bitfinex,0.9998,0.9998,0.9998,,1510128000,2017-12-26 23:21:24.889614,0,0.0
2188,0.9998,,1,JordanManual,Bitfinex,0.9998,0.9998,0.9998,BFX,1510131600,2017-12-28 01:09:55.862859,0,0.0
2189,0.9998,,1,JordanManual,CCCAGG,0.9998,0.9998,0.9998,BFX,1510131600,2017-12-28 01:14:48.478985,0,0.0
2190,0.9998,BFX,1,JordanManual,CCCAGG,0.9998,0.9998,0.9998,,1510131600,2017-12-26 23:21:23.208812,0,0.0
2191,0.9998,BFX,1,JordanManual,Bitfinex,0.9998,0.9998,0.9998,,1510131600,2017-12-26 23:21:24.889614,0,0.0
2192,0.9998,BFX,1,JordanManual,Bitfinex,0.9998,0.9998,0.9998,,1510135200,2017-12-26 23:21:24.889614,0,0.0
2193,0.9998,BFX,1,JordanManual,CCCAGG,0.9998,0.9998,0.9998,,1510135200,2017-12-26 23:21:23.208812,0,0.0
2194,0.9998,BFX,1,JordanManual,CCCAGG,0.9998,0.9998,0.9998,,1510138800,2017-12-26 23:21:23.208812,0,0.0
2195,0.9998,BFX,1,JordanManual,Bitfinex,0.9998,0.9998,0.9998,,1510138800,2017-12-26 23:21:24.889614,0,0.0
2196,0.9998,,1,JordanManual,CCCAGG,0.9998,0.9998,0.9998,BFX,1510142400,2017-12-28 01:14:48.478985,0,0.0
2197,0.9998,BFX,1,JordanManual,CCCAGG,0.9998,0.9998,0.9998,,1510142400,2017-12-26 23:21:23.208812,0,0.0
2198,0.9998,,1,JordanManual,Bitfinex,0.9998,0.9998,0.9998,BFX,1510142400,2017-12-28 01:09:55.862859,0,0.0
2199,0.9998,BFX,1,JordanManual,Bitfinex,0.9998,0.9998,0.9998,,1510142400,2017-12-26 23:21:24.889614,0,0.0
2200,0.9998,BFX,1,JordanManual,Bitfinex,0.9998,0.9998,0.9998,,1510146000,2017-12-26 23:21:24.889614,0,0.0
2201,0.9998,BFX,1,JordanManual,CCCAGG,0.9998,0.9998,0.9998,,1510146000,2017-12-26 23:21:23.208812,0,0.0
2202,0.9998,BFX,1,JordanManual,Bitfinex,0.9998,0.9998,0.9998,,1510149600,2017-12-26 23:21:24.889614,0,0.0
2203,0.9998,BFX,1,JordanManual,CCCAGG,0.9998,0.9998,0.9998,,1510149600,2017-12-26 23:21:23.208812,0,0.0
2204,0.9998,BFX,1,JordanManual,Bitfinex,0.9998,0.9998,0.9998,,1510153200,2017-12-26 23:21:24.889614,0,0.0
2205,0.9998,BFX,1,JordanManual,CCCAGG,0.9998,0.9998,0.9998,,1510153200,2017-12-26 23:21:23.208812,0,0.0
2206,0.9998,,1,JordanManual,CCCAGG,0.9998,0.9998,0.9998,BFX,1510153200,2017-12-28 01:14:48.478985,0,0.0
2207,0.9998,,1,JordanManual,Bitfinex,0.9998,0.9998,0.9998,BFX,1510153200,2017-12-28 01:09:55.862859,0,0.0
2208,0.9998,BFX,1,JordanManual,CCCAGG,0.9998,0.9998,0.9998,,1510156800,2017-12-26 23:21:23.208812,0,0.0
2209,0.9998,BFX,1,JordanManual,Bitfinex,0.9998,0.9998,0.9998,,1510156800,2017-12-26 23:21:24.889614,0,0.0
2210,0.9998,BFX,1,JordanManual,CCCAGG,0.9998,0.9998,0.9998,,1510160400,2017-12-26 23:21:23.208812,0,0.0
2211,0.9998,BFX,1,JordanManual,Bitfinex,0.9998,0.9998,0.9998,,1510160400,2017-12-26 23:21:24.889614,0,0.0
2212,0.9998,,1,JordanManual,CCCAGG,0.9998,0.9998,0.9998,BFX,1510164000,2017-12-28 01:14:48.478985,0,0.0
2213,0.9998,BFX,1,JordanManual,CCCAGG,0.9998,0.9998,0.9998,,1510164000,2017-12-26 23:21:23.208812,0,0.0
2214,0.9998,BFX,1,JordanManual,Bitfinex,0.9998,0.9998,0.9998,,1510164000,2017-12-26 23:21:24.889614,0,0.0
2215,0.9998,,1,JordanManual,Bitfinex,0.9998,0.9998,0.9998,BFX,1510164000,2017-12-28 01:09:55.862859,0,0.0
2216,0.9998,BFX,1,JordanManual,CCCAGG,0.9998,0.9998,0.9998,,1510167600,2017-12-26 23:21:23.208812,0,0.0
2217,0.9998,BFX,1,JordanManual,Bitfinex,0.9998,0.9998,0.9998,,1510167600,2017-12-26 23:21:24.889614,0,0.0
2218,0.9998,BFX,1,JordanManual,Bitfinex,0.9998,0.9998,0.9998,,1510171200,2017-12-26 23:21:24.889614,0,0.0
2219,0.9998,BFX,1,JordanManual,CCCAGG,0.9998,0.9998,0.9998,,1510171200,2017-12-26 23:21:23.208812,0,0.0
2220,0.9998,,1,JordanManual,CCCAGG,0.9998,0.9998,0.9998,BFX,1510174800,2017-12-28 01:14:48.478985,0,0.0
2221,0.9998,BFX,1,JordanManual,CCCAGG,0.9998,0.9998,0.9998,,1510174800,2017-12-26 23:21:23.208812,0,0.0
2222,0.9998,BFX,1,JordanManual,Bitfinex,0.9998,0.9998,0.9998,,1510174800,2017-12-26 23:21:24.889614,0,0.0
2223,0.9998,,1,JordanManual,Bitfinex,0.9998,0.9998,0.9998,BFX,1510174800,2017-12-28 01:09:55.862859,0,0.0
2224,0.9998,BFX,1,JordanManual,CCCAGG,0.9998,0.9998,0.9998,,1510178400,2017-12-26 23:21:23.208812,0,0.0
2225,0.9998,BFX,1,JordanManual,Bitfinex,0.9998,0.9998,0.9998,,1510178400,2017-12-26 23:21:24.889614,0,0.0
2226,0.9998,BFX,1,JordanManual,CCCAGG,0.9998,0.9998,0.9998,,1510182000,2017-12-26 23:21:23.208812,0,0.0
2227,0.9998,BFX,1,JordanManual,Bitfinex,0.9998,0.9998,0.9998,,1510182000,2017-12-26 23:21:24.889614,0,0.0
2228,0.9998,,1,JordanManual,Bitfinex,0.9998,0.9998,0.9998,BFX,1510185600,2017-12-28 01:09:55.862859,0,0.0
2229,0.9998,,1,JordanManual,CCCAGG,0.9998,0.9998,0.9998,BFX,1510185600,2017-12-28 01:14:48.478985,0,0.0
2230,0.9998,BFX,1,JordanManual,CCCAGG,0.9998,0.9998,0.9998,,1510185600,2017-12-26 23:21:23.208812,0,0.0
2231,0.9998,BFX,1,JordanManual,Bitfinex,0.9998,0.9998,0.9998,,1510185600,2017-12-26 23:21:24.889614,0,0.0
2232,0.9998,BFX,1,JordanManual,Bitfinex,0.9998,0.9998,0.9998,,1510189200,2017-12-26 23:21:24.889614,0,0.0
2233,0.9998,BFX,1,JordanManual,CCCAGG,0.9998,0.9998,0.9998,,1510189200,2017-12-26 23:21:23.208812,0,0.0
2234,0.9998,BFX,1,JordanManual,Bitfinex,0.9998,0.9998,0.9998,,1510192800,2017-12-26 23:21:24.889614,0,0.0
2235,0.9998,BFX,1,JordanManual,CCCAGG,0.9998,0.9998,0.9998,,1510192800,2017-12-26 23:21:23.208812,0,0.0
2236,0.9998,BFX,1,JordanManual,Bitfinex,0.9998,0.9998,0.9998,,1510196400,2017-12-26 23:21:24.889614,0,0.0
2237,0.9998,BFX,1,JordanManual,CCCAGG,0.9998,0.9998,0.9998,,1510196400,2017-12-26 23:21:23.208812,0,0.0
2238,0.9998,,1,JordanManual,CCCAGG,0.9998,0.9998,0.9998,BFX,1510196400,2017-12-28 01:14:48.478985,0,0.0
2239,0.9998,,1,JordanManual,Bitfinex,0.9998,0.9998,0.9998,BFX,1510196400,2017-12-28 01:09:55.862859,0,0.0
2240,0.9998,BFX,1,JordanManual,Bitfinex,0.9998,0.9998,0.9998,,1510200000,2017-12-26 23:21:24.889614,0,0.0
2241,0.9998,BFX,1,JordanManual,CCCAGG,0.9998,0.9998,0.9998,,1510200000,2017-12-26 23:21:23.208812,0,0.0
2242,0.9998,BFX,1,JordanManual,CCCAGG,0.9998,0.9998,0.9998,,1510203600,2017-12-26 23:21:23.208812,0,0.0
2243,0.9998,BFX,1,JordanManual,Bitfinex,0.9998,0.9998,0.9998,,1510203600,2017-12-26 23:21:24.889614,0,0.0
2244,0.9998,,1,JordanManual,CCCAGG,0.9998,0.9998,0.9998,BFX,1510207200,2017-12-28 01:14:48.478985,0,0.0
2245,0.9998,BFX,1,JordanManual,Bitfinex,0.9998,0.9998,0.9998,,1510207200,2017-12-26 23:21:24.889614,0,0.0
2246,0.9998,,1,JordanManual,Bitfinex,0.9998,0.9998,0.9998,BFX,1510207200,2017-12-28 01:09:55.862859,0,0.0
2247,0.9998,BFX,1,JordanManual,CCCAGG,0.9998,0.9998,0.9998,,1510207200,2017-12-26 23:21:23.208812,0,0.0
2248,0.9998,BFX,1,JordanManual,CCCAGG,0.9998,0.9998,0.9998,,1510210800,2017-12-26 23:21:23.208812,0,0.0
2249,0.9998,BFX,1,JordanManual,Bitfinex,0.9998,0.9998,0.9998,,1510210800,2017-12-26 23:21:24.889614,0,0.0
2250,0.9998,BFX,1,JordanManual,CCCAGG,0.9998,0.9998,0.9998,,1510214400,2017-12-26 23:21:23.208812,0,0.0
2251,0.9998,BFX,1,JordanManual,Bitfinex,0.9998,0.9998,0.9998,,1510214400,2017-12-26 23:21:24.889614,0,0.0
2252,0.9998,,1,JordanManual,CCCAGG,0.9998,0.9998,0.9998,BFX,1510218000,2017-12-28 01:14:48.478985,0,0.0
2253,0.9998,BFX,1,JordanManual,Bitfinex,0.9998,0.9998,0.9998,,1510218000,2017-12-26 23:21:24.889614,0,0.0
2254,0.9998,BFX,1,JordanManual,CCCAGG,0.9998,0.9998,0.9998,,1510218000,2017-12-26 23:21:23.208812,0,0.0
2255,0.9998,,1,JordanManual,Bitfinex,0.9998,0.9998,0.9998,BFX,1510218000,2017-12-28 01:09:55.862859,0,0.0
2256,0.9998,BFX,1,JordanManual,CCCAGG,0.9998,0.9998,0.9998,,1510221600,2017-12-26 23:21:23.208812,0,0.0
2257,0.9998,BFX,1,JordanManual,Bitfinex,0.9998,0.9998,0.9998,,1510221600,2017-12-26 23:21:24.889614,0,0.0
2258,0.9998,BFX,1,JordanManual,Bitfinex,0.9998,0.9998,0.9998,,1510225200,2017-12-26 23:21:24.889614,0,0.0
2259,0.9998,BFX,1,JordanManual,CCCAGG,0.9998,0.9998,0.9998,,1510225200,2017-12-26 23:21:23.208812,0,0.0
2260,0.9998,BFX,1,JordanManual,CCCAGG,0.9998,0.9998,0.9998,,1510228800,2017-12-26 23:21:23.208812,0,0.0
2261,0.9998,,1,JordanManual,Bitfinex,0.9998,0.9998,0.9998,BFX,1510228800,2017-12-28 01:09:55.862859,0,0.0
2262,0.9998,BFX,1,JordanManual,Bitfinex,0.9998,0.9998,0.9998,,1510228800,2017-12-26 23:21:24.889614,0,0.0
2263,0.9998,,1,JordanManual,CCCAGG,0.9998,0.9998,0.9998,BFX,1510228800,2017-12-28 01:14:48.478985,0,0.0
2264,0.9998,BFX,1,JordanManual,CCCAGG,0.9998,0.9998,0.9998,,1510232400,2017-12-26 23:21:23.208812,0,0.0
2265,0.9998,BFX,1,JordanManual,Bitfinex,0.9998,0.9998,0.9998,,1510232400,2017-12-26 23:21:24.889614,0,0.0
2266,0.9998,BFX,1,JordanManual,CCCAGG,0.9998,0.9998,0.9998,,1510236000,2017-12-26 23:21:23.208812,0,0.0
2267,0.9998,BFX,1,JordanManual,Bitfinex,0.9998,0.9998,0.9998,,1510236000,2017-12-26 23:21:24.889614,0,0.0
2268,0.9998,,1,JordanManual,Bitfinex,0.9998,0.9998,0.9998,BFX,1510239600,2017-12-28 01:09:55.862859,0,0.0
2269,0.9998,BFX,1,JordanManual,Bitfinex,0.9998,0.9998,0.9998,,1510239600,2017-12-26 23:21:24.889614,0,0.0
2270,0.9998,BFX,1,JordanManual,CCCAGG,0.9998,0.9998,0.9998,,1510239600,2017-12-26 23:21:23.208812,0,0.0
2271,0.9998,,1,JordanManual,CCCAGG,0.9998,0.9998,0.9998,BFX,1510239600,2017-12-28 01:14:48.478985,0,0.0
2272,0.9998,BFX,1,JordanManual,Bitfinex,0.9998,0.9998,0.9998,,1510243200,2017-12-26 23:21:24.889614,0,0.0
2273,0.9998,BFX,1,JordanManual,CCCAGG,0.9998,0.9998,0.9998,,1510243200,2017-12-26 23:21:23.208812,0,0.0
2274,0.9998,BFX,1,JordanManual,CCCAGG,0.9998,0.9998,0.9998,,1510246800,2017-12-26 23:21:23.208812,0,0.0
2275,0.9998,BFX,1,JordanManual,Bitfinex,0.9998,0.9998,0.9998,,1510246800,2017-12-26 23:21:24.889614,0,0.0
2276,0.9998,BFX,1,JordanManual,CCCAGG,0.9998,0.9998,0.9998,,1510250400,2017-12-26 23:21:23.208812,0,0.0
2277,0.9998,,1,JordanManual,Bitfinex,0.9998,0.9998,0.9998,BFX,1510250400,2017-12-28 01:09:55.862859,0,0.0
2278,0.9998,BFX,1,JordanManual,Bitfinex,0.9998,0.9998,0.9998,,1510250400,2017-12-26 23:21:24.889614,0,0.0
2279,0.9998,,1,JordanManual,CCCAGG,0.9998,0.9998,0.9998,BFX,1510250400,2017-12-28 01:14:48.478985,0,0.0
2280,0.9998,BFX,1,JordanManual,Bitfinex,0.9998,0.9998,0.9998,,1510254000,2017-12-26 23:21:24.889614,0,0.0
2281,0.9998,BFX,1,JordanManual,CCCAGG,0.9998,0.9998,0.9998,,1510254000,2017-12-26 23:21:23.208812,0,0.0
2282,0.9998,BFX,1,JordanManual,CCCAGG,0.9998,0.9998,0.9998,,1510257600,2017-12-26 23:21:23.208812,0,0.0
2283,0.9998,BFX,1,JordanManual,Bitfinex,0.9998,0.9998,0.9998,,1510257600,2017-12-26 23:21:24.889614,0,0.0
2284,0.9998,,1,JordanManual,Bitfinex,0.9998,0.9998,0.9998,BFX,1510261200,2017-12-28 01:09:55.862859,0,0.0
2285,0.9998,BFX,1,JordanManual,Bitfinex,0.9998,0.9998,0.9998,,1510261200,2017-12-26 23:21:24.889614,0,0.0
2286,0.9998,BFX,1,JordanManual,CCCAGG,0.9998,0.9998,0.9998,,1510261200,2017-12-26 23:21:23.208812,0,0.0
2287,0.9998,,1,JordanManual,CCCAGG,0.9998,0.9998,0.9998,BFX,1510261200,2017-12-28 01:14:48.478985,0,0.0
2288,0.9998,BFX,1,JordanManual,Bitfinex,0.9998,0.9998,0.9998,,1510264800,2017-12-26 23:21:24.889614,0,0.0
2289,0.9998,BFX,1,JordanManual,CCCAGG,0.9998,0.9998,0.9998,,1510264800,2017-12-26 23:21:23.208812,0,0.0
2290,0.9998,BFX,1,JordanManual,Bitfinex,0.9998,0.9998,0.9998,,1510268400,2017-12-26 23:21:24.889614,0,0.0
2291,0.9998,BFX,1,JordanManual,CCCAGG,0.9998,0.9998,0.9998,,1510268400,2017-12-26 23:21:23.208812,0,0.0
2292,0.9998,,1,JordanManual,CCCAGG,0.9998,0.9998,0.9998,BFX,1510272000,2017-12-28 01:14:48.478985,0,0.0
2293,0.9998,,1,JordanManual,Bitfinex,0.9998,0.9998,0.9998,BFX,1510272000,2017-12-28 01:09:55.862859,0,0.0
2294,0.9998,BFX,1,JordanManual,CCCAGG,0.9998,0.9998,0.9998,,1510272000,2017-12-26 23:21:23.208812,0,0.0
2295,0.9998,BFX,1,JordanManual,Bitfinex,0.9998,0.9998,0.9998,,1510272000,2017-12-26 23:21:24.889614,0,0.0
2296,0.9998,BFX,1,JordanManual,Bitfinex,0.9998,0.9998,0.9998,,1510275600,2017-12-26 23:21:24.889614,0,0.0
2297,0.9998,BFX,1,JordanManual,CCCAGG,0.9998,0.9998,0.9998,,1510275600,2017-12-26 23:21:23.208812,0,0.0
2298,0.9998,BFX,1,JordanManual,Bitfinex,0.9998,0.9998,0.9998,,1510279200,2017-12-26 23:21:24.889614,0,0.0
2299,0.9998,BFX,1,JordanManual,CCCAGG,0.9998,0.9998,0.9998,,1510279200,2017-12-26 23:21:23.208812,0,0.0
2300,0.9998,BFX,1,JordanManual,Bitfinex,0.9998,0.9998,0.9998,,1510282800,2017-12-26 23:21:24.889614,0,0.0
2301,0.9998,,1,JordanManual,CCCAGG,0.9998,0.9998,0.9998,BFX,1510282800,2017-12-28 01:14:48.478985,0,0.0
2302,0.9998,,1,JordanManual,Bitfinex,0.9998,0.9998,0.9998,BFX,1510282800,2017-12-28 01:09:55.862859,0,0.0
2303,0.9998,BFX,1,JordanManual,CCCAGG,0.9998,0.9998,0.9998,,1510282800,2017-12-26 23:21:23.208812,0,0.0
2304,0.9998,BFX,1,JordanManual,CCCAGG,0.9998,0.9998,0.9998,,1510286400,2017-12-26 23:21:23.208812,0,0.0
2305,0.9998,BFX,1,JordanManual,Bitfinex,0.9998,0.9998,0.9998,,1510286400,2017-12-26 23:21:24.889614,0,0.0
2306,0.9998,BFX,1,JordanManual,CCCAGG,0.9998,0.9998,0.9998,,1510290000,2017-12-26 23:21:23.208812,0,0.0
2307,0.9998,BFX,1,JordanManual,Bitfinex,0.9998,0.9998,0.9998,,1510290000,2017-12-26 23:21:24.889614,0,0.0
2308,0.9998,,1,JordanManual,Bitfinex,0.9998,0.9998,0.9998,BFX,1510293600,2017-12-28 01:09:55.862859,0,0.0
2309,0.9998,BFX,1,JordanManual,Bitfinex,0.9998,0.9998,0.9998,,1510293600,2017-12-26 23:21:24.889614,0,0.0
2310,0.9998,,1,JordanManual,CCCAGG,0.9998,0.9998,0.9998,BFX,1510293600,2017-12-28 01:14:48.478985,0,0.0
2311,0.9998,BFX,1,JordanManual,CCCAGG,0.9998,0.9998,0.9998,,1510293600,2017-12-26 23:21:23.208812,0,0.0
2312,0.9998,BFX,1,JordanManual,Bitfinex,0.9998,0.9998,0.9998,,1510297200,2017-12-26 23:21:24.889614,0,0.0
2313,0.9998,BFX,1,JordanManual,CCCAGG,0.9998,0.9998,0.9998,,1510297200,2017-12-26 23:21:23.208812,0,0.0
2314,0.9998,BFX,1,JordanManual,CCCAGG,0.9998,0.9998,0.9998,,1510300800,2017-12-26 23:21:23.208812,0,0.0
2315,0.9998,BFX,1,JordanManual,Bitfinex,0.9998,0.9998,0.9998,,1510300800,2017-12-26 23:21:24.889614,0,0.0
2316,0.9998,BFX,1,JordanManual,Bitfinex,0.9998,0.9998,0.9998,,1510304400,2017-12-26 23:21:24.889614,0,0.0
2317,0.9998,BFX,1,JordanManual,CCCAGG,0.9998,0.9998,0.9998,,1510304400,2017-12-26 23:21:23.208812,0,0.0
2318,0.9998,,1,JordanManual,Bitfinex,0.9998,0.9998,0.9998,BFX,1510304400,2017-12-28 01:09:55.862859,0,0.0
2319,0.9998,,1,JordanManual,CCCAGG,0.9998,0.9998,0.9998,BFX,1510304400,2017-12-28 01:14:48.478985,0,0.0
2320,0.9998,BFX,1,JordanManual,Bitfinex,0.9998,0.9998,0.9998,,1510308000,2017-12-26 23:21:24.889614,0,0.0
2321,0.9998,BFX,1,JordanManual,CCCAGG,0.9998,0.9998,0.9998,,1510308000,2017-12-26 23:21:23.208812,0,0.0
2322,0.9998,BFX,1,JordanManual,CCCAGG,0.9998,0.9998,0.9998,,1510311600,2017-12-26 23:21:23.208812,0,0.0
2323,0.9998,BFX,1,JordanManual,Bitfinex,0.9998,0.9998,0.9998,,1510311600,2017-12-26 23:21:24.889614,0,0.0
2324,0.9998,,1,JordanManual,Bitfinex,0.9998,0.9998,0.9998,BFX,1510315200,2017-12-28 01:09:55.862859,0,0.0
2325,0.9998,BFX,1,JordanManual,CCCAGG,0.9998,0.9998,0.9998,,1510315200,2017-12-26 23:21:23.208812,0,0.0
2326,0.9998,,1,JordanManual,CCCAGG,0.9998,0.9998,0.9998,BFX,1510315200,2017-12-28 01:14:48.478985,0,0.0
2327,0.9998,BFX,1,JordanManual,Bitfinex,0.9998,0.9998,0.9998,,1510315200,2017-12-26 23:21:24.889614,0,0.0
2328,0.9998,BFX,1,JordanManual,CCCAGG,0.9998,0.9998,0.9998,,1510318800,2017-12-26 23:21:23.208812,0,0.0
2329,0.9998,BFX,1,JordanManual,Bitfinex,0.9998,0.9998,0.9998,,1510318800,2017-12-26 23:21:24.889614,0,0.0
2330,0.9998,BFX,1,JordanManual,Bitfinex,0.9998,0.9998,0.9998,,1510322400,2017-12-26 23:21:24.889614,0,0.0
2331,0.9998,BFX,1,JordanManual,CCCAGG,0.9998,0.9998,0.9998,,1510322400,2017-12-26 23:21:23.208812,0,0.0
2332,0.9998,BFX,1,JordanManual,Bitfinex,0.9998,0.9998,0.9998,,1510326000,2017-12-26 23:21:24.889614,0,0.0
2333,0.9998,,1,JordanManual,CCCAGG,0.9998,0.9998,0.9998,BFX,1510326000,2017-12-28 01:14:48.478985,0,0.0
2334,0.9998,,1,JordanManual,Bitfinex,0.9998,0.9998,0.9998,BFX,1510326000,2017-12-28 01:09:55.862859,0,0.0
2335,0.9998,BFX,1,JordanManual,CCCAGG,0.9998,0.9998,0.9998,,1510326000,2017-12-26 23:21:23.208812,0,0.0
2336,0.9998,BFX,1,JordanManual,Bitfinex,0.9998,0.9998,0.9998,,1510329600,2017-12-26 23:21:24.889614,0,0.0
2337,0.9998,BFX,1,JordanManual,CCCAGG,0.9998,0.9998,0.9998,,1510329600,2017-12-26 23:21:23.208812,0,0.0
2338,0.9998,BFX,1,JordanManual,Bitfinex,0.9998,0.9998,0.9998,,1510333200,2017-12-26 23:21:24.889614,0,0.0
2339,0.9998,BFX,1,JordanManual,CCCAGG,0.9998,0.9998,0.9998,,1510333200,2017-12-26 23:21:23.208812,0,0.0
2340,0.9998,,1,JordanManual,Bitfinex,0.9998,0.9998,0.9998,BFX,1510336800,2017-12-28 01:09:55.862859,0,0.0
2341,0.9998,BFX,1,JordanManual,Bitfinex,0.9998,0.9998,0.9998,,1510336800,2017-12-26 23:21:24.889614,0,0.0
2342,0.9998,BFX,1,JordanManual,CCCAGG,0.9998,0.9998,0.9998,,1510336800,2017-12-26 23:21:23.208812,0,0.0
2343,0.9998,,1,JordanManual,CCCAGG,0.9998,0.9998,0.9998,BFX,1510336800,2017-12-28 01:14:48.478985,0,0.0
2344,0.9998,BFX,1,JordanManual,CCCAGG,0.9998,0.9998,0.9998,,1510340400,2017-12-26 23:21:23.208812,0,0.0
2345,0.9998,BFX,1,JordanManual,Bitfinex,0.9998,0.9998,0.9998,,1510340400,2017-12-26 23:21:24.889614,0,0.0
2346,0.9998,BFX,1,JordanManual,Bitfinex,0.9998,0.9998,0.9998,,1510344000,2017-12-26 23:21:24.889614,0,0.0
2347,0.9998,BFX,1,JordanManual,CCCAGG,0.9998,0.9998,0.9998,,1510344000,2017-12-26 23:21:23.208812,0,0.0
2348,0.9998,BFX,1,JordanManual,Bitfinex,0.9998,0.9998,0.9998,,1510347600,2017-12-26 23:21:24.889614,0,0.0
2349,0.9998,,1,JordanManual,Bitfinex,0.9998,0.9998,0.9998,BFX,1510347600,2017-12-28 01:09:55.862859,0,0.0
2350,0.9998,,1,JordanManual,CCCAGG,0.9998,0.9998,0.9998,BFX,1510347600,2017-12-28 01:14:48.478985,0,0.0
2351,0.9998,BFX,1,JordanManual,CCCAGG,0.9998,0.9998,0.9998,,1510347600,2017-12-26 23:21:23.208812,0,0.0
2352,0.9998,BFX,1,JordanManual,Bitfinex,0.9998,0.9998,0.9998,,1510351200,2017-12-26 23:21:24.889614,0,0.0
2353,0.9998,BFX,1,JordanManual,CCCAGG,0.9998,0.9998,0.9998,,1510351200,2017-12-26 23:21:23.208812,0,0.0
2354,0.9998,BFX,1,JordanManual,Bitfinex,0.9998,0.9998,0.9998,,1510354800,2017-12-26 23:21:24.889614,0,0.0
2355,0.9998,BFX,1,JordanManual,CCCAGG,0.9998,0.9998,0.9998,,1510354800,2017-12-26 23:21:23.208812,0,0.0
2356,0.9998,BFX,1,JordanManual,CCCAGG,0.9998,0.9998,0.9998,,1510358400,2017-12-26 23:21:23.208812,0,0.0
2357,0.9998,BFX,1,JordanManual,Bitfinex,0.9998,0.9998,0.9998,,1510358400,2017-12-26 23:21:24.889614,0,0.0
2358,0.9998,,1,JordanManual,CCCAGG,0.9998,0.9998,0.9998,BFX,1510358400,2017-12-28 01:14:48.478985,0,0.0
2359,0.9998,,1,JordanManual,Bitfinex,0.9998,0.9998,0.9998,BFX,1510358400,2017-12-28 01:09:55.862859,0,0.0
2360,0.9998,BFX,1,JordanManual,Bitfinex,0.9998,0.9998,0.9998,,1510362000,2017-12-26 23:21:24.889614,0,0.0
2361,0.9998,BFX,1,JordanManual,CCCAGG,0.9998,0.9998,0.9998,,1510362000,2017-12-26 23:21:23.208812,0,0.0
2362,0.9998,BFX,1,JordanManual,CCCAGG,0.9998,0.9998,0.9998,,1510365600,2017-12-26 23:21:23.208812,0,0.0
2363,0.9998,BFX,1,JordanManual,Bitfinex,0.9998,0.9998,0.9998,,1510365600,2017-12-26 23:21:24.889614,0,0.0
2364,0.9998,,1,JordanManual,Bitfinex,0.9998,0.9998,0.9998,BFX,1510369200,2017-12-28 01:09:55.862859,0,0.0
2365,0.9998,BFX,1,JordanManual,CCCAGG,0.9998,0.9998,0.9998,,1510369200,2017-12-26 23:21:23.208812,0,0.0
2366,0.9998,BFX,1,JordanManual,Bitfinex,0.9998,0.9998,0.9998,,1510369200,2017-12-26 23:21:24.889614,0,0.0
2367,0.9998,,1,JordanManual,CCCAGG,0.9998,0.9998,0.9998,BFX,1510369200,2017-12-28 01:14:48.478985,0,0.0
2368,0.9998,BFX,1,JordanManual,Bitfinex,0.9998,0.9998,0.9998,,1510372800,2017-12-26 23:21:24.889614,0,0.0
2369,0.9998,BFX,1,JordanManual,CCCAGG,0.9998,0.9998,0.9998,,1510372800,2017-12-26 23:21:23.208812,0,0.0
2370,0.9998,BFX,1,JordanManual,CCCAGG,0.9998,0.9998,0.9998,,1510376400,2017-12-26 23:21:23.208812,0,0.0
2371,0.9998,BFX,1,JordanManual,Bitfinex,0.9998,0.9998,0.9998,,1510376400,2017-12-26 23:21:24.889614,0,0.0
2372,0.9998,BFX,1,JordanManual,Bitfinex,0.9998,0.9998,0.9998,,1510380000,2017-12-26 23:21:24.889614,0,0.0
2373,0.9998,BFX,1,JordanManual,CCCAGG,0.9998,0.9998,0.9998,,1510380000,2017-12-26 23:21:23.208812,0,0.0
2374,0.9998,,1,JordanManual,Bitfinex,0.9998,0.9998,0.9998,BFX,1510380000,2017-12-28 01:09:55.862859,0,0.0
2375,0.9998,,1,JordanManual,CCCAGG,0.9998,0.9998,0.9998,BFX,1510380000,2017-12-28 01:14:48.478985,0,0.0
2376,0.9998,BFX,1,JordanManual,Bitfinex,0.9998,0.9998,0.9998,,1510383600,2017-12-26 23:21:24.889614,0,0.0
2377,0.9998,BFX,1,JordanManual,CCCAGG,0.9998,0.9998,0.9998,,1510383600,2017-12-26 23:21:23.208812,0,0.0
2378,0.9998,BFX,1,JordanManual,CCCAGG,0.9998,0.9998,0.9998,,1510387200,2017-12-26 23:21:23.208812,0,0.0
2379,0.9998,BFX,1,JordanManual,Bitfinex,0.9998,0.9998,0.9998,,1510387200,2017-12-26 23:21:24.889614,0,0.0
2380,0.9998,,1,JordanManual,CCCAGG,0.9998,0.9998,0.9998,BFX,1510390800,2017-12-28 01:14:48.478985,0,0.0
2381,0.9998,BFX,1,JordanManual,CCCAGG,0.9998,0.9998,0.9998,,1510390800,2017-12-26 23:21:23.208812,0,0.0
2382,0.9998,BFX,1,JordanManual,Bitfinex,0.9998,0.9998,0.9998,,1510390800,2017-12-26 23:21:24.889614,0,0.0
2383,0.9998,,1,JordanManual,Bitfinex,0.9998,0.9998,0.9998,BFX,1510390800,2017-12-28 01:09:55.862859,0,0.0
2384,0.9998,BFX,1,JordanManual,CCCAGG,0.9998,0.9998,0.9998,,1510394400,2017-12-26 23:21:23.208812,0,0.0
2385,0.9998,BFX,1,JordanManual,Bitfinex,0.9998,0.9998,0.9998,,1510394400,2017-12-26 23:21:24.889614,0,0.0
2386,0.9998,BFX,1,JordanManual,CCCAGG,0.9998,0.9998,0.9998,,1510398000,2017-12-26 23:21:23.208812,0,0.0
2387,0.9998,BFX,1,JordanManual,Bitfinex,0.9998,0.9998,0.9998,,1510398000,2017-12-26 23:21:24.889614,0,0.0
2388,0.9998,BFX,1,JordanManual,Bitfinex,0.9998,0.9998,0.9998,,1510401600,2017-12-26 23:21:24.889614,0,0.0
2389,0.9998,BFX,1,JordanManual,CCCAGG,0.9998,0.9998,0.9998,,1510401600,2017-12-26 23:21:23.208812,0,0.0
2390,0.9998,,1,JordanManual,CCCAGG,0.9998,0.9998,0.9998,BFX,1510401600,2017-12-28 01:14:48.478985,0,0.0
2391,0.9998,,1,JordanManual,Bitfinex,0.9998,0.9998,0.9998,BFX,1510401600,2017-12-28 01:09:55.862859,0,0.0
2392,0.9998,BFX,1,JordanManual,Bitfinex,0.9998,0.9998,0.9998,,1510405200,2017-12-26 23:21:24.889614,0,0.0
2393,0.9998,BFX,1,JordanManual,CCCAGG,0.9998,0.9998,0.9998,,1510405200,2017-12-26 23:21:23.208812,0,0.0
2394,0.9998,BFX,1,JordanManual,CCCAGG,0.9998,0.9998,0.9998,,1510408800,2017-12-26 23:21:23.208812,0,0.0
2395,0.9998,BFX,1,JordanManual,Bitfinex,0.9998,0.9998,0.9998,,1510408800,2017-12-26 23:21:24.889614,0,0.0
2396,0.9998,BFX,1,JordanManual,CCCAGG,0.9998,0.9998,0.9998,,1510412400,2017-12-26 23:21:23.208812,0,0.0
2397,0.9998,BFX,1,JordanManual,Bitfinex,0.9998,0.9998,0.9998,,1510412400,2017-12-26 23:21:24.889614,0,0.0
2398,0.9998,,1,JordanManual,CCCAGG,0.9998,0.9998,0.9998,BFX,1510412400,2017-12-28 01:14:48.478985,0,0.0
2399,0.9998,,1,JordanManual,Bitfinex,0.9998,0.9998,0.9998,BFX,1510412400,2017-12-28 01:09:55.862859,0,0.0
2400,0.9998,BFX,1,JordanManual,Bitfinex,0.9998,0.9998,0.9998,,1510416000,2017-12-26 23:21:24.889614,0,0.0
2401,0.9998,BFX,1,JordanManual,CCCAGG,0.9998,0.9998,0.9998,,1510416000,2017-12-26 23:21:23.208812,0,0.0
2402,0.9998,BFX,1,JordanManual,Bitfinex,0.9998,0.9998,0.9998,,1510419600,2017-12-26 23:21:24.889614,0,0.0
2403,0.9998,BFX,1,JordanManual,CCCAGG,0.9998,0.9998,0.9998,,1510419600,2017-12-26 23:21:23.208812,0,0.0
2404,0.9998,,1,JordanManual,Bitfinex,0.9998,0.9998,0.9998,BFX,1510423200,2017-12-28 01:09:55.862859,0,0.0
2405,0.9998,BFX,1,JordanManual,Bitfinex,0.9998,0.9998,0.9998,,1510423200,2017-12-26 23:21:24.889614,0,0.0
2406,0.9998,BFX,1,JordanManual,CCCAGG,0.9998,0.9998,0.9998,,1510423200,2017-12-26 23:21:23.208812,0,0.0
2407,0.9998,,1,JordanManual,CCCAGG,0.9998,0.9998,0.9998,BFX,1510423200,2017-12-28 01:14:48.478985,0,0.0
2408,0.9998,BFX,1,JordanManual,Bitfinex,0.9998,0.9998,0.9998,,1510426800,2017-12-26 23:21:24.889614,0,0.0
2409,0.9998,BFX,1,JordanManual,CCCAGG,0.9998,0.9998,0.9998,,1510426800,2017-12-26 23:21:23.208812,0,0.0
2410,0.9998,BFX,1,JordanManual,CCCAGG,0.9998,0.9998,0.9998,,1510430400,2017-12-26 23:21:23.208812,0,0.0
2411,0.9998,BFX,1,JordanManual,Bitfinex,0.9998,0.9998,0.9998,,1510430400,2017-12-26 23:21:24.889614,0,0.0
2412,0.9998,BFX,1,JordanManual,CCCAGG,0.9998,0.9998,0.9998,,1510434000,2017-12-26 23:21:23.208812,0,0.0
2413,0.9998,,1,JordanManual,CCCAGG,0.9998,0.9998,0.9998,BFX,1510434000,2017-12-28 01:14:48.478985,0,0.0
2414,0.9998,,1,JordanManual,Bitfinex,0.9998,0.9998,0.9998,BFX,1510434000,2017-12-28 01:09:55.862859,0,0.0
2415,0.9998,BFX,1,JordanManual,Bitfinex,0.9998,0.9998,0.9998,,1510434000,2017-12-26 23:21:24.889614,0,0.0
2416,0.9998,BFX,1,JordanManual,Bitfinex,0.9998,0.9998,0.9998,,1510437600,2017-12-26 23:21:24.889614,0,0.0
2417,0.9998,BFX,1,JordanManual,CCCAGG,0.9998,0.9998,0.9998,,1510437600,2017-12-26 23:21:23.208812,0,0.0
2418,0.9998,BFX,1,JordanManual,CCCAGG,0.9998,0.9998,0.9998,,1510441200,2017-12-26 23:21:23.208812,0,0.0
2419,0.9998,BFX,1,JordanManual,Bitfinex,0.9998,0.9998,0.9998,,1510441200,2017-12-26 23:21:24.889614,0,0.0
2420,0.9998,,1,JordanManual,Bitfinex,0.9998,0.9998,0.9998,BFX,1510444800,2017-12-28 01:09:55.862859,0,0.0
2421,0.9998,BFX,1,JordanManual,Bitfinex,0.9998,0.9998,0.9998,,1510444800,2017-12-26 23:21:24.889614,0,0.0
2422,0.9998,BFX,1,JordanManual,CCCAGG,0.9998,0.9998,0.9998,,1510444800,2017-12-26 23:21:23.208812,0,0.0
2423,0.9998,,1,JordanManual,CCCAGG,0.9998,0.9998,0.9998,BFX,1510444800,2017-12-28 01:14:48.478985,0,0.0
2424,0.9998,BFX,1,JordanManual,Bitfinex,0.9998,0.9998,0.9998,,1510448400,2017-12-26 23:21:24.889614,0,0.0
2425,0.9998,BFX,1,JordanManual,CCCAGG,0.9998,0.9998,0.9998,,1510448400,2017-12-26 23:21:23.208812,0,0.0
2426,0.9998,BFX,1,JordanManual,CCCAGG,0.9998,0.9998,0.9998,,1510452000,2017-12-26 23:21:23.208812,0,0.0
2427,0.9998,BFX,1,JordanManual,Bitfinex,0.9998,0.9998,0.9998,,1510452000,2017-12-26 23:21:24.889614,0,0.0
2428,0.9998,BFX,1,JordanManual,CCCAGG,0.9998,0.9998,0.9998,,1510455600,2017-12-26 23:21:23.208812,0,0.0
2429,0.9998,BFX,1,JordanManual,Bitfinex,0.9998,0.9998,0.9998,,1510455600,2017-12-26 23:21:24.889614,0,0.0
2430,0.9998,,1,JordanManual,CCCAGG,0.9998,0.9998,0.9998,BFX,1510455600,2017-12-28 01:14:48.478985,0,0.0
2431,0.9998,,1,JordanManual,Bitfinex,0.9998,0.9998,0.9998,BFX,1510455600,2017-12-28 01:09:55.862859,0,0.0
2432,0.9998,BFX,1,JordanManual,CCCAGG,0.9998,0.9998,0.9998,,1510459200,2017-12-26 23:21:23.208812,0,0.0
2433,0.9998,BFX,1,JordanManual,Bitfinex,0.9998,0.9998,0.9998,,1510459200,2017-12-26 23:21:24.889614,0,0.0
2434,0.9998,BFX,1,JordanManual,CCCAGG,0.9998,0.9998,0.9998,,1510462800,2017-12-26 23:21:23.208812,0,0.0
2435,0.9998,BFX,1,JordanManual,Bitfinex,0.9998,0.9998,0.9998,,1510462800,2017-12-26 23:21:24.889614,0,0.0
2436,0.9998,,1,JordanManual,CCCAGG,0.9998,0.9998,0.9998,BFX,1510466400,2017-12-28 01:14:48.478985,0,0.0
2437,0.9998,,1,JordanManual,Bitfinex,0.9998,0.9998,0.9998,BFX,1510466400,2017-12-28 01:09:55.862859,0,0.0
2438,0.9998,BFX,1,JordanManual,CCCAGG,0.9998,0.9998,0.9998,,1510466400,2017-12-26 23:21:23.208812,0,0.0
2439,0.9998,BFX,1,JordanManual,Bitfinex,0.9998,0.9998,0.9998,,1510466400,2017-12-26 23:21:24.889614,0,0.0
2440,0.9998,BFX,1,JordanManual,Bitfinex,0.9998,0.9998,0.9998,,1510470000,2017-12-26 23:21:24.889614,0,0.0
2441,0.9998,BFX,1,JordanManual,CCCAGG,0.9998,0.9998,0.9998,,1510470000,2017-12-26 23:21:23.208812,0,0.0
2442,0.9998,BFX,1,JordanManual,CCCAGG,0.9998,0.9998,0.9998,,1510473600,2017-12-26 23:21:23.208812,0,0.0
2443,0.9998,BFX,1,JordanManual,Bitfinex,0.9998,0.9998,0.9998,,1510473600,2017-12-26 23:21:24.889614,0,0.0
2444,0.9998,BFX,1,JordanManual,CCCAGG,0.9998,0.9998,0.9998,,1510477200,2017-12-26 23:21:23.208812,0,0.0
2445,0.9998,,1,JordanManual,Bitfinex,0.9998,0.9998,0.9998,BFX,1510477200,2017-12-28 01:09:55.862859,0,0.0
2446,0.9998,BFX,1,JordanManual,Bitfinex,0.9998,0.9998,0.9998,,1510477200,2017-12-26 23:21:24.889614,0,0.0
2447,0.9998,,1,JordanManual,CCCAGG,0.9998,0.9998,0.9998,BFX,1510477200,2017-12-28 01:14:48.478985,0,0.0
2448,0.9998,BFX,1,JordanManual,CCCAGG,0.9998,0.9998,0.9998,,1510480800,2017-12-26 23:21:23.208812,0,0.0
2449,0.9998,BFX,1,JordanManual,Bitfinex,0.9998,0.9998,0.9998,,1510480800,2017-12-26 23:21:24.889614,0,0.0
2450,0.9998,BFX,1,JordanManual,Bitfinex,0.9998,0.9998,0.9998,,1510484400,2017-12-26 23:21:24.889614,0,0.0
2451,0.9998,BFX,1,JordanManual,CCCAGG,0.9998,0.9998,0.9998,,1510484400,2017-12-26 23:21:23.208812,0,0.0
2452,0.9998,BFX,1,JordanManual,Bitfinex,0.9998,0.9998,0.9998,,1510488000,2017-12-26 23:21:24.889614,0,0.0
2453,0.9998,,1,JordanManual,CCCAGG,0.9998,0.9998,0.9998,BFX,1510488000,2017-12-28 01:14:48.478985,0,0.0
2454,0.9998,,1,JordanManual,Bitfinex,0.9998,0.9998,0.9998,BFX,1510488000,2017-12-28 01:09:55.862859,0,0.0
2455,0.9998,BFX,1,JordanManual,CCCAGG,0.9998,0.9998,0.9998,,1510488000,2017-12-26 23:21:23.208812,0,0.0
2456,0.9998,BFX,1,JordanManual,Bitfinex,0.9998,0.9998,0.9998,,1510491600,2017-12-26 23:21:24.889614,0,0.0
2457,0.9998,BFX,1,JordanManual,CCCAGG,0.9998,0.9998,0.9998,,1510491600,2017-12-26 23:21:23.208812,0,0.0
2458,0.9998,BFX,1,JordanManual,CCCAGG,0.9998,0.9998,0.9998,,1510495200,2017-12-26 23:21:23.208812,0,0.0
2459,0.9998,BFX,1,JordanManual,Bitfinex,0.9998,0.9998,0.9998,,1510495200,2017-12-26 23:21:24.889614,0,0.0
2460,0.9998,,1,JordanManual,CCCAGG,0.9998,0.9998,0.9998,BFX,1510498800,2017-12-28 01:14:48.478985,0,0.0
2461,0.9998,,1,JordanManual,Bitfinex,0.9998,0.9998,0.9998,BFX,1510498800,2017-12-28 01:09:55.862859,0,0.0
2462,0.9998,BFX,1,JordanManual,CCCAGG,0.9998,0.9998,0.9998,,1510498800,2017-12-26 23:21:23.208812,0,0.0
2463,0.9998,BFX,1,JordanManual,Bitfinex,0.9998,0.9998,0.9998,,1510498800,2017-12-26 23:21:24.889614,0,0.0
2464,0.9998,BFX,1,JordanManual,CCCAGG,0.9998,0.9998,0.9998,,1510502400,2017-12-26 23:21:23.208812,0,0.0
2465,0.9998,BFX,1,JordanManual,Bitfinex,0.9998,0.9998,0.9998,,1510502400,2017-12-26 23:21:24.889614,0,0.0
2466,0.9998,BFX,1,JordanManual,Bitfinex,0.9998,0.9998,0.9998,,1510506000,2017-12-26 23:21:24.889614,0,0.0
2467,0.9998,BFX,1,JordanManual,CCCAGG,0.9998,0.9998,0.9998,,1510506000,2017-12-26 23:21:23.208812,0,0.0
2468,0.9998,BFX,1,JordanManual,CCCAGG,0.9998,0.9998,0.9998,,1510509600,2017-12-26 23:21:23.208812,0,0.0
2469,0.9998,BFX,1,JordanManual,Bitfinex,0.9998,0.9998,0.9998,,1510509600,2017-12-26 23:21:24.889614,0,0.0
2470,0.9998,,1,JordanManual,CCCAGG,0.9998,0.9998,0.9998,BFX,1510509600,2017-12-28 01:14:48.478985,0,0.0
2471,0.9998,,1,JordanManual,Bitfinex,0.9998,0.9998,0.9998,BFX,1510509600,2017-12-28 01:09:55.862859,0,0.0
2472,0.9998,BFX,1,JordanManual,Bitfinex,0.9998,0.9998,0.9998,,1510513200,2017-12-26 23:21:24.889614,0,0.0
2473,0.9998,BFX,1,JordanManual,CCCAGG,0.9998,0.9998,0.9998,,1510513200,2017-12-26 23:21:23.208812,0,0.0
2474,0.9998,BFX,1,JordanManual,Bitfinex,0.9998,0.9998,0.9998,,1510516800,2017-12-26 23:21:24.889614,0,0.0
2475,0.9998,BFX,1,JordanManual,CCCAGG,0.9998,0.9998,0.9998,,1510516800,2017-12-26 23:21:23.208812,0,0.0
2476,0.9998,BFX,1,JordanManual,Bitfinex,0.9998,0.9998,0.9998,,1510520400,2017-12-26 23:21:24.889614,0,0.0
2477,0.9998,,1,JordanManual,CCCAGG,0.9998,0.9998,0.9998,BFX,1510520400,2017-12-28 01:14:48.478985,0,0.0
2478,0.9998,,1,JordanManual,Bitfinex,0.9998,0.9998,0.9998,BFX,1510520400,2017-12-28 01:09:55.862859,0,0.0
2479,0.9998,BFX,1,JordanManual,CCCAGG,0.9998,0.9998,0.9998,,1510520400,2017-12-26 23:21:23.208812,0,0.0
2480,0.9998,BFX,1,JordanManual,CCCAGG,0.9998,0.9998,0.9998,,1510524000,2017-12-26 23:21:23.208812,0,0.0
2481,0.9998,BFX,1,JordanManual,Bitfinex,0.9998,0.9998,0.9998,,1510524000,2017-12-26 23:21:24.889614,0,0.0
2482,0.9998,BFX,1,JordanManual,CCCAGG,0.9998,0.9998,0.9998,,1510527600,2017-12-26 23:21:23.208812,0,0.0
2483,0.9998,BFX,1,JordanManual,Bitfinex,0.9998,0.9998,0.9998,,1510527600,2017-12-26 23:21:24.889614,0,0.0
2484,0.9998,,1,JordanManual,Bitfinex,0.9998,0.9998,0.9998,BFX,1510531200,2017-12-28 01:09:55.862859,0,0.0
2485,0.9998,BFX,1,JordanManual,Bitfinex,0.9998,0.9998,0.9998,,1510531200,2017-12-26 23:21:24.889614,0,0.0
2486,0.9998,,1,JordanManual,CCCAGG,0.9998,0.9998,0.9998,BFX,1510531200,2017-12-28 01:14:48.478985,0,0.0
2487,0.9998,BFX,1,JordanManual,CCCAGG,0.9998,0.9998,0.9998,,1510531200,2017-12-26 23:21:23.208812,0,0.0
2488,0.9998,BFX,1,JordanManual,Bitfinex,0.9998,0.9998,0.9998,,1510534800,2017-12-26 23:21:24.889614,0,0.0
2489,0.9998,BFX,1,JordanManual,CCCAGG,0.9998,0.9998,0.9998,,1510534800,2017-12-26 23:21:23.208812,0,0.0
2490,0.9998,BFX,1,JordanManual,Bitfinex,0.9998,0.9998,0.9998,,1510538400,2017-12-26 23:21:24.889614,0,0.0
2491,0.9998,BFX,1,JordanManual,CCCAGG,0.9998,0.9998,0.9998,,1510538400,2017-12-26 23:21:23.208812,0,0.0
2492,0.9998,,1,JordanManual,CCCAGG,0.9998,0.9998,0.9998,BFX,1510542000,2017-12-28 01:14:48.478985,0,0.0
2493,0.9998,BFX,1,JordanManual,Bitfinex,0.9998,0.9998,0.9998,,1510542000,2017-12-26 23:21:24.889614,0,0.0
2494,0.9998,,1,JordanManual,Bitfinex,0.9998,0.9998,0.9998,BFX,1510542000,2017-12-28 01:09:55.862859,0,0.0
2495,0.9998,BFX,1,JordanManual,CCCAGG,0.9998,0.9998,0.9998,,1510542000,2017-12-26 23:21:23.208812,0,0.0
2496,0.9998,BFX,1,JordanManual,CCCAGG,0.9998,0.9998,0.9998,,1510545600,2017-12-26 23:21:23.208812,0,0.0
2497,0.9998,BFX,1,JordanManual,Bitfinex,0.9998,0.9998,0.9998,,1510545600,2017-12-26 23:21:24.889614,0,0.0
2498,0.9998,BFX,1,JordanManual,CCCAGG,0.9998,0.9998,0.9998,,1510549200,2017-12-26 23:21:23.208812,0,0.0
2499,0.9998,BFX,1,JordanManual,Bitfinex,0.9998,0.9998,0.9998,,1510549200,2017-12-26 23:21:24.889614,0,0.0
2500,0.9998,,1,JordanManual,CCCAGG,0.9998,0.9998,0.9998,BFX,1510552800,2017-12-28 01:14:48.478985,0,0.0
2501,0.9998,BFX,1,JordanManual,CCCAGG,0.9998,0.9998,0.9998,,1510552800,2017-12-26 23:21:23.208812,0,0.0
2502,0.9998,BFX,1,JordanManual,Bitfinex,0.9998,0.9998,0.9998,,1510552800,2017-12-26 23:21:24.889614,0,0.0
2503,0.9998,,1,JordanManual,Bitfinex,0.9998,0.9998,0.9998,BFX,1510552800,2017-12-28 01:09:55.862859,0,0.0
2504,0.9998,BFX,1,JordanManual,CCCAGG,0.9998,0.9998,0.9998,,1510556400,2017-12-26 23:21:23.208812,0,0.0
2505,0.9998,BFX,1,JordanManual,Bitfinex,0.9998,0.9998,0.9998,,1510556400,2017-12-26 23:21:24.889614,0,0.0
2506,0.9998,BFX,1,JordanManual,Bitfinex,0.9998,0.9998,0.9998,,1510560000,2017-12-26 23:21:24.889614,0,0.0
2507,0.9998,BFX,1,JordanManual,CCCAGG,0.9998,0.9998,0.9998,,1510560000,2017-12-26 23:21:23.208812,0,0.0
2508,0.9998,,1,JordanManual,Bitfinex,0.9998,0.9998,0.9998,BFX,1510563600,2017-12-28 01:09:55.862859,0,0.0
2509,0.9998,BFX,1,JordanManual,Bitfinex,0.9998,0.9998,0.9998,,1510563600,2017-12-26 23:21:24.889614,0,0.0
2510,0.9998,,1,JordanManual,CCCAGG,0.9998,0.9998,0.9998,BFX,1510563600,2017-12-28 01:14:48.478985,0,0.0
2511,0.9998,BFX,1,JordanManual,CCCAGG,0.9998,0.9998,0.9998,,1510563600,2017-12-26 23:21:23.208812,0,0.0
2512,0.9998,BFX,1,JordanManual,CCCAGG,0.9998,0.9998,0.9998,,1510567200,2017-12-26 23:21:23.208812,0,0.0
2513,0.9998,BFX,1,JordanManual,Bitfinex,0.9998,0.9998,0.9998,,1510567200,2017-12-26 23:21:24.889614,0,0.0
2514,0.9998,BFX,1,JordanManual,Bitfinex,0.9998,0.9998,0.9998,,1510570800,2017-12-26 23:21:24.889614,0,0.0
2515,0.9998,BFX,1,JordanManual,CCCAGG,0.9998,0.9998,0.9998,,1510570800,2017-12-26 23:21:23.208812,0,0.0
2516,0.9998,BFX,1,JordanManual,CCCAGG,0.9998,0.9998,0.9998,,1510574400,2017-12-26 23:21:23.208812,0,0.0
2517,0.9998,BFX,1,JordanManual,Bitfinex,0.9998,0.9998,0.9998,,1510574400,2017-12-26 23:21:24.889614,0,0.0
2518,0.9998,,1,JordanManual,Bitfinex,0.9998,0.9998,0.9998,BFX,1510574400,2017-12-28 01:09:55.862859,0,0.0
2519,0.9998,,1,JordanManual,CCCAGG,0.9998,0.9998,0.9998,BFX,1510574400,2017-12-28 01:14:48.478985,0,0.0
2520,0.9998,BFX,1,JordanManual,Bitfinex,0.9998,0.9998,0.9998,,1510578000,2017-12-26 23:21:24.889614,0,0.0
2521,0.9998,BFX,1,JordanManual,CCCAGG,0.9998,0.9998,0.9998,,1510578000,2017-12-26 23:21:23.208812,0,0.0
2522,0.9998,BFX,1,JordanManual,CCCAGG,0.9998,0.9998,0.9998,,1510581600,2017-12-26 23:21:23.208812,0,0.0
2523,0.9998,BFX,1,JordanManual,Bitfinex,0.9998,0.9998,0.9998,,1510581600,2017-12-26 23:21:24.889614,0,0.0
2524,0.9998,BFX,1,JordanManual,Bitfinex,0.9998,0.9998,0.9998,,1510585200,2017-12-26 23:21:24.889614,0,0.0
2525,0.9998,,1,JordanManual,CCCAGG,0.9998,0.9998,0.9998,BFX,1510585200,2017-12-28 01:14:48.478985,0,0.0
2526,0.9998,,1,JordanManual,Bitfinex,0.9998,0.9998,0.9998,BFX,1510585200,2017-12-28 01:09:55.862859,0,0.0
2527,0.9998,BFX,1,JordanManual,CCCAGG,0.9998,0.9998,0.9998,,1510585200,2017-12-26 23:21:23.208812,0,0.0
2528,0.9998,BFX,1,JordanManual,CCCAGG,0.9998,0.9998,0.9998,,1510588800,2017-12-26 23:21:23.208812,0,0.0
2529,0.9998,BFX,1,JordanManual,Bitfinex,0.9998,0.9998,0.9998,,1510588800,2017-12-26 23:21:24.889614,0,0.0
2530,0.9998,BFX,1,JordanManual,Bitfinex,0.9998,0.9998,0.9998,,1510592400,2017-12-26 23:21:24.889614,0,0.0
2531,0.9998,BFX,1,JordanManual,CCCAGG,0.9998,0.9998,0.9998,,1510592400,2017-12-26 23:21:23.208812,0,0.0
2532,0.9998,BFX,1,JordanManual,Bitfinex,0.9998,0.9998,0.9998,,1510596000,2017-12-26 23:21:24.889614,0,0.0
2533,0.9998,BFX,1,JordanManual,CCCAGG,0.9998,0.9998,0.9998,,1510596000,2017-12-26 23:21:23.208812,0,0.0
2534,0.9998,,1,JordanManual,Bitfinex,0.9998,0.9998,0.9998,BFX,1510596000,2017-12-28 01:09:55.862859,0,0.0
2535,0.9998,,1,JordanManual,CCCAGG,0.9998,0.9998,0.9998,BFX,1510596000,2017-12-28 01:14:48.478985,0,0.0
2536,0.9998,BFX,1,JordanManual,Bitfinex,0.9998,0.9998,0.9998,,1510599600,2017-12-26 23:21:24.889614,0,0.0
2537,0.9998,BFX,1,JordanManual,CCCAGG,0.9998,0.9998,0.9998,,1510599600,2017-12-26 23:21:23.208812,0,0.0
2538,0.9998,BFX,1,JordanManual,CCCAGG,0.9998,0.9998,0.9998,,1510603200,2017-12-26 23:21:23.208812,0,0.0
2539,0.9998,BFX,1,JordanManual,Bitfinex,0.9998,0.9998,0.9998,,1510603200,2017-12-26 23:21:24.889614,0,0.0
2540,0.9998,BFX,1,JordanManual,Bitfinex,0.9998,0.9998,0.9998,,1510606800,2017-12-26 23:21:24.889614,0,0.0
2541,0.9998,BFX,1,JordanManual,CCCAGG,0.9998,0.9998,0.9998,,1510606800,2017-12-26 23:21:23.208812,0,0.0
2542,0.9998,,1,JordanManual,Bitfinex,0.9998,0.9998,0.9998,BFX,1510606800,2017-12-28 01:09:55.862859,0,0.0
2543,0.9998,,1,JordanManual,CCCAGG,0.9998,0.9998,0.9998,BFX,1510606800,2017-12-28 01:14:48.478985,0,0.0
2544,0.9998,BFX,1,JordanManual,Bitfinex,0.9998,0.9998,0.9998,,1510610400,2017-12-26 23:21:24.889614,0,0.0
2545,0.9998,BFX,1,JordanManual,CCCAGG,0.9998,0.9998,0.9998,,1510610400,2017-12-26 23:21:23.208812,0,0.0
2546,0.9998,BFX,1,JordanManual,CCCAGG,0.9998,0.9998,0.9998,,1510614000,2017-12-26 23:21:23.208812,0,0.0
2547,0.9998,BFX,1,JordanManual,Bitfinex,0.9998,0.9998,0.9998,,1510614000,2017-12-26 23:21:24.889614,0,0.0
2548,0.9998,,1,JordanManual,Bitfinex,0.9998,0.9998,0.9998,BFX,1510617600,2017-12-28 01:09:55.862859,0,0.0
2549,0.9998,BFX,1,JordanManual,Bitfinex,0.9998,0.9998,0.9998,,1510617600,2017-12-26 23:21:24.889614,0,0.0
2550,0.9998,BFX,1,JordanManual,CCCAGG,0.9998,0.9998,0.9998,,1510617600,2017-12-26 23:21:23.208812,0,0.0
2551,0.9998,,1,JordanManual,CCCAGG,0.9998,0.9998,0.9998,BFX,1510617600,2017-12-28 01:14:48.478985,0,0.0
2552,0.9998,BFX,1,JordanManual,CCCAGG,0.9998,0.9998,0.9998,,1510621200,2017-12-26 23:21:23.208812,0,0.0
2553,0.9998,BFX,1,JordanManual,Bitfinex,0.9998,0.9998,0.9998,,1510621200,2017-12-26 23:21:24.889614,0,0.0
2554,0.9998,BFX,1,JordanManual,CCCAGG,0.9998,0.9998,0.9998,,1510624800,2017-12-26 23:21:23.208812,0,0.0
2555,0.9998,BFX,1,JordanManual,Bitfinex,0.9998,0.9998,0.9998,,1510624800,2017-12-26 23:21:24.889614,0,0.0
2556,0.9998,,1,JordanManual,Bitfinex,0.9998,0.9998,0.9998,BFX,1510628400,2017-12-28 01:09:55.862859,0,0.0
2557,0.9998,BFX,1,JordanManual,Bitfinex,0.9998,0.9998,0.9998,,1510628400,2017-12-26 23:21:24.889614,0,0.0
2558,0.9998,BFX,1,JordanManual,CCCAGG,0.9998,0.9998,0.9998,,1510628400,2017-12-26 23:21:23.208812,0,0.0
2559,0.9998,,1,JordanManual,CCCAGG,0.9998,0.9998,0.9998,BFX,1510628400,2017-12-28 01:14:48.478985,0,0.0
2560,0.9998,BFX,1,JordanManual,CCCAGG,0.9998,0.9998,0.9998,,1510632000,2017-12-26 23:21:23.208812,0,0.0
2561,0.9998,BFX,1,JordanManual,Bitfinex,0.9998,0.9998,0.9998,,1510632000,2017-12-26 23:21:24.889614,0,0.0
2562,0.9998,BFX,1,JordanManual,CCCAGG,0.9998,0.9998,0.9998,,1510635600,2017-12-26 23:21:23.208812,0,0.0
2563,0.9998,BFX,1,JordanManual,Bitfinex,0.9998,0.9998,0.9998,,1510635600,2017-12-26 23:21:24.889614,0,0.0
2564,0.9998,,1,JordanManual,Bitfinex,0.9998,0.9998,0.9998,BFX,1510639200,2017-12-28 01:09:55.862859,0,0.0
2565,0.9998,,1,JordanManual,CCCAGG,0.9998,0.9998,0.9998,BFX,1510639200,2017-12-28 01:14:48.478985,0,0.0
2566,0.9998,BFX,1,JordanManual,Bitfinex,0.9998,0.9998,0.9998,,1510639200,2017-12-26 23:21:24.889614,0,0.0
2567,0.9998,BFX,1,JordanManual,CCCAGG,0.9998,0.9998,0.9998,,1510639200,2017-12-26 23:21:23.208812,0,0.0
2568,0.9998,BFX,1,JordanManual,CCCAGG,0.9998,0.9998,0.9998,,1510642800,2017-12-26 23:21:23.208812,0,0.0
2569,0.9998,BFX,1,JordanManual,Bitfinex,0.9998,0.9998,0.9998,,1510642800,2017-12-26 23:21:24.889614,0,0.0
2570,0.9998,BFX,1,JordanManual,Bitfinex,0.9998,0.9998,0.9998,,1510646400,2017-12-26 23:21:24.889614,0,0.0
2571,0.9998,BFX,1,JordanManual,CCCAGG,0.9998,0.9998,0.9998,,1510646400,2017-12-26 23:21:23.208812,0,0.0
2572,0.9998,,1,JordanManual,Bitfinex,0.9998,0.9998,0.9998,BFX,1510650000,2017-12-28 01:09:55.862859,0,0.0
2573,0.9998,BFX,1,JordanManual,Bitfinex,0.9998,0.9998,0.9998,,1510650000,2017-12-26 23:21:24.889614,0,0.0
2574,0.9998,BFX,1,JordanManual,CCCAGG,0.9998,0.9998,0.9998,,1510650000,2017-12-26 23:21:23.208812,0,0.0
2575,0.9998,,1,JordanManual,CCCAGG,0.9998,0.9998,0.9998,BFX,1510650000,2017-12-28 01:14:48.478985,0,0.0
2576,0.9998,BFX,1,JordanManual,Bitfinex,0.9998,0.9998,0.9998,,1510653600,2017-12-26 23:21:24.889614,0,0.0
2577,0.9998,BFX,1,JordanManual,CCCAGG,0.9998,0.9998,0.9998,,1510653600,2017-12-26 23:21:23.208812,0,0.0
2578,0.9998,BFX,1,JordanManual,CCCAGG,0.9998,0.9998,0.9998,,1510657200,2017-12-26 23:21:23.208812,0,0.0
2579,0.9998,BFX,1,JordanManual,Bitfinex,0.9998,0.9998,0.9998,,1510657200,2017-12-26 23:21:24.889614,0,0.0
2580,0.9998,BFX,1,JordanManual,Bitfinex,0.9998,0.9998,0.9998,,1510660800,2017-12-26 23:21:24.889614,0,0.0
2581,0.9998,,1,JordanManual,Bitfinex,0.9998,0.9998,0.9998,BFX,1510660800,2017-12-28 01:09:55.862859,0,0.0
2582,0.9998,BFX,1,JordanManual,CCCAGG,0.9998,0.9998,0.9998,,1510660800,2017-12-26 23:21:23.208812,0,0.0
2583,0.9998,,1,JordanManual,CCCAGG,0.9998,0.9998,0.9998,BFX,1510660800,2017-12-28 01:14:48.478985,0,0.0
2584,0.9998,BFX,1,JordanManual,Bitfinex,0.9998,0.9998,0.9998,,1510664400,2017-12-26 23:21:24.889614,0,0.0
2585,0.9998,BFX,1,JordanManual,CCCAGG,0.9998,0.9998,0.9998,,1510664400,2017-12-26 23:21:23.208812,0,0.0
2586,0.9998,BFX,1,JordanManual,Bitfinex,0.9998,0.9998,0.9998,,1510668000,2017-12-26 23:21:24.889614,0,0.0
2587,0.9998,BFX,1,JordanManual,CCCAGG,0.9998,0.9998,0.9998,,1510668000,2017-12-26 23:21:23.208812,0,0.0
2588,0.9998,BFX,1,JordanManual,CCCAGG,0.9998,0.9998,0.9998,,1510671600,2017-12-26 23:21:23.208812,0,0.0
2589,0.9998,,1,JordanManual,CCCAGG,0.9998,0.9998,0.9998,BFX,1510671600,2017-12-28 01:14:48.478985,0,0.0
2590,0.9998,,1,JordanManual,Bitfinex,0.9998,0.9998,0.9998,BFX,1510671600,2017-12-28 01:09:55.862859,0,0.0
2591,0.9998,BFX,1,JordanManual,Bitfinex,0.9998,0.9998,0.9998,,1510671600,2017-12-26 23:21:24.889614,0,0.0
2592,0.9998,BFX,1,JordanManual,Bitfinex,0.9998,0.9998,0.9998,,1510675200,2017-12-26 23:21:24.889614,0,0.0
2593,0.9998,BFX,1,JordanManual,CCCAGG,0.9998,0.9998,0.9998,,1510675200,2017-12-26 23:21:23.208812,0,0.0
2594,0.9998,BFX,1,JordanManual,Bitfinex,0.9998,0.9998,0.9998,,1510678800,2017-12-26 23:21:24.889614,0,0.0
2595,0.9998,BFX,1,JordanManual,CCCAGG,0.9998,0.9998,0.9998,,1510678800,2017-12-26 23:21:23.208812,0,0.0
2596,0.9998,,1,JordanManual,CCCAGG,0.9998,0.9998,0.9998,BFX,1510682400,2017-12-28 01:14:48.478985,0,0.0
2597,0.9998,,1,JordanManual,Bitfinex,0.9998,0.9998,0.9998,BFX,1510682400,2017-12-28 01:09:55.862859,0,0.0
2598,0.9998,BFX,1,JordanManual,CCCAGG,0.9998,0.9998,0.9998,,1510682400,2017-12-26 23:21:23.208812,0,0.0
2599,0.9998,BFX,1,JordanManual,Bitfinex,0.9998,0.9998,0.9998,,1510682400,2017-12-26 23:21:24.889614,0,0.0
2600,0.9998,BFX,1,JordanManual,Bitfinex,0.9998,0.9998,0.9998,,1510686000,2017-12-26 23:21:24.889614,0,0.0
2601,0.9998,BFX,1,JordanManual,CCCAGG,0.9998,0.9998,0.9998,,1510686000,2017-12-26 23:21:23.208812,0,0.0
2602,0.9998,BFX,1,JordanManual,Bitfinex,0.9998,0.9998,0.9998,,1510689600,2017-12-26 23:21:24.889614,0,0.0
2603,0.9998,BFX,1,JordanManual,CCCAGG,0.9998,0.9998,0.9998,,1510689600,2017-12-26 23:21:23.208812,0,0.0
2604,0.9998,BFX,1,JordanManual,CCCAGG,0.9998,0.9998,0.9998,,1510693200,2017-12-26 23:21:23.208812,0,0.0
2605,0.9998,BFX,1,JordanManual,Bitfinex,0.9998,0.9998,0.9998,,1510693200,2017-12-26 23:21:24.889614,0,0.0
2606,0.9998,,1,JordanManual,Bitfinex,0.9998,0.9998,0.9998,BFX,1510693200,2017-12-28 01:09:55.862859,0,0.0
2607,0.9998,,1,JordanManual,CCCAGG,0.9998,0.9998,0.9998,BFX,1510693200,2017-12-28 01:14:48.478985,0,0.0
2608,0.9998,BFX,1,JordanManual,Bitfinex,0.9998,0.9998,0.9998,,1510696800,2017-12-26 23:21:24.889614,0,0.0
2609,0.9998,BFX,1,JordanManual,CCCAGG,0.9998,0.9998,0.9998,,1510696800,2017-12-26 23:21:23.208812,0,0.0
2610,0.9998,BFX,1,JordanManual,CCCAGG,0.9998,0.9998,0.9998,,1510700400,2017-12-26 23:21:23.208812,0,0.0
2611,0.9998,BFX,1,JordanManual,Bitfinex,0.9998,0.9998,0.9998,,1510700400,2017-12-26 23:21:24.889614,0,0.0
2612,0.9998,,1,JordanManual,CCCAGG,0.9998,0.9998,0.9998,BFX,1510704000,2017-12-28 01:14:48.478985,0,0.0
2613,0.9998,BFX,1,JordanManual,Bitfinex,0.9998,0.9998,0.9998,,1510704000,2017-12-26 23:21:24.889614,0,0.0
2614,0.9998,,1,JordanManual,Bitfinex,0.9998,0.9998,0.9998,BFX,1510704000,2017-12-28 01:09:55.862859,0,0.0
2615,0.9998,BFX,1,JordanManual,CCCAGG,0.9998,0.9998,0.9998,,1510704000,2017-12-26 23:21:23.208812,0,0.0
2616,0.9998,BFX,1,JordanManual,CCCAGG,0.9998,0.9998,0.9998,,1510707600,2017-12-26 23:21:23.208812,0,0.0
2617,0.9998,BFX,1,JordanManual,Bitfinex,0.9998,0.9998,0.9998,,1510707600,2017-12-26 23:21:24.889614,0,0.0
2618,0.9998,BFX,1,JordanManual,CCCAGG,0.9998,0.9998,0.9998,,1510711200,2017-12-26 23:21:23.208812,0,0.0
2619,0.9998,BFX,1,JordanManual,Bitfinex,0.9998,0.9998,0.9998,,1510711200,2017-12-26 23:21:24.889614,0,0.0
2620,0.9998,BFX,1,JordanManual,Bitfinex,0.9998,0.9998,0.9998,,1510714800,2017-12-26 23:21:24.889614,0,0.0
2621,0.9998,,1,JordanManual,Bitfinex,0.9998,0.9998,0.9998,BFX,1510714800,2017-12-28 01:09:55.862859,0,0.0
2622,0.9998,,1,JordanManual,CCCAGG,0.9998,0.9998,0.9998,BFX,1510714800,2017-12-28 01:14:48.478985,0,0.0
2623,0.9998,BFX,1,JordanManual,CCCAGG,0.9998,0.9998,0.9998,,1510714800,2017-12-26 23:21:23.208812,0,0.0
2624,0.9998,BFX,1,JordanManual,Bitfinex,0.9998,0.9998,0.9998,,1510718400,2017-12-26 23:21:24.889614,0,0.0
2625,0.9998,BFX,1,JordanManual,CCCAGG,0.9998,0.9998,0.9998,,1510718400,2017-12-26 23:21:23.208812,0,0.0
2626,0.9998,BFX,1,JordanManual,CCCAGG,0.9998,0.9998,0.9998,,1510722000,2017-12-26 23:21:23.208812,0,0.0
2627,0.9998,BFX,1,JordanManual,Bitfinex,0.9998,0.9998,0.9998,,1510722000,2017-12-26 23:21:24.889614,0,0.0
2628,0.9998,BFX,1,JordanManual,CCCAGG,0.9998,0.9998,0.9998,,1510725600,2017-12-26 23:21:23.208812,0,0.0
2629,0.9998,BFX,1,JordanManual,Bitfinex,0.9998,0.9998,0.9998,,1510725600,2017-12-26 23:21:24.889614,0,0.0
2630,0.9998,,1,JordanManual,Bitfinex,0.9998,0.9998,0.9998,BFX,1510725600,2017-12-28 01:09:55.862859,0,0.0
2631,0.9998,,1,JordanManual,CCCAGG,0.9998,0.9998,0.9998,BFX,1510725600,2017-12-28 01:14:48.478985,0,0.0
2632,0.9998,BFX,1,JordanManual,Bitfinex,0.9998,0.9998,0.9998,,1510729200,2017-12-26 23:21:24.889614,0,0.0
2633,0.9998,BFX,1,JordanManual,CCCAGG,0.9998,0.9998,0.9998,,1510729200,2017-12-26 23:21:23.208812,0,0.0
2634,0.9998,BFX,1,JordanManual,Bitfinex,0.9998,0.9998,0.9998,,1510732800,2017-12-26 23:21:24.889614,0,0.0
2635,0.9998,BFX,1,JordanManual,CCCAGG,0.9998,0.9998,0.9998,,1510732800,2017-12-26 23:21:23.208812,0,0.0
2636,0.9998,BFX,1,JordanManual,CCCAGG,0.9998,0.9998,0.9998,,1510736400,2017-12-26 23:21:23.208812,0,0.0
2637,0.9998,,1,JordanManual,CCCAGG,0.9998,0.9998,0.9998,BFX,1510736400,2017-12-28 01:14:48.478985,0,0.0
2638,0.9998,BFX,1,JordanManual,Bitfinex,0.9998,0.9998,0.9998,,1510736400,2017-12-26 23:21:24.889614,0,0.0
2639,0.9998,,1,JordanManual,Bitfinex,0.9998,0.9998,0.9998,BFX,1510736400,2017-12-28 01:09:55.862859,0,0.0
2640,0.9998,BFX,1,JordanManual,CCCAGG,0.9998,0.9998,0.9998,,1510740000,2017-12-26 23:21:23.208812,0,0.0
2641,0.9998,BFX,1,JordanManual,Bitfinex,0.9998,0.9998,0.9998,,1510740000,2017-12-26 23:21:24.889614,0,0.0
2642,0.9998,BFX,1,JordanManual,CCCAGG,0.9998,0.9998,0.9998,,1510743600,2017-12-26 23:21:23.208812,0,0.0
2643,0.9998,BFX,1,JordanManual,Bitfinex,0.9998,0.9998,0.9998,,1510743600,2017-12-26 23:21:24.889614,0,0.0
2644,0.9998,,1,JordanManual,CCCAGG,0.9998,0.9998,0.9998,BFX,1510747200,2017-12-28 01:14:48.478985,0,0.0
2645,0.9998,,1,JordanManual,Bitfinex,0.9998,0.9998,0.9998,BFX,1510747200,2017-12-28 01:09:55.862859,0,0.0
2646,0.9998,BFX,1,JordanManual,Bitfinex,0.9998,0.9998,0.9998,,1510747200,2017-12-26 23:21:24.889614,0,0.0
2647,0.9998,BFX,1,JordanManual,CCCAGG,0.9998,0.9998,0.9998,,1510747200,2017-12-26 23:21:23.208812,0,0.0
2648,0.9998,BFX,1,JordanManual,Bitfinex,0.9998,0.9998,0.9998,,1510750800,2017-12-26 23:21:24.889614,0,0.0
2649,0.9998,BFX,1,JordanManual,CCCAGG,0.9998,0.9998,0.9998,,1510750800,2017-12-26 23:21:23.208812,0,0.0
2650,0.9998,BFX,1,JordanManual,CCCAGG,0.9998,0.9998,0.9998,,1510754400,2017-12-26 23:21:23.208812,0,0.0
2651,0.9998,BFX,1,JordanManual,Bitfinex,0.9998,0.9998,0.9998,,1510754400,2017-12-26 23:21:24.889614,0,0.0
2652,0.9998,,1,JordanManual,Bitfinex,0.9998,0.9998,0.9998,BFX,1510758000,2017-12-28 01:09:55.862859,0,0.0
2653,0.9998,BFX,1,JordanManual,CCCAGG,0.9998,0.9998,0.9998,,1510758000,2017-12-26 23:21:23.208812,0,0.0
2654,0.9998,,1,JordanManual,CCCAGG,0.9998,0.9998,0.9998,BFX,1510758000,2017-12-28 01:14:48.478985,0,0.0
2655,0.9998,BFX,1,JordanManual,Bitfinex,0.9998,0.9998,0.9998,,1510758000,2017-12-26 23:21:24.889614,0,0.0
2656,0.9998,BFX,1,JordanManual,Bitfinex,0.9998,0.9998,0.9998,,1510761600,2017-12-26 23:21:24.889614,0,0.0
2657,0.9998,BFX,1,JordanManual,CCCAGG,0.9998,0.9998,0.9998,,1510761600,2017-12-26 23:21:23.208812,0,0.0
2658,0.9998,BFX,1,JordanManual,Bitfinex,0.9998,0.9998,0.9998,,1510765200,2017-12-26 23:21:24.889614,0,0.0
2659,0.9998,BFX,1,JordanManual,CCCAGG,0.9998,0.9998,0.9998,,1510765200,2017-12-26 23:21:23.208812,0,0.0
2660,0.9998,,1,JordanManual,Bitfinex,0.9998,0.9998,0.9998,BFX,1510768800,2017-12-28 01:09:55.862859,0,0.0
2661,0.9998,,1,JordanManual,CCCAGG,0.9998,0.9998,0.9998,BFX,1510768800,2017-12-28 01:14:48.478985,0,0.0
2662,0.9998,BFX,1,JordanManual,CCCAGG,0.9998,0.9998,0.9998,,1510768800,2017-12-26 23:21:23.208812,0,0.0
2663,0.9998,BFX,1,JordanManual,Bitfinex,0.9998,0.9998,0.9998,,1510768800,2017-12-26 23:21:24.889614,0,0.0
2664,0.9998,BFX,1,JordanManual,CCCAGG,0.9998,0.9998,0.9998,,1510772400,2017-12-26 23:21:23.208812,0,0.0
2665,0.9998,BFX,1,JordanManual,Bitfinex,0.9998,0.9998,0.9998,,1510772400,2017-12-26 23:21:24.889614,0,0.0
2666,0.9998,BFX,1,JordanManual,Bitfinex,0.9998,0.9998,0.9998,,1510776000,2017-12-26 23:21:24.889614,0,0.0
2667,0.9998,BFX,1,JordanManual,CCCAGG,0.9998,0.9998,0.9998,,1510776000,2017-12-26 23:21:23.208812,0,0.0
2668,0.9998,,1,JordanManual,Bitfinex,0.9998,0.9998,0.9998,BFX,1510779600,2017-12-28 01:09:55.862859,0,0.0
2669,0.9998,BFX,1,JordanManual,Bitfinex,0.9998,0.9998,0.9998,,1510779600,2017-12-26 23:21:24.889614,0,0.0
2670,0.9998,BFX,1,JordanManual,CCCAGG,0.9998,0.9998,0.9998,,1510779600,2017-12-26 23:21:23.208812,0,0.0
2671,0.9998,,1,JordanManual,CCCAGG,0.9998,0.9998,0.9998,BFX,1510779600,2017-12-28 01:14:48.478985,0,0.0
2672,0.9998,BFX,1,JordanManual,Bitfinex,0.9998,0.9998,0.9998,,1510783200,2017-12-26 23:21:24.889614,0,0.0
2673,0.9998,BFX,1,JordanManual,CCCAGG,0.9998,0.9998,0.9998,,1510783200,2017-12-26 23:21:23.208812,0,0.0
2674,0.9998,BFX,1,JordanManual,CCCAGG,0.9998,0.9998,0.9998,,1510786800,2017-12-26 23:21:23.208812,0,0.0
2675,0.9998,BFX,1,JordanManual,Bitfinex,0.9998,0.9998,0.9998,,1510786800,2017-12-26 23:21:24.889614,0,0.0
2676,0.9998,,1,JordanManual,CCCAGG,0.9998,0.9998,0.9998,BFX,1510790400,2017-12-28 01:14:48.478985,0,0.0
2677,0.9998,BFX,1,JordanManual,CCCAGG,0.9998,0.9998,0.9998,,1510790400,2017-12-26 23:21:23.208812,0,0.0
2678,0.9998,BFX,1,JordanManual,Bitfinex,0.9998,0.9998,0.9998,,1510790400,2017-12-26 23:21:24.889614,0,0.0
2679,0.9998,,1,JordanManual,Bitfinex,0.9998,0.9998,0.9998,BFX,1510790400,2017-12-28 01:09:55.862859,0,0.0
2680,0.9998,BFX,1,JordanManual,CCCAGG,0.9998,0.9998,0.9998,,1510794000,2017-12-26 23:21:23.208812,0,0.0
2681,0.9998,BFX,1,JordanManual,Bitfinex,0.9998,0.9998,0.9998,,1510794000,2017-12-26 23:21:24.889614,0,0.0
2682,0.9998,BFX,1,JordanManual,Bitfinex,0.9998,0.9998,0.9998,,1510797600,2017-12-26 23:21:24.889614,0,0.0
2683,0.9998,BFX,1,JordanManual,CCCAGG,0.9998,0.9998,0.9998,,1510797600,2017-12-26 23:21:23.208812,0,0.0
2684,0.9998,BFX,1,JordanManual,Bitfinex,0.9998,0.9998,0.9998,,1510801200,2017-12-26 23:21:24.889614,0,0.0
2685,0.9998,BFX,1,JordanManual,CCCAGG,0.9998,0.9998,0.9998,,1510801200,2017-12-26 23:21:23.208812,0,0.0
2686,0.9998,,1,JordanManual,Bitfinex,0.9998,0.9998,0.9998,BFX,1510801200,2017-12-28 01:09:55.862859,0,0.0
2687,0.9998,,1,JordanManual,CCCAGG,0.9998,0.9998,0.9998,BFX,1510801200,2017-12-28 01:14:48.478985,0,0.0
2688,0.9998,BFX,1,JordanManual,Bitfinex,0.9998,0.9998,0.9998,,1510804800,2017-12-26 23:21:24.889614,0,0.0
2689,0.9998,BFX,1,JordanManual,CCCAGG,0.9998,0.9998,0.9998,,1510804800,2017-12-26 23:21:23.208812,0,0.0
2690,0.9998,BFX,1,JordanManual,CCCAGG,0.9998,0.9998,0.9998,,1510808400,2017-12-26 23:21:23.208812,0,0.0
2691,0.9998,BFX,1,JordanManual,Bitfinex,0.9998,0.9998,0.9998,,1510808400,2017-12-26 23:21:24.889614,0,0.0
2692,0.9998,,1,JordanManual,CCCAGG,0.9998,0.9998,0.9998,BFX,1510812000,2017-12-28 01:14:48.478985,0,0.0
2693,0.9998,BFX,1,JordanManual,CCCAGG,0.9998,0.9998,0.9998,,1510812000,2017-12-26 23:21:23.208812,0,0.0
2694,0.9998,BFX,1,JordanManual,Bitfinex,0.9998,0.9998,0.9998,,1510812000,2017-12-26 23:21:24.889614,0,0.0
2695,0.9998,,1,JordanManual,Bitfinex,0.9998,0.9998,0.9998,BFX,1510812000,2017-12-28 01:09:55.862859,0,0.0
2696,0.9998,BFX,1,JordanManual,CCCAGG,0.9998,0.9998,0.9998,,1510815600,2017-12-26 23:21:23.208812,0,0.0
2697,0.9998,BFX,1,JordanManual,Bitfinex,0.9998,0.9998,0.9998,,1510815600,2017-12-26 23:21:24.889614,0,0.0
2698,0.9998,BFX,1,JordanManual,Bitfinex,0.9998,0.9998,0.9998,,1510819200,2017-12-26 23:21:24.889614,0,0.0
2699,0.9998,BFX,1,JordanManual,CCCAGG,0.9998,0.9998,0.9998,,1510819200,2017-12-26 23:21:23.208812,0,0.0
2700,0.9998,BFX,1,JordanManual,CCCAGG,0.9998,0.9998,0.9998,,1510822800,2017-12-26 23:21:23.208812,0,0.0
2701,0.9998,,1,JordanManual,Bitfinex,0.9998,0.9998,0.9998,BFX,1510822800,2017-12-28 01:09:55.862859,0,0.0
2702,0.9998,,1,JordanManual,CCCAGG,0.9998,0.9998,0.9998,BFX,1510822800,2017-12-28 01:14:48.478985,0,0.0
2703,0.9998,BFX,1,JordanManual,Bitfinex,0.9998,0.9998,0.9998,,1510822800,2017-12-26 23:21:24.889614,0,0.0
2704,0.9998,BFX,1,JordanManual,Bitfinex,0.9998,0.9998,0.9998,,1510826400,2017-12-26 23:21:24.889614,0,0.0
2705,0.9998,BFX,1,JordanManual,CCCAGG,0.9998,0.9998,0.9998,,1510826400,2017-12-26 23:21:23.208812,0,0.0
2706,0.9998,BFX,1,JordanManual,CCCAGG,0.9998,0.9998,0.9998,,1510830000,2017-12-26 23:21:23.208812,0,0.0
2707,0.9998,BFX,1,JordanManual,Bitfinex,0.9998,0.9998,0.9998,,1510830000,2017-12-26 23:21:24.889614,0,0.0
2708,0.9998,,1,JordanManual,Bitfinex,0.9998,0.9998,0.9998,BFX,1510833600,2017-12-28 01:09:55.862859,0,0.0
2709,0.9998,,1,JordanManual,CCCAGG,0.9998,0.9998,0.9998,BFX,1510833600,2017-12-28 01:14:48.478985,0,0.0
2710,0.9998,BFX,1,JordanManual,CCCAGG,0.9998,0.9998,0.9998,,1510833600,2017-12-26 23:21:23.208812,0,0.0
2711,0.9998,BFX,1,JordanManual,Bitfinex,0.9998,0.9998,0.9998,,1510833600,2017-12-26 23:21:24.889614,0,0.0
2712,0.9998,BFX,1,JordanManual,CCCAGG,0.9998,0.9998,0.9998,,1510837200,2017-12-26 23:21:23.208812,0,0.0
2713,0.9998,BFX,1,JordanManual,Bitfinex,0.9998,0.9998,0.9998,,1510837200,2017-12-26 23:21:24.889614,0,0.0
2714,0.9998,BFX,1,JordanManual,CCCAGG,0.9998,0.9998,0.9998,,1510840800,2017-12-26 23:21:23.208812,0,0.0
2715,0.9998,BFX,1,JordanManual,Bitfinex,0.9998,0.9998,0.9998,,1510840800,2017-12-26 23:21:24.889614,0,0.0
2716,0.9998,BFX,1,JordanManual,CCCAGG,0.9998,0.9998,0.9998,,1510844400,2017-12-26 23:21:23.208812,0,0.0
2717,0.9998,,1,JordanManual,CCCAGG,0.9998,0.9998,0.9998,BFX,1510844400,2017-12-28 01:14:48.478985,0,0.0
2718,0.9998,BFX,1,JordanManual,Bitfinex,0.9998,0.9998,0.9998,,1510844400,2017-12-26 23:21:24.889614,0,0.0
2719,0.9998,,1,JordanManual,Bitfinex,0.9998,0.9998,0.9998,BFX,1510844400,2017-12-28 01:09:55.862859,0,0.0
2720,0.9998,BFX,1,JordanManual,CCCAGG,0.9998,0.9998,0.9998,,1510848000,2017-12-26 23:21:23.208812,0,0.0
2721,0.9998,BFX,1,JordanManual,Bitfinex,0.9998,0.9998,0.9998,,1510848000,2017-12-26 23:21:24.889614,0,0.0
2722,0.9998,BFX,1,JordanManual,CCCAGG,0.9998,0.9998,0.9998,,1510851600,2017-12-26 23:21:23.208812,0,0.0
2723,0.9998,BFX,1,JordanManual,Bitfinex,0.9998,0.9998,0.9998,,1510851600,2017-12-26 23:21:24.889614,0,0.0
2724,0.9998,BFX,1,JordanManual,Bitfinex,0.9998,0.9998,0.9998,,1510855200,2017-12-26 23:21:24.889614,0,0.0
2725,0.9998,,1,JordanManual,Bitfinex,0.9998,0.9998,0.9998,BFX,1510855200,2017-12-28 01:09:55.862859,0,0.0
2726,0.9998,,1,JordanManual,CCCAGG,0.9998,0.9998,0.9998,BFX,1510855200,2017-12-28 01:14:48.478985,0,0.0
2727,0.9998,BFX,1,JordanManual,CCCAGG,0.9998,0.9998,0.9998,,1510855200,2017-12-26 23:21:23.208812,0,0.0
2728,0.9998,BFX,1,JordanManual,Bitfinex,0.9998,0.9998,0.9998,,1510858800,2017-12-26 23:21:24.889614,0,0.0
2729,0.9998,BFX,1,JordanManual,CCCAGG,0.9998,0.9998,0.9998,,1510858800,2017-12-26 23:21:23.208812,0,0.0
2730,0.9998,BFX,1,JordanManual,CCCAGG,0.9998,0.9998,0.9998,,1510862400,2017-12-26 23:21:23.208812,0,0.0
2731,0.9998,BFX,1,JordanManual,Bitfinex,0.9998,0.9998,0.9998,,1510862400,2017-12-26 23:21:24.889614,0,0.0
2732,0.9998,BFX,1,JordanManual,Bitfinex,0.9998,0.9998,0.9998,,1510866000,2017-12-26 23:21:24.889614,0,0.0
2733,0.9998,BFX,1,JordanManual,CCCAGG,0.9998,0.9998,0.9998,,1510866000,2017-12-26 23:21:23.208812,0,0.0
2734,0.9998,,1,JordanManual,CCCAGG,0.9998,0.9998,0.9998,BFX,1510866000,2017-12-28 01:14:48.478985,0,0.0
2735,0.9998,,1,JordanManual,Bitfinex,0.9998,0.9998,0.9998,BFX,1510866000,2017-12-28 01:09:55.862859,0,0.0
2736,0.9998,BFX,1,JordanManual,Bitfinex,0.9998,0.9998,0.9998,,1510869600,2017-12-26 23:21:24.889614,0,0.0
2737,0.9998,BFX,1,JordanManual,CCCAGG,0.9998,0.9998,0.9998,,1510869600,2017-12-26 23:21:23.208812,0,0.0
2738,0.9998,BFX,1,JordanManual,Bitfinex,0.9998,0.9998,0.9998,,1510873200,2017-12-26 23:21:24.889614,0,0.0
2739,0.9998,BFX,1,JordanManual,CCCAGG,0.9998,0.9998,0.9998,,1510873200,2017-12-26 23:21:23.208812,0,0.0
2740,0.9998,,1,JordanManual,CCCAGG,0.9998,0.9998,0.9998,BFX,1510876800,2017-12-28 01:14:48.478985,0,0.0
2741,0.9998,,1,JordanManual,Bitfinex,0.9998,0.9998,0.9998,BFX,1510876800,2017-12-28 01:09:55.862859,0,0.0
2742,0.9998,BFX,1,JordanManual,CCCAGG,0.9998,0.9998,0.9998,,1510876800,2017-12-26 23:21:23.208812,0,0.0
2743,0.9998,BFX,1,JordanManual,Bitfinex,0.9998,0.9998,0.9998,,1510876800,2017-12-26 23:21:24.889614,0,0.0
2744,0.9998,BFX,1,JordanManual,CCCAGG,0.9998,0.9998,0.9998,,1510880400,2017-12-26 23:21:23.208812,0,0.0
2745,0.9998,BFX,1,JordanManual,Bitfinex,0.9998,0.9998,0.9998,,1510880400,2017-12-26 23:21:24.889614,0,0.0
2746,0.9998,BFX,1,JordanManual,Bitfinex,0.9998,0.9998,0.9998,,1510884000,2017-12-26 23:21:24.889614,0,0.0
2747,0.9998,BFX,1,JordanManual,CCCAGG,0.9998,0.9998,0.9998,,1510884000,2017-12-26 23:21:23.208812,0,0.0
2748,0.9998,,1,JordanManual,Bitfinex,0.9998,0.9998,0.9998,BFX,1510887600,2017-12-28 01:09:55.862859,0,0.0
2749,0.9998,BFX,1,JordanManual,Bitfinex,0.9998,0.9998,0.9998,,1510887600,2017-12-26 23:21:24.889614,0,0.0
2750,0.9998,,1,JordanManual,CCCAGG,0.9998,0.9998,0.9998,BFX,1510887600,2017-12-28 01:14:48.478985,0,0.0
2751,0.9998,BFX,1,JordanManual,CCCAGG,0.9998,0.9998,0.9998,,1510887600,2017-12-26 23:21:23.208812,0,0.0
2752,0.9998,BFX,1,JordanManual,CCCAGG,0.9998,0.9998,0.9998,,1510891200,2017-12-26 23:21:23.208812,0,0.0
2753,0.9998,BFX,1,JordanManual,Bitfinex,0.9998,0.9998,0.9998,,1510891200,2017-12-26 23:21:24.889614,0,0.0
2754,0.9998,BFX,1,JordanManual,CCCAGG,0.9998,0.9998,0.9998,,1510894800,2017-12-26 23:21:23.208812,0,0.0
2755,0.9998,BFX,1,JordanManual,Bitfinex,0.9998,0.9998,0.9998,,1510894800,2017-12-26 23:21:24.889614,0,0.0
2756,0.9998,BFX,1,JordanManual,Bitfinex,0.9998,0.9998,0.9998,,1510898400,2017-12-26 23:21:24.889614,0,0.0
2757,0.9998,,1,JordanManual,CCCAGG,0.9998,0.9998,0.9998,BFX,1510898400,2017-12-28 01:14:48.478985,0,0.0
2758,0.9998,,1,JordanManual,Bitfinex,0.9998,0.9998,0.9998,BFX,1510898400,2017-12-28 01:09:55.862859,0,0.0
2759,0.9998,BFX,1,JordanManual,CCCAGG,0.9998,0.9998,0.9998,,1510898400,2017-12-26 23:21:23.208812,0,0.0
2760,0.9998,BFX,1,JordanManual,Bitfinex,0.9998,0.9998,0.9998,,1510902000,2017-12-26 23:21:24.889614,0,0.0
2761,0.9998,BFX,1,JordanManual,CCCAGG,0.9998,0.9998,0.9998,,1510902000,2017-12-26 23:21:23.208812,0,0.0
2762,0.9998,BFX,1,JordanManual,CCCAGG,0.9998,0.9998,0.9998,,1510905600,2017-12-26 23:21:23.208812,0,0.0
2763,0.9998,BFX,1,JordanManual,Bitfinex,0.9998,0.9998,0.9998,,1510905600,2017-12-26 23:21:24.889614,0,0.0
2764,0.9998,,1,JordanManual,Bitfinex,0.9998,0.9998,0.9998,BFX,1510909200,2017-12-28 01:09:55.862859,0,0.0
2765,0.9998,,1,JordanManual,CCCAGG,0.9998,0.9998,0.9998,BFX,1510909200,2017-12-28 01:14:48.478985,0,0.0
2766,0.9998,BFX,1,JordanManual,Bitfinex,0.9998,0.9998,0.9998,,1510909200,2017-12-26 23:21:24.889614,0,0.0
2767,0.9998,BFX,1,JordanManual,CCCAGG,0.9998,0.9998,0.9998,,1510909200,2017-12-26 23:21:23.208812,0,0.0
2768,0.9998,BFX,1,JordanManual,Bitfinex,0.9998,0.9998,0.9998,,1510912800,2017-12-26 23:21:24.889614,0,0.0
2769,0.9998,BFX,1,JordanManual,CCCAGG,0.9998,0.9998,0.9998,,1510912800,2017-12-26 23:21:23.208812,0,0.0
2770,0.9998,BFX,1,JordanManual,Bitfinex,0.9998,0.9998,0.9998,,1510916400,2017-12-26 23:21:24.889614,0,0.0
2771,0.9998,BFX,1,JordanManual,CCCAGG,0.9998,0.9998,0.9998,,1510916400,2017-12-26 23:21:23.208812,0,0.0
2772,0.9998,,1,JordanManual,Bitfinex,0.9998,0.9998,0.9998,BFX,1510920000,2017-12-28 01:09:55.862859,0,0.0
2773,0.9998,,1,JordanManual,CCCAGG,0.9998,0.9998,0.9998,BFX,1510920000,2017-12-28 01:14:48.478985,0,0.0
2774,0.9998,BFX,1,JordanManual,CCCAGG,0.9998,0.9998,0.9998,,1510920000,2017-12-26 23:21:23.208812,0,0.0
2775,0.9998,BFX,1,JordanManual,Bitfinex,0.9998,0.9998,0.9998,,1510920000,2017-12-26 23:21:24.889614,0,0.0
2776,0.9998,BFX,1,JordanManual,Bitfinex,0.9998,0.9998,0.9998,,1510923600,2017-12-26 23:21:24.889614,0,0.0
2777,0.9998,BFX,1,JordanManual,CCCAGG,0.9998,0.9998,0.9998,,1510923600,2017-12-26 23:21:23.208812,0,0.0
2778,0.9998,BFX,1,JordanManual,Bitfinex,0.9998,0.9998,0.9998,,1510927200,2017-12-26 23:21:24.889614,0,0.0
2779,0.9998,BFX,1,JordanManual,CCCAGG,0.9998,0.9998,0.9998,,1510927200,2017-12-26 23:21:23.208812,0,0.0
2780,0.9998,BFX,1,JordanManual,CCCAGG,0.9998,0.9998,0.9998,,1510930800,2017-12-26 23:21:23.208812,0,0.0
2781,0.9998,,1,JordanManual,CCCAGG,0.9998,0.9998,0.9998,BFX,1510930800,2017-12-28 01:14:48.478985,0,0.0
2782,0.9998,,1,JordanManual,Bitfinex,0.9998,0.9998,0.9998,BFX,1510930800,2017-12-28 01:09:55.862859,0,0.0
2783,0.9998,BFX,1,JordanManual,Bitfinex,0.9998,0.9998,0.9998,,1510930800,2017-12-26 23:21:24.889614,0,0.0
2784,0.9998,BFX,1,JordanManual,CCCAGG,0.9998,0.9998,0.9998,,1510934400,2017-12-26 23:21:23.208812,0,0.0
2785,0.9998,BFX,1,JordanManual,Bitfinex,0.9998,0.9998,0.9998,,1510934400,2017-12-26 23:21:24.889614,0,0.0
2786,0.9998,BFX,1,JordanManual,CCCAGG,0.9998,0.9998,0.9998,,1510938000,2017-12-26 23:21:23.208812,0,0.0
2787,0.9998,BFX,1,JordanManual,Bitfinex,0.9998,0.9998,0.9998,,1510938000,2017-12-26 23:21:24.889614,0,0.0
2788,0.9998,,1,JordanManual,CCCAGG,0.9998,0.9998,0.9998,BFX,1510941600,2017-12-28 01:14:48.478985,0,0.0
2789,0.9998,,1,JordanManual,Bitfinex,0.9998,0.9998,0.9998,BFX,1510941600,2017-12-28 01:09:55.862859,0,0.0
2790,0.9998,BFX,1,JordanManual,Bitfinex,0.9998,0.9998,0.9998,,1510941600,2017-12-26 23:21:24.889614,0,0.0
2791,0.9998,BFX,1,JordanManual,CCCAGG,0.9998,0.9998,0.9998,,1510941600,2017-12-26 23:21:23.208812,0,0.0
2792,0.9998,BFX,1,JordanManual,CCCAGG,0.9998,0.9998,0.9998,,1510945200,2017-12-26 23:21:23.208812,0,0.0
2793,0.9998,BFX,1,JordanManual,Bitfinex,0.9998,0.9998,0.9998,,1510945200,2017-12-26 23:21:24.889614,0,0.0
2794,0.9998,BFX,1,JordanManual,Bitfinex,0.9998,0.9998,0.9998,,1510948800,2017-12-26 23:21:24.889614,0,0.0
2795,0.9998,BFX,1,JordanManual,CCCAGG,0.9998,0.9998,0.9998,,1510948800,2017-12-26 23:21:23.208812,0,0.0
2796,0.9998,,1,JordanManual,CCCAGG,0.9998,0.9998,0.9998,BFX,1510952400,2017-12-28 01:14:48.478985,0,0.0
2797,0.9998,BFX,1,JordanManual,CCCAGG,0.9998,0.9998,0.9998,,1510952400,2017-12-26 23:21:23.208812,0,0.0
2798,0.9998,,1,JordanManual,Bitfinex,0.9998,0.9998,0.9998,BFX,1510952400,2017-12-28 01:09:55.862859,0,0.0
2799,0.9998,BFX,1,JordanManual,Bitfinex,0.9998,0.9998,0.9998,,1510952400,2017-12-26 23:21:24.889614,0,0.0
2800,0.9998,BFX,1,JordanManual,CCCAGG,0.9998,0.9998,0.9998,,1510956000,2017-12-26 23:21:23.208812,0,0.0
2801,0.9998,BFX,1,JordanManual,Bitfinex,0.9998,0.9998,0.9998,,1510956000,2017-12-26 23:21:24.889614,0,0.0
2802,0.9998,BFX,1,JordanManual,CCCAGG,0.9998,0.9998,0.9998,,1510959600,2017-12-26 23:21:23.208812,0,0.0
2803,0.9998,BFX,1,JordanManual,Bitfinex,0.9998,0.9998,0.9998,,1510959600,2017-12-26 23:21:24.889614,0,0.0
2804,0.9998,BFX,1,JordanManual,Bitfinex,0.9998,0.9998,0.9998,,1510963200,2017-12-26 23:21:24.889614,0,0.0
2805,0.9998,,1,JordanManual,CCCAGG,0.9998,0.9998,0.9998,BFX,1510963200,2017-12-28 01:14:48.478985,0,0.0
2806,0.9998,BFX,1,JordanManual,CCCAGG,0.9998,0.9998,0.9998,,1510963200,2017-12-26 23:21:23.208812,0,0.0
2807,0.9998,,1,JordanManual,Bitfinex,0.9998,0.9998,0.9998,BFX,1510963200,2017-12-28 01:09:55.862859,0,0.0
2808,0.9998,BFX,1,JordanManual,Bitfinex,0.9998,0.9998,0.9998,,1510966800,2017-12-26 23:21:24.889614,0,0.0
2809,0.9998,BFX,1,JordanManual,CCCAGG,0.9998,0.9998,0.9998,,1510966800,2017-12-26 23:21:23.208812,0,0.0
2810,0.9998,BFX,1,JordanManual,Bitfinex,0.9998,0.9998,0.9998,,1510970400,2017-12-26 23:21:24.889614,0,0.0
2811,0.9998,BFX,1,JordanManual,CCCAGG,0.9998,0.9998,0.9998,,1510970400,2017-12-26 23:21:23.208812,0,0.0
2812,0.9998,,1,JordanManual,CCCAGG,0.9998,0.9998,0.9998,BFX,1510974000,2017-12-28 01:14:48.478985,0,0.0
2813,0.9998,,1,JordanManual,Bitfinex,0.9998,0.9998,0.9998,BFX,1510974000,2017-12-28 01:09:55.862859,0,0.0
2814,0.9998,BFX,1,JordanManual,CCCAGG,0.9998,0.9998,0.9998,,1510974000,2017-12-26 23:21:23.208812,0,0.0
2815,0.9998,BFX,1,JordanManual,Bitfinex,0.9998,0.9998,0.9998,,1510974000,2017-12-26 23:21:24.889614,0,0.0
2816,0.9998,BFX,1,JordanManual,Bitfinex,0.9998,0.9998,0.9998,,1510977600,2017-12-26 23:21:24.889614,0,0.0
2817,0.9998,BFX,1,JordanManual,CCCAGG,0.9998,0.9998,0.9998,,1510977600,2017-12-26 23:21:23.208812,0,0.0
2818,0.9998,BFX,1,JordanManual,CCCAGG,0.9998,0.9998,0.9998,,1510981200,2017-12-26 23:21:23.208812,0,0.0
2819,0.9998,BFX,1,JordanManual,Bitfinex,0.9998,0.9998,0.9998,,1510981200,2017-12-26 23:21:24.889614,0,0.0
2820,0.9998,BFX,1,JordanManual,CCCAGG,0.9998,0.9998,0.9998,,1510984800,2017-12-26 23:21:23.208812,0,0.0
2821,0.9998,,1,JordanManual,Bitfinex,0.9998,0.9998,0.9998,BFX,1510984800,2017-12-28 01:09:55.862859,0,0.0
2822,0.9998,BFX,1,JordanManual,Bitfinex,0.9998,0.9998,0.9998,,1510984800,2017-12-26 23:21:24.889614,0,0.0
2823,0.9998,,1,JordanManual,CCCAGG,0.9998,0.9998,0.9998,BFX,1510984800,2017-12-28 01:14:48.478985,0,0.0
2824,0.9998,BFX,1,JordanManual,Bitfinex,0.9998,0.9998,0.9998,,1510988400,2017-12-26 23:21:24.889614,0,0.0
2825,0.9998,BFX,1,JordanManual,CCCAGG,0.9998,0.9998,0.9998,,1510988400,2017-12-26 23:21:23.208812,0,0.0
2826,0.9998,BFX,1,JordanManual,Bitfinex,0.9998,0.9998,0.9998,,1510992000,2017-12-26 23:21:24.889614,0,0.0
2827,0.9998,BFX,1,JordanManual,CCCAGG,0.9998,0.9998,0.9998,,1510992000,2017-12-26 23:21:23.208812,0,0.0
2828,0.9998,BFX,1,JordanManual,Bitfinex,0.9998,0.9998,0.9998,,1510995600,2017-12-26 23:21:24.889614,0,0.0
2829,0.9998,,1,JordanManual,Bitfinex,0.9998,0.9998,0.9998,BFX,1510995600,2017-12-28 01:09:55.862859,0,0.0
2830,0.9998,BFX,1,JordanManual,CCCAGG,0.9998,0.9998,0.9998,,1510995600,2017-12-26 23:21:23.208812,0,0.0
2831,0.9998,,1,JordanManual,CCCAGG,0.9998,0.9998,0.9998,BFX,1510995600,2017-12-28 01:14:48.478985,0,0.0
2832,0.9998,BFX,1,JordanManual,Bitfinex,0.9998,0.9998,0.9998,,1510999200,2017-12-26 23:21:24.889614,0,0.0
2833,0.9998,BFX,1,JordanManual,CCCAGG,0.9998,0.9998,0.9998,,1510999200,2017-12-26 23:21:23.208812,0,0.0
2834,0.9998,BFX,1,JordanManual,Bitfinex,0.9998,0.9998,0.9998,,1511002800,2017-12-26 23:21:24.889614,0,0.0
2835,0.9998,BFX,1,JordanManual,CCCAGG,0.9998,0.9998,0.9998,,1511002800,2017-12-26 23:21:23.208812,0,0.0
2836,0.9998,,1,JordanManual,Bitfinex,0.9998,0.9998,0.9998,BFX,1511006400,2017-12-28 01:09:55.862859,0,0.0
2837,0.9998,BFX,1,JordanManual,Bitfinex,0.9998,0.9998,0.9998,,1511006400,2017-12-26 23:21:24.889614,0,0.0
2838,0.9998,,1,JordanManual,CCCAGG,0.9998,0.9998,0.9998,BFX,1511006400,2017-12-28 01:14:48.478985,0,0.0
2839,0.9998,BFX,1,JordanManual,CCCAGG,0.9998,0.9998,0.9998,,1511006400,2017-12-26 23:21:23.208812,0,0.0
2840,0.9998,BFX,1,JordanManual,CCCAGG,0.9998,0.9998,0.9998,,1511010000,2017-12-26 23:21:23.208812,0,0.0
2841,0.9998,BFX,1,JordanManual,Bitfinex,0.9998,0.9998,0.9998,,1511010000,2017-12-26 23:21:24.889614,0,0.0
2842,0.9998,BFX,1,JordanManual,CCCAGG,0.9998,0.9998,0.9998,,1511013600,2017-12-26 23:21:23.208812,0,0.0
2843,0.9998,BFX,1,JordanManual,Bitfinex,0.9998,0.9998,0.9998,,1511013600,2017-12-26 23:21:24.889614,0,0.0
2844,0.9998,BFX,1,JordanManual,CCCAGG,0.9998,0.9998,0.9998,,1511017200,2017-12-26 23:21:23.208812,0,0.0
2845,0.9998,,1,JordanManual,CCCAGG,0.9998,0.9998,0.9998,BFX,1511017200,2017-12-28 01:14:48.478985,0,0.0
2846,0.9998,,1,JordanManual,Bitfinex,0.9998,0.9998,0.9998,BFX,1511017200,2017-12-28 01:09:55.862859,0,0.0
2847,0.9998,BFX,1,JordanManual,Bitfinex,0.9998,0.9998,0.9998,,1511017200,2017-12-26 23:21:24.889614,0,0.0
2848,0.9998,BFX,1,JordanManual,Bitfinex,0.9998,0.9998,0.9998,,1511020800,2017-12-26 23:21:24.889614,0,0.0
2849,0.9998,BFX,1,JordanManual,CCCAGG,0.9998,0.9998,0.9998,,1511020800,2017-12-26 23:21:23.208812,0,0.0
2850,0.9998,BFX,1,JordanManual,CCCAGG,0.9998,0.9998,0.9998,,1511024400,2017-12-26 23:21:23.208812,0,0.0
2851,0.9998,BFX,1,JordanManual,Bitfinex,0.9998,0.9998,0.9998,,1511024400,2017-12-26 23:21:24.889614,0,0.0
2852,0.9998,BFX,1,JordanManual,CCCAGG,0.9998,0.9998,0.9998,,1511028000,2017-12-26 23:21:23.208812,0,0.0
2853,0.9998,,1,JordanManual,Bitfinex,0.9998,0.9998,0.9998,BFX,1511028000,2017-12-28 01:09:55.862859,0,0.0
2854,0.9998,,1,JordanManual,CCCAGG,0.9998,0.9998,0.9998,BFX,1511028000,2017-12-28 01:14:48.478985,0,0.0
2855,0.9998,BFX,1,JordanManual,Bitfinex,0.9998,0.9998,0.9998,,1511028000,2017-12-26 23:21:24.889614,0,0.0
2856,0.9998,BFX,1,JordanManual,Bitfinex,0.9998,0.9998,0.9998,,1511031600,2017-12-26 23:21:24.889614,0,0.0
2857,0.9998,BFX,1,JordanManual,CCCAGG,0.9998,0.9998,0.9998,,1511031600,2017-12-26 23:21:23.208812,0,0.0
2858,0.9998,BFX,1,JordanManual,CCCAGG,0.9998,0.9998,0.9998,,1511035200,2017-12-26 23:21:23.208812,0,0.0
2859,0.9998,BFX,1,JordanManual,Bitfinex,0.9998,0.9998,0.9998,,1511035200,2017-12-26 23:21:24.889614,0,0.0
2860,0.9998,BFX,1,JordanManual,Bitfinex,0.9998,0.9998,0.9998,,1511038800,2017-12-26 23:21:24.889614,0,0.0
2861,0.9998,BFX,1,JordanManual,CCCAGG,0.9998,0.9998,0.9998,,1511038800,2017-12-26 23:21:23.208812,0,0.0
2862,0.9998,,1,JordanManual,CCCAGG,0.9998,0.9998,0.9998,BFX,1511038800,2017-12-28 01:14:48.478985,0,0.0
2863,0.9998,,1,JordanManual,Bitfinex,0.9998,0.9998,0.9998,BFX,1511038800,2017-12-28 01:09:55.862859,0,0.0
2864,0.9998,BFX,1,JordanManual,CCCAGG,0.9998,0.9998,0.9998,,1511042400,2017-12-26 23:21:23.208812,0,0.0
2865,0.9998,BFX,1,JordanManual,Bitfinex,0.9998,0.9998,0.9998,,1511042400,2017-12-26 23:21:24.889614,0,0.0
2866,0.9998,BFX,1,JordanManual,Bitfinex,0.9998,0.9998,0.9998,,1511046000,2017-12-26 23:21:24.889614,0,0.0
2867,0.9998,BFX,1,JordanManual,CCCAGG,0.9998,0.9998,0.9998,,1511046000,2017-12-26 23:21:23.208812,0,0.0
2868,0.9998,,1,JordanManual,Bitfinex,0.9998,0.9998,0.9998,BFX,1511049600,2017-12-28 01:09:55.862859,0,0.0
2869,0.9998,,1,JordanManual,CCCAGG,0.9998,0.9998,0.9998,BFX,1511049600,2017-12-28 01:14:48.478985,0,0.0
2870,0.9998,BFX,1,JordanManual,Bitfinex,0.9998,0.9998,0.9998,,1511049600,2017-12-26 23:21:24.889614,0,0.0
2871,0.9998,BFX,1,JordanManual,CCCAGG,0.9998,0.9998,0.9998,,1511049600,2017-12-26 23:21:23.208812,0,0.0
2872,0.9998,BFX,1,JordanManual,Bitfinex,0.9998,0.9998,0.9998,,1511053200,2017-12-26 23:21:24.889614,0,0.0
2873,0.9998,BFX,1,JordanManual,CCCAGG,0.9998,0.9998,0.9998,,1511053200,2017-12-26 23:21:23.208812,0,0.0
2874,0.9998,BFX,1,JordanManual,Bitfinex,0.9998,0.9998,0.9998,,1511056800,2017-12-26 23:21:24.889614,0,0.0
2875,0.9998,BFX,1,JordanManual,CCCAGG,0.9998,0.9998,0.9998,,1511056800,2017-12-26 23:21:23.208812,0,0.0
2876,0.9998,,1,JordanManual,Bitfinex,0.9998,0.9998,0.9998,BFX,1511060400,2017-12-28 01:09:55.862859,0,0.0
2877,0.9998,BFX,1,JordanManual,CCCAGG,0.9998,0.9998,0.9998,,1511060400,2017-12-26 23:21:23.208812,0,0.0
2878,0.9998,BFX,1,JordanManual,Bitfinex,0.9998,0.9998,0.9998,,1511060400,2017-12-26 23:21:24.889614,0,0.0
2879,0.9998,,1,JordanManual,CCCAGG,0.9998,0.9998,0.9998,BFX,1511060400,2017-12-28 01:14:48.478985,0,0.0
2880,0.9998,BFX,1,JordanManual,CCCAGG,0.9998,0.9998,0.9998,,1511064000,2017-12-26 23:21:23.208812,0,0.0
2881,0.9998,BFX,1,JordanManual,Bitfinex,0.9998,0.9998,0.9998,,1511064000,2017-12-26 23:21:24.889614,0,0.0
2882,0.9998,BFX,1,JordanManual,Bitfinex,0.9998,0.9998,0.9998,,1511067600,2017-12-26 23:21:24.889614,0,0.0
2883,0.9998,BFX,1,JordanManual,CCCAGG,0.9998,0.9998,0.9998,,1511067600,2017-12-26 23:21:23.208812,0,0.0
2884,0.9998,BFX,1,JordanManual,Bitfinex,0.9998,0.9998,0.9998,,1511071200,2017-12-26 23:21:24.889614,0,0.0
2885,0.9998,,1,JordanManual,CCCAGG,0.9998,0.9998,0.9998,BFX,1511071200,2017-12-28 01:14:48.478985,0,0.0
2886,0.9998,,1,JordanManual,Bitfinex,0.9998,0.9998,0.9998,BFX,1511071200,2017-12-28 01:09:55.862859,0,0.0
2887,0.9998,BFX,1,JordanManual,CCCAGG,0.9998,0.9998,0.9998,,1511071200,2017-12-26 23:21:23.208812,0,0.0
2888,0.9998,BFX,1,JordanManual,Bitfinex,0.9998,0.9998,0.9998,,1511074800,2017-12-26 23:21:24.889614,0,0.0
2889,0.9998,BFX,1,JordanManual,CCCAGG,0.9998,0.9998,0.9998,,1511074800,2017-12-26 23:21:23.208812,0,0.0
2890,0.9998,BFX,1,JordanManual,Bitfinex,0.9998,0.9998,0.9998,,1511078400,2017-12-26 23:21:24.889614,0,0.0
2891,0.9998,BFX,1,JordanManual,CCCAGG,0.9998,0.9998,0.9998,,1511078400,2017-12-26 23:21:23.208812,0,0.0
2892,0.9998,BFX,1,JordanManual,Bitfinex,0.9998,0.9998,0.9998,,1511082000,2017-12-26 23:21:24.889614,0,0.0
2893,0.9998,,1,JordanManual,CCCAGG,0.9998,0.9998,0.9998,BFX,1511082000,2017-12-28 01:14:48.478985,0,0.0
2894,0.9998,,1,JordanManual,Bitfinex,0.9998,0.9998,0.9998,BFX,1511082000,2017-12-28 01:09:55.862859,0,0.0
2895,0.9998,BFX,1,JordanManual,CCCAGG,0.9998,0.9998,0.9998,,1511082000,2017-12-26 23:21:23.208812,0,0.0
2896,0.9998,BFX,1,JordanManual,CCCAGG,0.9998,0.9998,0.9998,,1511085600,2017-12-26 23:21:23.208812,0,0.0
2897,0.9998,BFX,1,JordanManual,Bitfinex,0.9998,0.9998,0.9998,,1511085600,2017-12-26 23:21:24.889614,0,0.0
2898,0.9998,BFX,1,JordanManual,Bitfinex,0.9998,0.9998,0.9998,,1511089200,2017-12-26 23:21:24.889614,0,0.0
2899,0.9998,BFX,1,JordanManual,CCCAGG,0.9998,0.9998,0.9998,,1511089200,2017-12-26 23:21:23.208812,0,0.0
2900,0.9998,,1,JordanManual,Bitfinex,0.9998,0.9998,0.9998,BFX,1511092800,2017-12-28 01:09:55.862859,0,0.0
2901,0.9998,BFX,1,JordanManual,CCCAGG,0.9998,0.9998,0.9998,,1511092800,2017-12-26 23:21:23.208812,0,0.0
2902,0.9998,BFX,1,JordanManual,Bitfinex,0.9998,0.9998,0.9998,,1511092800,2017-12-26 23:21:24.889614,0,0.0
2903,0.9998,,1,JordanManual,CCCAGG,0.9998,0.9998,0.9998,BFX,1511092800,2017-12-28 01:14:48.478985,0,0.0
2904,0.9998,BFX,1,JordanManual,Bitfinex,0.9998,0.9998,0.9998,,1511096400,2017-12-26 23:21:24.889614,0,0.0
2905,0.9998,BFX,1,JordanManual,CCCAGG,0.9998,0.9998,0.9998,,1511096400,2017-12-26 23:21:23.208812,0,0.0
2906,0.9998,BFX,1,JordanManual,CCCAGG,0.9998,0.9998,0.9998,,1511100000,2017-12-26 23:21:23.208812,0,0.0
2907,0.9998,BFX,1,JordanManual,Bitfinex,0.9998,0.9998,0.9998,,1511100000,2017-12-26 23:21:24.889614,0,0.0
2908,0.9998,,1,JordanManual,Bitfinex,0.9998,0.9998,0.9998,BFX,1511103600,2017-12-28 01:09:55.862859,0,0.0
2909,0.9998,BFX,1,JordanManual,Bitfinex,0.9998,0.9998,0.9998,,1511103600,2017-12-26 23:21:24.889614,0,0.0
2910,0.9998,,1,JordanManual,CCCAGG,0.9998,0.9998,0.9998,BFX,1511103600,2017-12-28 01:14:48.478985,0,0.0
2911,0.9998,BFX,1,JordanManual,CCCAGG,0.9998,0.9998,0.9998,,1511103600,2017-12-26 23:21:23.208812,0,0.0
2912,0.9998,BFX,1,JordanManual,Bitfinex,0.9998,0.9998,0.9998,,1511107200,2017-12-26 23:21:24.889614,0,0.0
2913,0.9998,BFX,1,JordanManual,CCCAGG,0.9998,0.9998,0.9998,,1511107200,2017-12-26 23:21:23.208812,0,0.0
2914,0.9998,BFX,1,JordanManual,CCCAGG,0.9998,0.9998,0.9998,,1511110800,2017-12-26 23:21:23.208812,0,0.0
2915,0.9998,BFX,1,JordanManual,Bitfinex,0.9998,0.9998,0.9998,,1511110800,2017-12-26 23:21:24.889614,0,0.0
2916,0.9998,,1,JordanManual,CCCAGG,0.9998,0.9998,0.9998,BFX,1511114400,2017-12-28 01:14:48.478985,0,0.0
2917,0.9998,BFX,1,JordanManual,Bitfinex,0.9998,0.9998,0.9998,,1511114400,2017-12-26 23:21:24.889614,0,0.0
2918,0.9998,BFX,1,JordanManual,CCCAGG,0.9998,0.9998,0.9998,,1511114400,2017-12-26 23:21:23.208812,0,0.0
2919,0.9998,,1,JordanManual,Bitfinex,0.9998,0.9998,0.9998,BFX,1511114400,2017-12-28 01:09:55.862859,0,0.0
2920,0.9998,BFX,1,JordanManual,Bitfinex,0.9998,0.9998,0.9998,,1511118000,2017-12-26 23:21:24.889614,0,0.0
2921,0.9998,BFX,1,JordanManual,CCCAGG,0.9998,0.9998,0.9998,,1511118000,2017-12-26 23:21:23.208812,0,0.0
2922,0.9998,BFX,1,JordanManual,Bitfinex,0.9998,0.9998,0.9998,,1511121600,2017-12-26 23:21:24.889614,0,0.0
2923,0.9998,BFX,1,JordanManual,CCCAGG,0.9998,0.9998,0.9998,,1511121600,2017-12-26 23:21:23.208812,0,0.0
2924,0.9998,,1,JordanManual,CCCAGG,0.9998,0.9998,0.9998,BFX,1511125200,2017-12-28 01:14:48.478985,0,0.0
2925,0.9998,BFX,1,JordanManual,CCCAGG,0.9998,0.9998,0.9998,,1511125200,2017-12-26 23:21:23.208812,0,0.0
2926,0.9998,BFX,1,JordanManual,Bitfinex,0.9998,0.9998,0.9998,,1511125200,2017-12-26 23:21:24.889614,0,0.0
2927,0.9998,,1,JordanManual,Bitfinex,0.9998,0.9998,0.9998,BFX,1511125200,2017-12-28 01:09:55.862859,0,0.0
2928,0.9998,BFX,1,JordanManual,Bitfinex,0.9998,0.9998,0.9998,,1511128800,2017-12-26 23:21:24.889614,0,0.0
2929,0.9998,BFX,1,JordanManual,CCCAGG,0.9998,0.9998,0.9998,,1511128800,2017-12-26 23:21:23.208812,0,0.0
2930,0.9998,BFX,1,JordanManual,Bitfinex,0.9998,0.9998,0.9998,,1511132400,2017-12-26 23:21:24.889614,0,0.0
2931,0.9998,BFX,1,JordanManual,CCCAGG,0.9998,0.9998,0.9998,,1511132400,2017-12-26 23:21:23.208812,0,0.0
2932,0.9998,,1,JordanManual,CCCAGG,0.9998,0.9998,0.9998,BFX,1511136000,2017-12-28 01:14:48.478985,0,0.0
2933,0.9998,,1,JordanManual,Bitfinex,0.9998,0.9998,0.9998,BFX,1511136000,2017-12-28 01:09:55.862859,0,0.0
2934,0.9998,BFX,1,JordanManual,CCCAGG,0.9998,0.9998,0.9998,,1511136000,2017-12-26 23:21:23.208812,0,0.0
2935,0.9998,BFX,1,JordanManual,Bitfinex,0.9998,0.9998,0.9998,,1511136000,2017-12-26 23:21:24.889614,0,0.0
2936,0.9998,BFX,1,JordanManual,Bitfinex,0.9998,0.9998,0.9998,,1511139600,2017-12-26 23:21:24.889614,0,0.0
2937,0.9998,BFX,1,JordanManual,CCCAGG,0.9998,0.9998,0.9998,,1511139600,2017-12-26 23:21:23.208812,0,0.0
2938,0.9998,BFX,1,JordanManual,CCCAGG,0.9998,0.9998,0.9998,,1511143200,2017-12-26 23:21:23.208812,0,0.0
2939,0.9998,BFX,1,JordanManual,Bitfinex,0.9998,0.9998,0.9998,,1511143200,2017-12-26 23:21:24.889614,0,0.0
2940,0.9998,,1,JordanManual,CCCAGG,0.9998,0.9998,0.9998,BFX,1511146800,2017-12-28 01:14:48.478985,0,0.0
2941,0.9998,BFX,1,JordanManual,Bitfinex,0.9998,0.9998,0.9998,,1511146800,2017-12-26 23:21:24.889614,0,0.0
2942,0.9998,BFX,1,JordanManual,CCCAGG,0.9998,0.9998,0.9998,,1511146800,2017-12-26 23:21:23.208812,0,0.0
2943,0.9998,,1,JordanManual,Bitfinex,0.9998,0.9998,0.9998,BFX,1511146800,2017-12-28 01:09:55.862859,0,0.0
2944,0.9998,BFX,1,JordanManual,Bitfinex,0.9998,0.9998,0.9998,,1511150400,2017-12-26 23:21:24.889614,0,0.0
2945,0.9998,BFX,1,JordanManual,CCCAGG,0.9998,0.9998,0.9998,,1511150400,2017-12-26 23:21:23.208812,0,0.0
2946,0.9998,BFX,1,JordanManual,CCCAGG,0.9998,0.9998,0.9998,,1511154000,2017-12-26 23:21:23.208812,0,0.0
2947,0.9998,BFX,1,JordanManual,Bitfinex,0.9998,0.9998,0.9998,,1511154000,2017-12-26 23:21:24.889614,0,0.0
2948,0.9998,BFX,1,JordanManual,CCCAGG,0.9998,0.9998,0.9998,,1511157600,2017-12-26 23:21:23.208812,0,0.0
2949,0.9998,,1,JordanManual,CCCAGG,0.9998,0.9998,0.9998,BFX,1511157600,2017-12-28 01:14:48.478985,0,0.0
2950,0.9998,,1,JordanManual,Bitfinex,0.9998,0.9998,0.9998,BFX,1511157600,2017-12-28 01:09:55.862859,0,0.0
2951,0.9998,BFX,1,JordanManual,Bitfinex,0.9998,0.9998,0.9998,,1511157600,2017-12-26 23:21:24.889614,0,0.0
2952,0.9998,BFX,1,JordanManual,Bitfinex,0.9998,0.9998,0.9998,,1511161200,2017-12-26 23:21:24.889614,0,0.0
2953,0.9998,BFX,1,JordanManual,CCCAGG,0.9998,0.9998,0.9998,,1511161200,2017-12-26 23:21:23.208812,0,0.0
2954,0.9998,BFX,1,JordanManual,Bitfinex,0.9998,0.9998,0.9998,,1511164800,2017-12-26 23:21:24.889614,0,0.0
2955,0.9998,BFX,1,JordanManual,CCCAGG,0.9998,0.9998,0.9998,,1511164800,2017-12-26 23:21:23.208812,0,0.0
2956,0.9998,BFX,1,JordanManual,CCCAGG,0.9998,0.9998,0.9998,,1511168400,2017-12-26 23:21:23.208812,0,0.0
2957,0.9998,,1,JordanManual,Bitfinex,0.9998,0.9998,0.9998,BFX,1511168400,2017-12-28 01:09:55.862859,0,0.0
2958,0.9998,BFX,1,JordanManual,Bitfinex,0.9998,0.9998,0.9998,,1511168400,2017-12-26 23:21:24.889614,0,0.0
2959,0.9998,,1,JordanManual,CCCAGG,0.9998,0.9998,0.9998,BFX,1511168400,2017-12-28 01:14:48.478985,0,0.0
2960,0.9998,BFX,1,JordanManual,CCCAGG,0.9998,0.9998,0.9998,,1511172000,2017-12-26 23:21:23.208812,0,0.0
2961,0.9998,BFX,1,JordanManual,Bitfinex,0.9998,0.9998,0.9998,,1511172000,2017-12-26 23:21:24.889614,0,0.0
2962,0.9998,BFX,1,JordanManual,CCCAGG,0.9998,0.9998,0.9998,,1511175600,2017-12-26 23:21:23.208812,0,0.0
2963,0.9998,BFX,1,JordanManual,Bitfinex,0.9998,0.9998,0.9998,,1511175600,2017-12-26 23:21:24.889614,0,0.0
2964,0.9998,BFX,1,JordanManual,Bitfinex,0.9998,0.9998,0.9998,,1511179200,2017-12-26 23:21:24.889614,0,0.0
2965,0.9998,,1,JordanManual,Bitfinex,0.9998,0.9998,0.9998,BFX,1511179200,2017-12-28 01:09:55.862859,0,0.0
2966,0.9998,BFX,1,JordanManual,CCCAGG,0.9998,0.9998,0.9998,,1511179200,2017-12-26 23:21:23.208812,0,0.0
2967,0.9998,,1,JordanManual,CCCAGG,0.9998,0.9998,0.9998,BFX,1511179200,2017-12-28 01:14:48.478985,0,0.0
2968,0.9998,BFX,1,JordanManual,CCCAGG,0.9998,0.9998,0.9998,,1511182800,2017-12-26 23:21:23.208812,0,0.0
2969,0.9998,BFX,1,JordanManual,Bitfinex,0.9998,0.9998,0.9998,,1511182800,2017-12-26 23:21:24.889614,0,0.0
2970,0.9998,BFX,1,JordanManual,Bitfinex,0.9998,0.9998,0.9998,,1511186400,2017-12-26 23:21:24.889614,0,0.0
2971,0.9998,BFX,1,JordanManual,CCCAGG,0.9998,0.9998,0.9998,,1511186400,2017-12-26 23:21:23.208812,0,0.0
2972,0.9998,,1,JordanManual,CCCAGG,0.9998,0.9998,0.9998,BFX,1511190000,2017-12-28 01:14:48.478985,0,0.0
2973,0.9998,,1,JordanManual,Bitfinex,0.9998,0.9998,0.9998,BFX,1511190000,2017-12-28 01:09:55.862859,0,0.0
2974,0.9998,BFX,1,JordanManual,CCCAGG,0.9998,0.9998,0.9998,,1511190000,2017-12-26 23:21:23.208812,0,0.0
2975,0.9998,BFX,1,JordanManual,Bitfinex,0.9998,0.9998,0.9998,,1511190000,2017-12-26 23:21:24.889614,0,0.0
2976,0.9998,BFX,1,JordanManual,CCCAGG,0.9998,0.9998,0.9998,,1511193600,2017-12-26 23:21:23.208812,0,0.0
2977,0.9998,BFX,1,JordanManual,Bitfinex,0.9998,0.9998,0.9998,,1511193600,2017-12-26 23:21:24.889614,0,0.0
2978,0.9998,BFX,1,JordanManual,Bitfinex,0.9998,0.9998,0.9998,,1511197200,2017-12-26 23:21:24.889614,0,0.0
2979,0.9998,BFX,1,JordanManual,CCCAGG,0.9998,0.9998,0.9998,,1511197200,2017-12-26 23:21:23.208812,0,0.0
2980,0.9998,BFX,1,JordanManual,Bitfinex,0.9998,0.9998,0.9998,,1511200800,2017-12-26 23:21:24.889614,0,0.0
2981,0.9998,,1,JordanManual,CCCAGG,0.9998,0.9998,0.9998,BFX,1511200800,2017-12-28 01:14:48.478985,0,0.0
2982,0.9998,BFX,1,JordanManual,CCCAGG,0.9998,0.9998,0.9998,,1511200800,2017-12-26 23:21:23.208812,0,0.0
2983,0.9998,,1,JordanManual,Bitfinex,0.9998,0.9998,0.9998,BFX,1511200800,2017-12-28 01:09:55.862859,0,0.0
2984,0.9998,BFX,1,JordanManual,Bitfinex,0.9998,0.9998,0.9998,,1511204400,2017-12-26 23:21:24.889614,0,0.0
2985,0.9998,BFX,1,JordanManual,CCCAGG,0.9998,0.9998,0.9998,,1511204400,2017-12-26 23:21:23.208812,0,0.0
2986,0.9998,BFX,1,JordanManual,Bitfinex,0.9998,0.9998,0.9998,,1511208000,2017-12-26 23:21:24.889614,0,0.0
2987,0.9998,BFX,1,JordanManual,CCCAGG,0.9998,0.9998,0.9998,,1511208000,2017-12-26 23:21:23.208812,0,0.0
2988,0.9998,BFX,1,JordanManual,CCCAGG,0.9998,0.9998,0.9998,,1511211600,2017-12-26 23:21:23.208812,0,0.0
2989,0.9998,,1,JordanManual,CCCAGG,0.9998,0.9998,0.9998,BFX,1511211600,2017-12-28 01:14:48.478985,0,0.0
2990,0.9998,BFX,1,JordanManual,Bitfinex,0.9998,0.9998,0.9998,,1511211600,2017-12-26 23:21:24.889614,0,0.0
2991,0.9998,,1,JordanManual,Bitfinex,0.9998,0.9998,0.9998,BFX,1511211600,2017-12-28 01:09:55.862859,0,0.0
2992,0.9998,BFX,1,JordanManual,CCCAGG,0.9998,0.9998,0.9998,,1511215200,2017-12-26 23:21:23.208812,0,0.0
2993,0.9998,BFX,1,JordanManual,Bitfinex,0.9998,0.9998,0.9998,,1511215200,2017-12-26 23:21:24.889614,0,0.0
2994,0.9998,BFX,1,JordanManual,CCCAGG,0.9998,0.9998,0.9998,,1511218800,2017-12-26 23:21:23.208812,0,0.0
2995,0.9998,BFX,1,JordanManual,Bitfinex,0.9998,0.9998,0.9998,,1511218800,2017-12-26 23:21:24.889614,0,0.0
2996,0.9998,BFX,1,JordanManual,CCCAGG,0.9998,0.9998,0.9998,,1511222400,2017-12-26 23:21:23.208812,0,0.0
2997,0.9998,,1,JordanManual,Bitfinex,0.9998,0.9998,0.9998,BFX,1511222400,2017-12-28 01:09:55.862859,0,0.0
2998,0.9998,,1,JordanManual,CCCAGG,0.9998,0.9998,0.9998,BFX,1511222400,2017-12-28 01:14:48.478985,0,0.0
2999,0.9998,BFX,1,JordanManual,Bitfinex,0.9998,0.9998,0.9998,,1511222400,2017-12-26 23:21:24.889614,0,0.0
3000,0.9998,BFX,1,JordanManual,CCCAGG,0.9998,0.9998,0.9998,,1511226000,2017-12-26 23:21:23.208812,0,0.0
3001,0.9998,BFX,1,JordanManual,Bitfinex,0.9998,0.9998,0.9998,,1511226000,2017-12-26 23:21:24.889614,0,0.0
3002,0.9998,BFX,1,JordanManual,Bitfinex,0.9998,0.9998,0.9998,,1511229600,2017-12-26 23:21:24.889614,0,0.0
3003,0.9998,BFX,1,JordanManual,CCCAGG,0.9998,0.9998,0.9998,,1511229600,2017-12-26 23:21:23.208812,0,0.0
3004,0.9998,,1,JordanManual,CCCAGG,0.9998,0.9998,0.9998,BFX,1511233200,2017-12-28 01:14:48.478985,0,0.0
3005,0.9998,,1,JordanManual,Bitfinex,0.9998,0.9998,0.9998,BFX,1511233200,2017-12-28 01:09:55.862859,0,0.0
3006,0.9998,BFX,1,JordanManual,CCCAGG,0.9998,0.9998,0.9998,,1511233200,2017-12-26 23:21:23.208812,0,0.0
3007,0.9998,BFX,1,JordanManual,Bitfinex,0.9998,0.9998,0.9998,,1511233200,2017-12-26 23:21:24.889614,0,0.0
3008,0.9998,BFX,1,JordanManual,Bitfinex,0.9998,0.9998,0.9998,,1511236800,2017-12-26 23:21:24.889614,0,0.0
3009,0.9998,BFX,1,JordanManual,CCCAGG,0.9998,0.9998,0.9998,,1511236800,2017-12-26 23:21:23.208812,0,0.0
3010,0.9998,BFX,1,JordanManual,Bitfinex,0.9998,0.9998,0.9998,,1511240400,2017-12-26 23:21:24.889614,0,0.0
3011,0.9998,BFX,1,JordanManual,CCCAGG,0.9998,0.9998,0.9998,,1511240400,2017-12-26 23:21:23.208812,0,0.0
3012,0.9998,,1,JordanManual,CCCAGG,0.9998,0.9998,0.9998,BFX,1511244000,2017-12-28 01:14:48.478985,0,0.0
3013,0.9998,BFX,1,JordanManual,CCCAGG,0.9998,0.9998,0.9998,,1511244000,2017-12-26 23:21:23.208812,0,0.0
3014,0.9998,,1,JordanManual,Bitfinex,0.9998,0.9998,0.9998,BFX,1511244000,2017-12-28 01:09:55.862859,0,0.0
3015,0.9998,BFX,1,JordanManual,Bitfinex,0.9998,0.9998,0.9998,,1511244000,2017-12-26 23:21:24.889614,0,0.0
3016,0.9998,BFX,1,JordanManual,CCCAGG,0.9998,0.9998,0.9998,,1511247600,2017-12-26 23:21:23.208812,0,0.0
3017,0.9998,BFX,1,JordanManual,Bitfinex,0.9998,0.9998,0.9998,,1511247600,2017-12-26 23:21:24.889614,0,0.0
3018,0.9998,BFX,1,JordanManual,Bitfinex,0.9998,0.9998,0.9998,,1511251200,2017-12-26 23:21:24.889614,0,0.0
3019,0.9998,BFX,1,JordanManual,CCCAGG,0.9998,0.9998,0.9998,,1511251200,2017-12-26 23:21:23.208812,0,0.0
3020,0.9998,,1,JordanManual,Bitfinex,0.9998,0.9998,0.9998,BFX,1511254800,2017-12-28 01:09:55.862859,0,0.0
3021,0.9998,BFX,1,JordanManual,Bitfinex,0.9998,0.9998,0.9998,,1511254800,2017-12-26 23:21:24.889614,0,0.0
3022,0.9998,,1,JordanManual,CCCAGG,0.9998,0.9998,0.9998,BFX,1511254800,2017-12-28 01:14:48.478985,0,0.0
3023,0.9998,BFX,1,JordanManual,CCCAGG,0.9998,0.9998,0.9998,,1511254800,2017-12-26 23:21:23.208812,0,0.0
3024,0.9998,BFX,1,JordanManual,Bitfinex,0.9998,0.9998,0.9998,,1511258400,2017-12-26 23:21:24.889614,0,0.0
3025,0.9998,BFX,1,JordanManual,CCCAGG,0.9998,0.9998,0.9998,,1511258400,2017-12-26 23:21:23.208812,0,0.0
3026,0.9998,BFX,1,JordanManual,Bitfinex,0.9998,0.9998,0.9998,,1511262000,2017-12-26 23:21:24.889614,0,0.0
3027,0.9998,BFX,1,JordanManual,CCCAGG,0.9998,0.9998,0.9998,,1511262000,2017-12-26 23:21:23.208812,0,0.0
3028,0.9998,BFX,1,JordanManual,CCCAGG,0.9998,0.9998,0.9998,,1511265600,2017-12-26 23:21:23.208812,0,0.0
3029,0.9998,,1,JordanManual,Bitfinex,0.9998,0.9998,0.9998,BFX,1511265600,2017-12-28 01:09:55.862859,0,0.0
3030,0.9998,BFX,1,JordanManual,Bitfinex,0.9998,0.9998,0.9998,,1511265600,2017-12-26 23:21:24.889614,0,0.0
3031,0.9998,,1,JordanManual,CCCAGG,0.9998,0.9998,0.9998,BFX,1511265600,2017-12-28 01:14:48.478985,0,0.0
3032,0.9998,BFX,1,JordanManual,CCCAGG,0.9998,0.9998,0.9998,,1511269200,2017-12-26 23:21:23.208812,0,0.0
3033,0.9998,BFX,1,JordanManual,Bitfinex,0.9998,0.9998,0.9998,,1511269200,2017-12-26 23:21:24.889614,0,0.0
3034,0.9998,BFX,1,JordanManual,Bitfinex,0.9998,0.9998,0.9998,,1511272800,2017-12-26 23:21:24.889614,0,0.0
3035,0.9998,BFX,1,JordanManual,CCCAGG,0.9998,0.9998,0.9998,,1511272800,2017-12-26 23:21:23.208812,0,0.0
3036,0.9998,,1,JordanManual,Bitfinex,0.9998,0.9998,0.9998,BFX,1511276400,2017-12-28 01:09:55.862859,0,0.0
3037,0.9998,BFX,1,JordanManual,Bitfinex,0.9998,0.9998,0.9998,,1511276400,2017-12-26 23:21:24.889614,0,0.0
3038,0.9998,,1,JordanManual,CCCAGG,0.9998,0.9998,0.9998,BFX,1511276400,2017-12-28 01:14:48.478985,0,0.0
3039,0.9998,BFX,1,JordanManual,CCCAGG,0.9998,0.9998,0.9998,,1511276400,2017-12-26 23:21:23.208812,0,0.0
3040,0.9998,BFX,1,JordanManual,CCCAGG,0.9998,0.9998,0.9998,,1511280000,2017-12-26 23:21:23.208812,0,0.0
3041,0.9998,BFX,1,JordanManual,Bitfinex,0.9998,0.9998,0.9998,,1511280000,2017-12-26 23:21:24.889614,0,0.0
3042,0.9998,BFX,1,JordanManual,Bitfinex,0.9998,0.9998,0.9998,,1511283600,2017-12-26 23:21:24.889614,0,0.0
3043,0.9998,BFX,1,JordanManual,CCCAGG,0.9998,0.9998,0.9998,,1511283600,2017-12-26 23:21:23.208812,0,0.0
3044,0.9998,,1,JordanManual,Bitfinex,0.9998,0.9998,0.9998,BFX,1511287200,2017-12-28 01:09:55.862859,0,0.0
3045,0.9998,BFX,1,JordanManual,CCCAGG,0.9998,0.9998,0.9998,,1511287200,2017-12-26 23:21:23.208812,0,0.0
3046,0.9998,BFX,1,JordanManual,Bitfinex,0.9998,0.9998,0.9998,,1511287200,2017-12-26 23:21:24.889614,0,0.0
3047,0.9998,,1,JordanManual,CCCAGG,0.9998,0.9998,0.9998,BFX,1511287200,2017-12-28 01:14:48.478985,0,0.0
3048,0.9998,BFX,1,JordanManual,Bitfinex,0.9998,0.9998,0.9998,,1511290800,2017-12-26 23:21:24.889614,0,0.0
3049,0.9998,BFX,1,JordanManual,CCCAGG,0.9998,0.9998,0.9998,,1511290800,2017-12-26 23:21:23.208812,0,0.0
3050,0.9998,BFX,1,JordanManual,Bitfinex,0.9998,0.9998,0.9998,,1511294400,2017-12-26 23:21:24.889614,0,0.0
3051,0.9998,BFX,1,JordanManual,CCCAGG,0.9998,0.9998,0.9998,,1511294400,2017-12-26 23:21:23.208812,0,0.0
3052,0.9998,BFX,1,JordanManual,Bitfinex,0.9998,0.9998,0.9998,,1511298000,2017-12-26 23:21:24.889614,0,0.0
3053,0.9998,,1,JordanManual,Bitfinex,0.9998,0.9998,0.9998,BFX,1511298000,2017-12-28 01:09:55.862859,0,0.0
3054,0.9998,,1,JordanManual,CCCAGG,0.9998,0.9998,0.9998,BFX,1511298000,2017-12-28 01:14:48.478985,0,0.0
3055,0.9998,BFX,1,JordanManual,CCCAGG,0.9998,0.9998,0.9998,,1511298000,2017-12-26 23:21:23.208812,0,0.0
3056,0.9998,BFX,1,JordanManual,Bitfinex,0.9998,0.9998,0.9998,,1511301600,2017-12-26 23:21:24.889614,0,0.0
3057,0.9998,BFX,1,JordanManual,CCCAGG,0.9998,0.9998,0.9998,,1511301600,2017-12-26 23:21:23.208812,0,0.0
3058,0.9998,BFX,1,JordanManual,Bitfinex,0.9998,0.9998,0.9998,,1511305200,2017-12-26 23:21:24.889614,0,0.0
3059,0.9998,BFX,1,JordanManual,CCCAGG,0.9998,0.9998,0.9998,,1511305200,2017-12-26 23:21:23.208812,0,0.0
3060,0.9998,BFX,1,JordanManual,Bitfinex,0.9998,0.9998,0.9998,,1511308800,2017-12-26 23:21:24.889614,0,0.0
3061,0.9998,BFX,1,JordanManual,CCCAGG,0.9998,0.9998,0.9998,,1511308800,2017-12-26 23:21:23.208812,0,0.0
3062,0.9998,,1,JordanManual,CCCAGG,0.9998,0.9998,0.9998,BFX,1511308800,2017-12-28 01:14:48.478985,0,0.0
3063,0.9998,,1,JordanManual,Bitfinex,0.9998,0.9998,0.9998,BFX,1511308800,2017-12-28 01:09:55.862859,0,0.0
3064,0.9998,BFX,1,JordanManual,CCCAGG,0.9998,0.9998,0.9998,,1511312400,2017-12-26 23:21:23.208812,0,0.0
3065,0.9998,BFX,1,JordanManual,Bitfinex,0.9998,0.9998,0.9998,,1511312400,2017-12-26 23:21:24.889614,0,0.0
3066,0.9998,BFX,1,JordanManual,Bitfinex,0.9998,0.9998,0.9998,,1511316000,2017-12-26 23:21:24.889614,0,0.0
3067,0.9998,BFX,1,JordanManual,CCCAGG,0.9998,0.9998,0.9998,,1511316000,2017-12-26 23:21:23.208812,0,0.0
3068,0.9998,BFX,1,JordanManual,CCCAGG,0.9998,0.9998,0.9998,,1511319600,2017-12-26 23:21:23.208812,0,0.0
3069,0.9998,BFX,1,JordanManual,Bitfinex,0.9998,0.9998,0.9998,,1511319600,2017-12-26 23:21:24.889614,0,0.0
3070,0.9998,,1,JordanManual,Bitfinex,0.9998,0.9998,0.9998,BFX,1511319600,2017-12-28 01:09:55.862859,0,0.0
3071,0.9998,,1,JordanManual,CCCAGG,0.9998,0.9998,0.9998,BFX,1511319600,2017-12-28 01:14:48.478985,0,0.0
3072,0.9998,BFX,1,JordanManual,Bitfinex,0.9998,0.9998,0.9998,,1511323200,2017-12-26 23:21:24.889614,0,0.0
3073,0.9998,BFX,1,JordanManual,CCCAGG,0.9998,0.9998,0.9998,,1511323200,2017-12-26 23:21:23.208812,0,0.0
3074,0.9998,BFX,1,JordanManual,Bitfinex,0.9998,0.9998,0.9998,,1511326800,2017-12-26 23:21:24.889614,0,0.0
3075,0.9998,BFX,1,JordanManual,CCCAGG,0.9998,0.9998,0.9998,,1511326800,2017-12-26 23:21:23.208812,0,0.0
3076,0.9998,BFX,1,JordanManual,Bitfinex,0.9998,0.9998,0.9998,,1511330400,2017-12-26 23:21:24.889614,0,0.0
3077,0.9998,,1,JordanManual,Bitfinex,0.9998,0.9998,0.9998,BFX,1511330400,2017-12-28 01:09:55.862859,0,0.0
3078,0.9998,,1,JordanManual,CCCAGG,0.9998,0.9998,0.9998,BFX,1511330400,2017-12-28 01:14:48.478985,0,0.0
3079,0.9998,BFX,1,JordanManual,CCCAGG,0.9998,0.9998,0.9998,,1511330400,2017-12-26 23:21:23.208812,0,0.0
3080,0.9998,BFX,1,JordanManual,CCCAGG,0.9998,0.9998,0.9998,,1511334000,2017-12-26 23:21:23.208812,0,0.0
3081,0.9998,BFX,1,JordanManual,Bitfinex,0.9998,0.9998,0.9998,,1511334000,2017-12-26 23:21:24.889614,0,0.0
3082,0.9998,BFX,1,JordanManual,Bitfinex,0.9998,0.9998,0.9998,,1511337600,2017-12-26 23:21:24.889614,0,0.0
3083,0.9998,BFX,1,JordanManual,CCCAGG,0.9998,0.9998,0.9998,,1511337600,2017-12-26 23:21:23.208812,0,0.0
3084,0.9998,,1,JordanManual,CCCAGG,0.9998,0.9998,0.9998,BFX,1511341200,2017-12-28 01:14:48.478985,0,0.0
3085,0.9998,,1,JordanManual,Bitfinex,0.9998,0.9998,0.9998,BFX,1511341200,2017-12-28 01:09:55.862859,0,0.0
3086,0.9998,BFX,1,JordanManual,Bitfinex,0.9998,0.9998,0.9998,,1511341200,2017-12-26 23:21:24.889614,0,0.0
3087,0.9998,BFX,1,JordanManual,CCCAGG,0.9998,0.9998,0.9998,,1511341200,2017-12-26 23:21:23.208812,0,0.0
3088,0.9998,BFX,1,JordanManual,CCCAGG,0.9998,0.9998,0.9998,,1511344800,2017-12-26 23:21:23.208812,0,0.0
3089,0.9998,BFX,1,JordanManual,Bitfinex,0.9998,0.9998,0.9998,,1511344800,2017-12-26 23:21:24.889614,0,0.0
3090,0.9998,BFX,1,JordanManual,Bitfinex,0.9998,0.9998,0.9998,,1511348400,2017-12-26 23:21:24.889614,0,0.0
3091,0.9998,BFX,1,JordanManual,CCCAGG,0.9998,0.9998,0.9998,,1511348400,2017-12-26 23:21:23.208812,0,0.0
3092,0.9998,,1,JordanManual,Bitfinex,0.9998,0.9998,0.9998,BFX,1511352000,2017-12-28 01:09:55.862859,0,0.0
3093,0.9998,,1,JordanManual,CCCAGG,0.9998,0.9998,0.9998,BFX,1511352000,2017-12-28 01:14:48.478985,0,0.0
3094,0.9998,BFX,1,JordanManual,CCCAGG,0.9998,0.9998,0.9998,,1511352000,2017-12-26 23:21:23.208812,0,0.0
3095,0.9998,BFX,1,JordanManual,Bitfinex,0.9998,0.9998,0.9998,,1511352000,2017-12-26 23:21:24.889614,0,0.0
3096,0.9998,BFX,1,JordanManual,CCCAGG,0.9998,0.9998,0.9998,,1511355600,2017-12-26 23:21:23.208812,0,0.0
3097,0.9998,BFX,1,JordanManual,Bitfinex,0.9998,0.9998,0.9998,,1511355600,2017-12-26 23:21:24.889614,0,0.0
3098,0.9998,BFX,1,JordanManual,CCCAGG,0.9998,0.9998,0.9998,,1511359200,2017-12-26 23:21:23.208812,0,0.0
3099,0.9998,BFX,1,JordanManual,Bitfinex,0.9998,0.9998,0.9998,,1511359200,2017-12-26 23:21:24.889614,0,0.0
3100,0.9998,,1,JordanManual,CCCAGG,0.9998,0.9998,0.9998,BFX,1511362800,2017-12-28 01:14:48.478985,0,0.0
3101,0.9998,BFX,1,JordanManual,Bitfinex,0.9998,0.9998,0.9998,,1511362800,2017-12-26 23:21:24.889614,0,0.0
3102,0.9998,,1,JordanManual,Bitfinex,0.9998,0.9998,0.9998,BFX,1511362800,2017-12-28 01:09:55.862859,0,0.0
3103,0.9998,BFX,1,JordanManual,CCCAGG,0.9998,0.9998,0.9998,,1511362800,2017-12-26 23:21:23.208812,0,0.0
3104,0.9998,BFX,1,JordanManual,Bitfinex,0.9998,0.9998,0.9998,,1511366400,2017-12-26 23:21:24.889614,0,0.0
3105,0.9998,BFX,1,JordanManual,CCCAGG,0.9998,0.9998,0.9998,,1511366400,2017-12-26 23:21:23.208812,0,0.0
3106,0.9998,BFX,1,JordanManual,Bitfinex,0.9998,0.9998,0.9998,,1511370000,2017-12-26 23:21:24.889614,0,0.0
3107,0.9998,BFX,1,JordanManual,CCCAGG,0.9998,0.9998,0.9998,,1511370000,2017-12-26 23:21:23.208812,0,0.0
3108,0.9998,,1,JordanManual,Bitfinex,0.9998,0.9998,0.9998,BFX,1511373600,2017-12-28 01:09:55.862859,0,0.0
3109,0.9998,BFX,1,JordanManual,CCCAGG,0.9998,0.9998,0.9998,,1511373600,2017-12-26 23:21:23.208812,0,0.0
3110,0.9998,BFX,1,JordanManual,Bitfinex,0.9998,0.9998,0.9998,,1511373600,2017-12-26 23:21:24.889614,0,0.0
3111,0.9998,,1,JordanManual,CCCAGG,0.9998,0.9998,0.9998,BFX,1511373600,2017-12-28 01:14:48.478985,0,0.0
3112,0.9998,BFX,1,JordanManual,CCCAGG,0.9998,0.9998,0.9998,,1511377200,2017-12-26 23:21:23.208812,0,0.0
3113,0.9998,BFX,1,JordanManual,Bitfinex,0.9998,0.9998,0.9998,,1511377200,2017-12-26 23:21:24.889614,0,0.0
3114,0.9998,BFX,1,JordanManual,Bitfinex,0.9998,0.9998,0.9998,,1511380800,2017-12-26 23:21:24.889614,0,0.0
3115,0.9998,BFX,1,JordanManual,CCCAGG,0.9998,0.9998,0.9998,,1511380800,2017-12-26 23:21:23.208812,0,0.0
3116,0.9998,BFX,1,JordanManual,Bitfinex,0.9998,0.9998,0.9998,,1511384400,2017-12-26 23:21:24.889614,0,0.0
3117,0.9998,BFX,1,JordanManual,CCCAGG,0.9998,0.9998,0.9998,,1511384400,2017-12-26 23:21:23.208812,0,0.0
3118,0.9998,,1,JordanManual,CCCAGG,0.9998,0.9998,0.9998,BFX,1511384400,2017-12-28 01:14:48.478985,0,0.0
3119,0.9998,,1,JordanManual,Bitfinex,0.9998,0.9998,0.9998,BFX,1511384400,2017-12-28 01:09:55.862859,0,0.0
3120,0.9998,BFX,1,JordanManual,CCCAGG,0.9998,0.9998,0.9998,,1511388000,2017-12-26 23:21:23.208812,0,0.0
3121,0.9998,BFX,1,JordanManual,Bitfinex,0.9998,0.9998,0.9998,,1511388000,2017-12-26 23:21:24.889614,0,0.0
3122,0.9998,BFX,1,JordanManual,Bitfinex,0.9998,0.9998,0.9998,,1511391600,2017-12-26 23:21:24.889614,0,0.0
3123,0.9998,BFX,1,JordanManual,CCCAGG,0.9998,0.9998,0.9998,,1511391600,2017-12-26 23:21:23.208812,0,0.0
3124,0.9998,,1,JordanManual,CCCAGG,0.9998,0.9998,0.9998,BFX,1511395200,2017-12-28 01:14:48.478985,0,0.0
3125,0.9998,BFX,1,JordanManual,CCCAGG,0.9998,0.9998,0.9998,,1511395200,2017-12-26 23:21:23.208812,0,0.0
3126,0.9998,BFX,1,JordanManual,Bitfinex,0.9998,0.9998,0.9998,,1511395200,2017-12-26 23:21:24.889614,0,0.0
3127,0.9998,,1,JordanManual,Bitfinex,0.9998,0.9998,0.9998,BFX,1511395200,2017-12-28 01:09:55.862859,0,0.0
3128,0.9998,BFX,1,JordanManual,Bitfinex,0.9998,0.9998,0.9998,,1511398800,2017-12-26 23:21:24.889614,0,0.0
3129,0.9998,BFX,1,JordanManual,CCCAGG,0.9998,0.9998,0.9998,,1511398800,2017-12-26 23:21:23.208812,0,0.0
3130,0.9998,BFX,1,JordanManual,Bitfinex,0.9998,0.9998,0.9998,,1511402400,2017-12-26 23:21:24.889614,0,0.0
3131,0.9998,BFX,1,JordanManual,CCCAGG,0.9998,0.9998,0.9998,,1511402400,2017-12-26 23:21:23.208812,0,0.0
3132,0.9998,BFX,1,JordanManual,CCCAGG,0.9998,0.9998,0.9998,,1511406000,2017-12-26 23:21:23.208812,0,0.0
3133,0.9998,,1,JordanManual,Bitfinex,0.9998,0.9998,0.9998,BFX,1511406000,2017-12-28 01:09:55.862859,0,0.0
3134,0.9998,BFX,1,JordanManual,Bitfinex,0.9998,0.9998,0.9998,,1511406000,2017-12-26 23:21:24.889614,0,0.0
3135,0.9998,,1,JordanManual,CCCAGG,0.9998,0.9998,0.9998,BFX,1511406000,2017-12-28 01:14:48.478985,0,0.0
3136,0.9998,BFX,1,JordanManual,Bitfinex,0.9998,0.9998,0.9998,,1511409600,2017-12-26 23:21:24.889614,0,0.0
3137,0.9998,BFX,1,JordanManual,CCCAGG,0.9998,0.9998,0.9998,,1511409600,2017-12-26 23:21:23.208812,0,0.0
3138,0.9998,BFX,1,JordanManual,CCCAGG,0.9998,0.9998,0.9998,,1511413200,2017-12-26 23:21:23.208812,0,0.0
3139,0.9998,BFX,1,JordanManual,Bitfinex,0.9998,0.9998,0.9998,,1511413200,2017-12-26 23:21:24.889614,0,0.0
3140,0.9998,,1,JordanManual,Bitfinex,0.9998,0.9998,0.9998,BFX,1511416800,2017-12-28 01:09:55.862859,0,0.0
3141,0.9998,BFX,1,JordanManual,Bitfinex,0.9998,0.9998,0.9998,,1511416800,2017-12-26 23:21:24.889614,0,0.0
3142,0.9998,BFX,1,JordanManual,CCCAGG,0.9998,0.9998,0.9998,,1511416800,2017-12-26 23:21:23.208812,0,0.0
3143,0.9998,,1,JordanManual,CCCAGG,0.9998,0.9998,0.9998,BFX,1511416800,2017-12-28 01:14:48.478985,0,0.0
3144,0.9998,BFX,1,JordanManual,Bitfinex,0.9998,0.9998,0.9998,,1511420400,2017-12-26 23:21:24.889614,0,0.0
3145,0.9998,BFX,1,JordanManual,CCCAGG,0.9998,0.9998,0.9998,,1511420400,2017-12-26 23:21:23.208812,0,0.0
3146,0.9998,BFX,1,JordanManual,Bitfinex,0.9998,0.9998,0.9998,,1511424000,2017-12-26 23:21:24.889614,0,0.0
3147,0.9998,BFX,1,JordanManual,CCCAGG,0.9998,0.9998,0.9998,,1511424000,2017-12-26 23:21:23.208812,0,0.0
3148,0.9998,,1,JordanManual,CCCAGG,0.9998,0.9998,0.9998,BFX,1511427600,2017-12-28 01:14:48.478985,0,0.0
3149,0.9998,,1,JordanManual,Bitfinex,0.9998,0.9998,0.9998,BFX,1511427600,2017-12-28 01:09:55.862859,0,0.0
3150,0.9998,BFX,1,JordanManual,Bitfinex,0.9998,0.9998,0.9998,,1511427600,2017-12-26 23:21:24.889614,0,0.0
3151,0.9998,BFX,1,JordanManual,CCCAGG,0.9998,0.9998,0.9998,,1511427600,2017-12-26 23:21:23.208812,0,0.0
3152,0.9998,BFX,1,JordanManual,CCCAGG,0.9998,0.9998,0.9998,,1511431200,2017-12-26 23:21:23.208812,0,0.0
3153,0.9998,BFX,1,JordanManual,Bitfinex,0.9998,0.9998,0.9998,,1511431200,2017-12-26 23:21:24.889614,0,0.0
3154,0.9998,BFX,1,JordanManual,Bitfinex,0.9998,0.9998,0.9998,,1511434800,2017-12-26 23:21:24.889614,0,0.0
3155,0.9998,BFX,1,JordanManual,CCCAGG,0.9998,0.9998,0.9998,,1511434800,2017-12-26 23:21:23.208812,0,0.0
3156,0.9998,BFX,1,JordanManual,CCCAGG,0.9998,0.9998,0.9998,,1511438400,2017-12-26 23:21:23.208812,0,0.0
3157,0.9998,,1,JordanManual,Bitfinex,0.9998,0.9998,0.9998,BFX,1511438400,2017-12-28 01:09:55.862859,0,0.0
3158,0.9998,BFX,1,JordanManual,Bitfinex,0.9998,0.9998,0.9998,,1511438400,2017-12-26 23:21:24.889614,0,0.0
3159,0.9998,,1,JordanManual,CCCAGG,0.9998,0.9998,0.9998,BFX,1511438400,2017-12-28 01:14:48.478985,0,0.0
3160,0.9998,BFX,1,JordanManual,Bitfinex,0.9998,0.9998,0.9998,,1511442000,2017-12-26 23:21:24.889614,0,0.0
3161,0.9998,BFX,1,JordanManual,CCCAGG,0.9998,0.9998,0.9998,,1511442000,2017-12-26 23:21:23.208812,0,0.0
3162,0.9998,BFX,1,JordanManual,Bitfinex,0.9998,0.9998,0.9998,,1511445600,2017-12-26 23:21:24.889614,0,0.0
3163,0.9998,BFX,1,JordanManual,CCCAGG,0.9998,0.9998,0.9998,,1511445600,2017-12-26 23:21:23.208812,0,0.0
3164,0.9998,BFX,1,JordanManual,Bitfinex,0.9998,0.9998,0.9998,,1511449200,2017-12-26 23:21:24.889614,0,0.0
3165,0.9998,BFX,1,JordanManual,CCCAGG,0.9998,0.9998,0.9998,,1511449200,2017-12-26 23:21:23.208812,0,0.0
3166,0.9998,,1,JordanManual,Bitfinex,0.9998,0.9998,0.9998,BFX,1511449200,2017-12-28 01:09:55.862859,0,0.0
3167,0.9998,,1,JordanManual,CCCAGG,0.9998,0.9998,0.9998,BFX,1511449200,2017-12-28 01:14:48.478985,0,0.0
3168,0.9998,BFX,1,JordanManual,CCCAGG,0.9998,0.9998,0.9998,,1511452800,2017-12-26 23:21:23.208812,0,0.0
3169,0.9998,BFX,1,JordanManual,Bitfinex,0.9998,0.9998,0.9998,,1511452800,2017-12-26 23:21:24.889614,0,0.0
3170,0.9998,BFX,1,JordanManual,Bitfinex,0.9998,0.9998,0.9998,,1511456400,2017-12-26 23:21:24.889614,0,0.0
3171,0.9998,BFX,1,JordanManual,CCCAGG,0.9998,0.9998,0.9998,,1511456400,2017-12-26 23:21:23.208812,0,0.0
3172,0.9998,BFX,1,JordanManual,CCCAGG,0.9998,0.9998,0.9998,,1511460000,2017-12-26 23:21:23.208812,0,0.0
3173,0.9998,,1,JordanManual,Bitfinex,0.9998,0.9998,0.9998,BFX,1511460000,2017-12-28 01:09:55.862859,0,0.0
3174,0.9998,BFX,1,JordanManual,Bitfinex,0.9998,0.9998,0.9998,,1511460000,2017-12-26 23:21:24.889614,0,0.0
3175,0.9998,,1,JordanManual,CCCAGG,0.9998,0.9998,0.9998,BFX,1511460000,2017-12-28 01:14:48.478985,0,0.0
3176,0.9998,BFX,1,JordanManual,Bitfinex,0.9998,0.9998,0.9998,,1511463600,2017-12-26 23:21:24.889614,0,0.0
3177,0.9998,BFX,1,JordanManual,CCCAGG,0.9998,0.9998,0.9998,,1511463600,2017-12-26 23:21:23.208812,0,0.0
3178,0.9998,BFX,1,JordanManual,Bitfinex,0.9998,0.9998,0.9998,,1511467200,2017-12-26 23:21:24.889614,0,0.0
3179,0.9998,BFX,1,JordanManual,CCCAGG,0.9998,0.9998,0.9998,,1511467200,2017-12-26 23:21:23.208812,0,0.0
3180,0.9998,BFX,1,JordanManual,Bitfinex,0.9998,0.9998,0.9998,,1511470800,2017-12-26 23:21:24.889614,0,0.0
3181,0.9998,,1,JordanManual,Bitfinex,0.9998,0.9998,0.9998,BFX,1511470800,2017-12-28 01:09:55.862859,0,0.0
3182,0.9998,BFX,1,JordanManual,CCCAGG,0.9998,0.9998,0.9998,,1511470800,2017-12-26 23:21:23.208812,0,0.0
3183,0.9998,,1,JordanManual,CCCAGG,0.9998,0.9998,0.9998,BFX,1511470800,2017-12-28 01:14:48.478985,0,0.0
3184,0.9998,BFX,1,JordanManual,Bitfinex,0.9998,0.9998,0.9998,,1511474400,2017-12-26 23:21:24.889614,0,0.0
3185,0.9998,BFX,1,JordanManual,CCCAGG,0.9998,0.9998,0.9998,,1511474400,2017-12-26 23:21:23.208812,0,0.0
3186,0.9998,BFX,1,JordanManual,Bitfinex,0.9998,0.9998,0.9998,,1511478000,2017-12-26 23:21:24.889614,0,0.0
3187,0.9998,BFX,1,JordanManual,CCCAGG,0.9998,0.9998,0.9998,,1511478000,2017-12-26 23:21:23.208812,0,0.0
3188,0.9998,,1,JordanManual,CCCAGG,0.9998,0.9998,0.9998,BFX,1511481600,2017-12-28 01:14:48.478985,0,0.0
3189,0.9998,BFX,1,JordanManual,Bitfinex,0.9998,0.9998,0.9998,,1511481600,2017-12-26 23:21:24.889614,0,0.0
3190,0.9998,,1,JordanManual,Bitfinex,0.9998,0.9998,0.9998,BFX,1511481600,2017-12-28 01:09:55.862859,0,0.0
3191,0.9998,BFX,1,JordanManual,CCCAGG,0.9998,0.9998,0.9998,,1511481600,2017-12-26 23:21:23.208812,0,0.0
3192,0.9998,BFX,1,JordanManual,Bitfinex,0.9998,0.9998,0.9998,,1511485200,2017-12-26 23:21:24.889614,0,0.0
3193,0.9998,BFX,1,JordanManual,CCCAGG,0.9998,0.9998,0.9998,,1511485200,2017-12-26 23:21:23.208812,0,0.0
3194,0.9998,BFX,1,JordanManual,Bitfinex,0.9998,0.9998,0.9998,,1511488800,2017-12-26 23:21:24.889614,0,0.0
3195,0.9998,BFX,1,JordanManual,CCCAGG,0.9998,0.9998,0.9998,,1511488800,2017-12-26 23:21:23.208812,0,0.0
3196,0.9998,,1,JordanManual,CCCAGG,0.9998,0.9998,0.9998,BFX,1511492400,2017-12-28 01:14:48.478985,0,0.0
3197,0.9998,BFX,1,JordanManual,Bitfinex,0.9998,0.9998,0.9998,,1511492400,2017-12-26 23:21:24.889614,0,0.0
3198,0.9998,,1,JordanManual,Bitfinex,0.9998,0.9998,0.9998,BFX,1511492400,2017-12-28 01:09:55.862859,0,0.0
3199,0.9998,BFX,1,JordanManual,CCCAGG,0.9998,0.9998,0.9998,,1511492400,2017-12-26 23:21:23.208812,0,0.0
3200,0.9998,BFX,1,JordanManual,Bitfinex,0.9998,0.9998,0.9998,,1511496000,2017-12-26 23:21:24.889614,0,0.0
3201,0.9998,BFX,1,JordanManual,CCCAGG,0.9998,0.9998,0.9998,,1511496000,2017-12-26 23:21:23.208812,0,0.0
3202,0.9998,BFX,1,JordanManual,Bitfinex,0.9998,0.9998,0.9998,,1511499600,2017-12-26 23:21:24.889614,0,0.0
3203,0.9998,BFX,1,JordanManual,CCCAGG,0.9998,0.9998,0.9998,,1511499600,2017-12-26 23:21:23.208812,0,0.0
3204,0.9998,,1,JordanManual,CCCAGG,0.9998,0.9998,0.9998,BFX,1511503200,2017-12-28 01:14:48.478985,0,0.0
3205,0.9998,,1,JordanManual,Bitfinex,0.9998,0.9998,0.9998,BFX,1511503200,2017-12-28 01:09:55.862859,0,0.0
3206,0.9998,BFX,1,JordanManual,CCCAGG,0.9998,0.9998,0.9998,,1511503200,2017-12-26 23:21:23.208812,0,0.0
3207,0.9998,BFX,1,JordanManual,Bitfinex,0.9998,0.9998,0.9998,,1511503200,2017-12-26 23:21:24.889614,0,0.0
3208,0.9998,BFX,1,JordanManual,Bitfinex,0.9998,0.9998,0.9998,,1511506800,2017-12-26 23:21:24.889614,0,0.0
3209,0.9998,BFX,1,JordanManual,CCCAGG,0.9998,0.9998,0.9998,,1511506800,2017-12-26 23:21:23.208812,0,0.0
3210,0.9998,BFX,1,JordanManual,Bitfinex,0.9998,0.9998,0.9998,,1511510400,2017-12-26 23:21:24.889614,0,0.0
3211,0.9998,BFX,1,JordanManual,CCCAGG,0.9998,0.9998,0.9998,,1511510400,2017-12-26 23:21:23.208812,0,0.0
3212,0.9998,BFX,1,JordanManual,Bitfinex,0.9998,0.9998,0.9998,,1511514000,2017-12-26 23:21:24.889614,0,0.0
3213,0.9998,BFX,1,JordanManual,CCCAGG,0.9998,0.9998,0.9998,,1511514000,2017-12-26 23:21:23.208812,0,0.0
3214,0.9998,,1,JordanManual,Bitfinex,0.9998,0.9998,0.9998,BFX,1511514000,2017-12-28 01:09:55.862859,0,0.0
3215,0.9998,,1,JordanManual,CCCAGG,0.9998,0.9998,0.9998,BFX,1511514000,2017-12-28 01:14:48.478985,0,0.0
3216,0.9998,BFX,1,JordanManual,CCCAGG,0.9998,0.9998,0.9998,,1511517600,2017-12-26 23:21:23.208812,0,0.0
3217,0.9998,BFX,1,JordanManual,Bitfinex,0.9998,0.9998,0.9998,,1511517600,2017-12-26 23:21:24.889614,0,0.0
3218,0.9998,BFX,1,JordanManual,Bitfinex,0.9998,0.9998,0.9998,,1511521200,2017-12-26 23:21:24.889614,0,0.0
3219,0.9998,BFX,1,JordanManual,CCCAGG,0.9998,0.9998,0.9998,,1511521200,2017-12-26 23:21:23.208812,0,0.0
3220,0.9998,,1,JordanManual,CCCAGG,0.9998,0.9998,0.9998,BFX,1511524800,2017-12-28 01:14:48.478985,0,0.0
3221,0.9998,BFX,1,JordanManual,Bitfinex,0.9998,0.9998,0.9998,,1511524800,2017-12-26 23:21:24.889614,0,0.0
3222,0.9998,BFX,1,JordanManual,CCCAGG,0.9998,0.9998,0.9998,,1511524800,2017-12-26 23:21:23.208812,0,0.0
3223,0.9998,,1,JordanManual,Bitfinex,0.9998,0.9998,0.9998,BFX,1511524800,2017-12-28 01:09:55.862859,0,0.0
3224,0.9998,BFX,1,JordanManual,CCCAGG,0.9998,0.9998,0.9998,,1511528400,2017-12-26 23:21:23.208812,0,0.0
3225,0.9998,BFX,1,JordanManual,Bitfinex,0.9998,0.9998,0.9998,,1511528400,2017-12-26 23:21:24.889614,0,0.0
3226,0.9998,BFX,1,JordanManual,CCCAGG,0.9998,0.9998,0.9998,,1511532000,2017-12-26 23:21:23.208812,0,0.0
3227,0.9998,BFX,1,JordanManual,Bitfinex,0.9998,0.9998,0.9998,,1511532000,2017-12-26 23:21:24.889614,0,0.0
3228,0.9998,,1,JordanManual,Bitfinex,0.9998,0.9998,0.9998,BFX,1511535600,2017-12-28 01:09:55.862859,0,0.0
3229,0.9998,BFX,1,JordanManual,CCCAGG,0.9998,0.9998,0.9998,,1511535600,2017-12-26 23:21:23.208812,0,0.0
3230,0.9998,BFX,1,JordanManual,Bitfinex,0.9998,0.9998,0.9998,,1511535600,2017-12-26 23:21:24.889614,0,0.0
3231,0.9998,,1,JordanManual,CCCAGG,0.9998,0.9998,0.9998,BFX,1511535600,2017-12-28 01:14:48.478985,0,0.0
3232,0.9998,BFX,1,JordanManual,Bitfinex,0.9998,0.9998,0.9998,,1511539200,2017-12-26 23:21:24.889614,0,0.0
3233,0.9998,BFX,1,JordanManual,CCCAGG,0.9998,0.9998,0.9998,,1511539200,2017-12-26 23:21:23.208812,0,0.0
3234,0.9998,BFX,1,JordanManual,Bitfinex,0.9998,0.9998,0.9998,,1511542800,2017-12-26 23:21:24.889614,0,0.0
3235,0.9998,BFX,1,JordanManual,CCCAGG,0.9998,0.9998,0.9998,,1511542800,2017-12-26 23:21:23.208812,0,0.0
3236,0.9998,,1,JordanManual,Bitfinex,0.9998,0.9998,0.9998,BFX,1511546400,2017-12-28 01:09:55.862859,0,0.0
3237,0.9998,,1,JordanManual,CCCAGG,0.9998,0.9998,0.9998,BFX,1511546400,2017-12-28 01:14:48.478985,0,0.0
3238,0.9998,BFX,1,JordanManual,Bitfinex,0.9998,0.9998,0.9998,,1511546400,2017-12-26 23:21:24.889614,0,0.0
3239,0.9998,BFX,1,JordanManual,CCCAGG,0.9998,0.9998,0.9998,,1511546400,2017-12-26 23:21:23.208812,0,0.0
3240,0.9998,BFX,1,JordanManual,CCCAGG,0.9998,0.9998,0.9998,,1511550000,2017-12-26 23:21:23.208812,0,0.0
3241,0.9998,BFX,1,JordanManual,Bitfinex,0.9998,0.9998,0.9998,,1511550000,2017-12-26 23:21:24.889614,0,0.0
3242,0.9998,BFX,1,JordanManual,CCCAGG,0.9998,0.9998,0.9998,,1511553600,2017-12-26 23:21:23.208812,0,0.0
3243,0.9998,BFX,1,JordanManual,Bitfinex,0.9998,0.9998,0.9998,,1511553600,2017-12-26 23:21:24.889614,0,0.0
3244,0.9998,,1,JordanManual,CCCAGG,0.9998,0.9998,0.9998,BFX,1511557200,2017-12-28 01:14:48.478985,0,0.0
3245,0.9998,BFX,1,JordanManual,Bitfinex,0.9998,0.9998,0.9998,,1511557200,2017-12-26 23:21:24.889614,0,0.0
3246,0.9998,BFX,1,JordanManual,CCCAGG,0.9998,0.9998,0.9998,,1511557200,2017-12-26 23:21:23.208812,0,0.0
3247,0.9998,,1,JordanManual,Bitfinex,0.9998,0.9998,0.9998,BFX,1511557200,2017-12-28 01:09:55.862859,0,0.0
3248,0.9998,BFX,1,JordanManual,CCCAGG,0.9998,0.9998,0.9998,,1511560800,2017-12-26 23:21:23.208812,0,0.0
3249,0.9998,BFX,1,JordanManual,Bitfinex,0.9998,0.9998,0.9998,,1511560800,2017-12-26 23:21:24.889614,0,0.0
3250,0.9998,BFX,1,JordanManual,CCCAGG,0.9998,0.9998,0.9998,,1511564400,2017-12-26 23:21:23.208812,0,0.0
3251,0.9998,BFX,1,JordanManual,Bitfinex,0.9998,0.9998,0.9998,,1511564400,2017-12-26 23:21:24.889614,0,0.0
3252,0.9998,BFX,1,JordanManual,CCCAGG,0.9998,0.9998,0.9998,,1511568000,2017-12-26 23:21:23.208812,0,0.0
3253,0.9998,,1,JordanManual,CCCAGG,0.9998,0.9998,0.9998,BFX,1511568000,2017-12-28 01:14:48.478985,0,0.0
3254,0.9998,BFX,1,JordanManual,Bitfinex,0.9998,0.9998,0.9998,,1511568000,2017-12-26 23:21:24.889614,0,0.0
3255,0.9998,,1,JordanManual,Bitfinex,0.9998,0.9998,0.9998,BFX,1511568000,2017-12-28 01:09:55.862859,0,0.0
3256,0.9998,BFX,1,JordanManual,CCCAGG,0.9998,0.9998,0.9998,,1511571600,2017-12-26 23:21:23.208812,0,0.0
3257,0.9998,BFX,1,JordanManual,Bitfinex,0.9998,0.9998,0.9998,,1511571600,2017-12-26 23:21:24.889614,0,0.0
3258,0.9998,BFX,1,JordanManual,Bitfinex,0.9998,0.9998,0.9998,,1511575200,2017-12-26 23:21:24.889614,0,0.0
3259,0.9998,BFX,1,JordanManual,CCCAGG,0.9998,0.9998,0.9998,,1511575200,2017-12-26 23:21:23.208812,0,0.0
3260,0.9998,,1,JordanManual,Bitfinex,0.9998,0.9998,0.9998,BFX,1511578800,2017-12-28 01:09:55.862859,0,0.0
3261,0.9998,BFX,1,JordanManual,Bitfinex,0.9998,0.9998,0.9998,,1511578800,2017-12-26 23:21:24.889614,0,0.0
3262,0.9998,BFX,1,JordanManual,CCCAGG,0.9998,0.9998,0.9998,,1511578800,2017-12-26 23:21:23.208812,0,0.0
3263,0.9998,,1,JordanManual,CCCAGG,0.9998,0.9998,0.9998,BFX,1511578800,2017-12-28 01:14:48.478985,0,0.0
3264,0.9998,BFX,1,JordanManual,Bitfinex,0.9998,0.9998,0.9998,,1511582400,2017-12-26 23:21:24.889614,0,0.0
3265,0.9998,BFX,1,JordanManual,CCCAGG,0.9998,0.9998,0.9998,,1511582400,2017-12-26 23:21:23.208812,0,0.0
3266,0.9998,BFX,1,JordanManual,CCCAGG,0.9998,0.9998,0.9998,,1511586000,2017-12-26 23:21:23.208812,0,0.0
3267,0.9998,BFX,1,JordanManual,Bitfinex,0.9998,0.9998,0.9998,,1511586000,2017-12-26 23:21:24.889614,0,0.0
3268,0.9998,BFX,1,JordanManual,CCCAGG,0.9998,0.9998,0.9998,,1511589600,2017-12-26 23:21:23.208812,0,0.0
3269,0.9998,,1,JordanManual,CCCAGG,0.9998,0.9998,0.9998,BFX,1511589600,2017-12-28 01:14:48.478985,0,0.0
3270,0.9998,,1,JordanManual,Bitfinex,0.9998,0.9998,0.9998,BFX,1511589600,2017-12-28 01:09:55.862859,0,0.0
3271,0.9998,BFX,1,JordanManual,Bitfinex,0.9998,0.9998,0.9998,,1511589600,2017-12-26 23:21:24.889614,0,0.0
3272,0.9998,BFX,1,JordanManual,Bitfinex,0.9998,0.9998,0.9998,,1511593200,2017-12-26 23:21:24.889614,0,0.0
3273,0.9998,BFX,1,JordanManual,CCCAGG,0.9998,0.9998,0.9998,,1511593200,2017-12-26 23:21:23.208812,0,0.0
3274,0.9998,BFX,1,JordanManual,CCCAGG,0.9998,0.9998,0.9998,,1511596800,2017-12-26 23:21:23.208812,0,0.0
3275,0.9998,BFX,1,JordanManual,Bitfinex,0.9998,0.9998,0.9998,,1511596800,2017-12-26 23:21:24.889614,0,0.0
3276,0.9998,,1,JordanManual,CCCAGG,0.9998,0.9998,0.9998,BFX,1511600400,2017-12-28 01:14:48.478985,0,0.0
3277,0.9998,BFX,1,JordanManual,CCCAGG,0.9998,0.9998,0.9998,,1511600400,2017-12-26 23:21:23.208812,0,0.0
3278,0.9998,,1,JordanManual,Bitfinex,0.9998,0.9998,0.9998,BFX,1511600400,2017-12-28 01:09:55.862859,0,0.0
3279,0.9998,BFX,1,JordanManual,Bitfinex,0.9998,0.9998,0.9998,,1511600400,2017-12-26 23:21:24.889614,0,0.0
3280,0.9998,BFX,1,JordanManual,CCCAGG,0.9998,0.9998,0.9998,,1511604000,2017-12-26 23:21:23.208812,0,0.0
3281,0.9998,BFX,1,JordanManual,Bitfinex,0.9998,0.9998,0.9998,,1511604000,2017-12-26 23:21:24.889614,0,0.0
3282,0.9998,BFX,1,JordanManual,Bitfinex,0.9998,0.9998,0.9998,,1511607600,2017-12-26 23:21:24.889614,0,0.0
3283,0.9998,BFX,1,JordanManual,CCCAGG,0.9998,0.9998,0.9998,,1511607600,2017-12-26 23:21:23.208812,0,0.0
3284,0.9998,,1,JordanManual,CCCAGG,0.9998,0.9998,0.9998,BFX,1511611200,2017-12-28 01:14:48.478985,0,0.0
3285,0.9998,BFX,1,JordanManual,Bitfinex,0.9998,0.9998,0.9998,,1511611200,2017-12-26 23:21:24.889614,0,0.0
3286,0.9998,,1,JordanManual,Bitfinex,0.9998,0.9998,0.9998,BFX,1511611200,2017-12-28 01:09:55.862859,0,0.0
3287,0.9998,BFX,1,JordanManual,CCCAGG,0.9998,0.9998,0.9998,,1511611200,2017-12-26 23:21:23.208812,0,0.0
3288,0.9998,BFX,1,JordanManual,CCCAGG,0.9998,0.9998,0.9998,,1511614800,2017-12-26 23:21:23.208812,0,0.0
3289,0.9998,BFX,1,JordanManual,Bitfinex,0.9998,0.9998,0.9998,,1511614800,2017-12-26 23:21:24.889614,0,0.0
3290,0.9998,BFX,1,JordanManual,Bitfinex,0.9998,0.9998,0.9998,,1511618400,2017-12-26 23:21:24.889614,0,0.0
3291,0.9998,BFX,1,JordanManual,CCCAGG,0.9998,0.9998,0.9998,,1511618400,2017-12-26 23:21:23.208812,0,0.0
3292,0.9998,BFX,1,JordanManual,CCCAGG,0.9998,0.9998,0.9998,,1511622000,2017-12-26 23:21:23.208812,0,0.0
3293,0.9998,,1,JordanManual,CCCAGG,0.9998,0.9998,0.9998,BFX,1511622000,2017-12-28 01:14:48.478985,0,0.0
3294,0.9998,,1,JordanManual,Bitfinex,0.9998,0.9998,0.9998,BFX,1511622000,2017-12-28 01:09:55.862859,0,0.0
3295,0.9998,BFX,1,JordanManual,Bitfinex,0.9998,0.9998,0.9998,,1511622000,2017-12-26 23:21:24.889614,0,0.0
3296,0.9998,BFX,1,JordanManual,Bitfinex,0.9998,0.9998,0.9998,,1511625600,2017-12-26 23:21:24.889614,0,0.0
3297,0.9998,BFX,1,JordanManual,CCCAGG,0.9998,0.9998,0.9998,,1511625600,2017-12-26 23:21:23.208812,0,0.0
3298,0.9998,BFX,1,JordanManual,Bitfinex,0.9998,0.9998,0.9998,,1511629200,2017-12-26 23:21:24.889614,0,0.0
3299,0.9998,BFX,1,JordanManual,CCCAGG,0.9998,0.9998,0.9998,,1511629200,2017-12-26 23:21:23.208812,0,0.0
3300,0.9998,BFX,1,JordanManual,CCCAGG,0.9998,0.9998,0.9998,,1511632800,2017-12-26 23:21:23.208812,0,0.0
3301,0.9998,,1,JordanManual,CCCAGG,0.9998,0.9998,0.9998,BFX,1511632800,2017-12-28 01:14:48.478985,0,0.0
3302,0.9998,,1,JordanManual,Bitfinex,0.9998,0.9998,0.9998,BFX,1511632800,2017-12-28 01:09:55.862859,0,0.0
3303,0.9998,BFX,1,JordanManual,Bitfinex,0.9998,0.9998,0.9998,,1511632800,2017-12-26 23:21:24.889614,0,0.0
3304,0.9998,BFX,1,JordanManual,Bitfinex,0.9998,0.9998,0.9998,,1511636400,2017-12-26 23:21:24.889614,0,0.0
3305,0.9998,BFX,1,JordanManual,CCCAGG,0.9998,0.9998,0.9998,,1511636400,2017-12-26 23:21:23.208812,0,0.0
3306,0.9998,BFX,1,JordanManual,Bitfinex,0.9998,0.9998,0.9998,,1511640000,2017-12-26 23:21:24.889614,0,0.0
3307,0.9998,BFX,1,JordanManual,CCCAGG,0.9998,0.9998,0.9998,,1511640000,2017-12-26 23:21:23.208812,0,0.0
3308,0.9998,,1,JordanManual,CCCAGG,0.9998,0.9998,0.9998,BFX,1511643600,2017-12-28 01:14:48.478985,0,0.0
3309,0.9998,,1,JordanManual,Bitfinex,0.9998,0.9998,0.9998,BFX,1511643600,2017-12-28 01:09:55.862859,0,0.0
3310,0.9998,BFX,1,JordanManual,Bitfinex,0.9998,0.9998,0.9998,,1511643600,2017-12-26 23:21:24.889614,0,0.0
3311,0.9998,BFX,1,JordanManual,CCCAGG,0.9998,0.9998,0.9998,,1511643600,2017-12-26 23:21:23.208812,0,0.0
3312,0.9998,BFX,1,JordanManual,CCCAGG,0.9998,0.9998,0.9998,,1511647200,2017-12-26 23:21:23.208812,0,0.0
3313,0.9998,BFX,1,JordanManual,Bitfinex,0.9998,0.9998,0.9998,,1511647200,2017-12-26 23:21:24.889614,0,0.0
3314,0.9998,BFX,1,JordanManual,Bitfinex,0.9998,0.9998,0.9998,,1511650800,2017-12-26 23:21:24.889614,0,0.0
3315,0.9998,BFX,1,JordanManual,CCCAGG,0.9998,0.9998,0.9998,,1511650800,2017-12-26 23:21:23.208812,0,0.0
3316,0.9998,BFX,1,JordanManual,CCCAGG,0.9998,0.9998,0.9998,,1511654400,2017-12-26 23:21:23.208812,0,0.0
3317,0.9998,,1,JordanManual,CCCAGG,0.9998,0.9998,0.9998,BFX,1511654400,2017-12-28 01:14:48.478985,0,0.0
3318,0.9998,BFX,1,JordanManual,Bitfinex,0.9998,0.9998,0.9998,,1511654400,2017-12-26 23:21:24.889614,0,0.0
3319,0.9998,,1,JordanManual,Bitfinex,0.9998,0.9998,0.9998,BFX,1511654400,2017-12-28 01:09:55.862859,0,0.0
3320,0.9998,BFX,1,JordanManual,Bitfinex,0.9998,0.9998,0.9998,,1511658000,2017-12-26 23:21:24.889614,0,0.0
3321,0.9998,BFX,1,JordanManual,CCCAGG,0.9998,0.9998,0.9998,,1511658000,2017-12-26 23:21:23.208812,0,0.0
3322,0.9998,BFX,1,JordanManual,Bitfinex,0.9998,0.9998,0.9998,,1511661600,2017-12-26 23:21:24.889614,0,0.0
3323,0.9998,BFX,1,JordanManual,CCCAGG,0.9998,0.9998,0.9998,,1511661600,2017-12-26 23:21:23.208812,0,0.0
3324,0.9998,BFX,1,JordanManual,CCCAGG,0.9998,0.9998,0.9998,,1511665200,2017-12-26 23:21:23.208812,0,0.0
3325,0.9998,BFX,1,JordanManual,Bitfinex,0.9998,0.9998,0.9998,,1511665200,2017-12-26 23:21:24.889614,0,0.0
3326,0.9998,,1,JordanManual,Bitfinex,0.9998,0.9998,0.9998,BFX,1511665200,2017-12-28 01:09:55.862859,0,0.0
3327,0.9998,,1,JordanManual,CCCAGG,0.9998,0.9998,0.9998,BFX,1511665200,2017-12-28 01:14:48.478985,0,0.0
3328,0.9998,BFX,1,JordanManual,CCCAGG,0.9998,0.9998,0.9998,,1511668800,2017-12-26 23:21:23.208812,0,0.0
3329,0.9998,BFX,1,JordanManual,Bitfinex,0.9998,0.9998,0.9998,,1511668800,2017-12-26 23:21:24.889614,0,0.0
3330,0.9998,BFX,1,JordanManual,Bitfinex,0.9998,0.9998,0.9998,,1511672400,2017-12-26 23:21:24.889614,0,0.0
3331,0.9998,BFX,1,JordanManual,CCCAGG,0.9998,0.9998,0.9998,,1511672400,2017-12-26 23:21:23.208812,0,0.0
3332,0.9998,,1,JordanManual,Bitfinex,0.9998,0.9998,0.9998,BFX,1511676000,2017-12-28 01:09:55.862859,0,0.0
3333,0.9998,BFX,1,JordanManual,Bitfinex,0.9998,0.9998,0.9998,,1511676000,2017-12-26 23:21:24.889614,0,0.0
3334,0.9998,BFX,1,JordanManual,CCCAGG,0.9998,0.9998,0.9998,,1511676000,2017-12-26 23:21:23.208812,0,0.0
3335,0.9998,,1,JordanManual,CCCAGG,0.9998,0.9998,0.9998,BFX,1511676000,2017-12-28 01:14:48.478985,0,0.0
3336,0.9998,BFX,1,JordanManual,Bitfinex,0.9998,0.9998,0.9998,,1511679600,2017-12-26 23:21:24.889614,0,0.0
3337,0.9998,BFX,1,JordanManual,CCCAGG,0.9998,0.9998,0.9998,,1511679600,2017-12-26 23:21:23.208812,0,0.0
3338,0.9998,BFX,1,JordanManual,CCCAGG,0.9998,0.9998,0.9998,,1511683200,2017-12-26 23:21:23.208812,0,0.0
3339,0.9998,BFX,1,JordanManual,Bitfinex,0.9998,0.9998,0.9998,,1511683200,2017-12-26 23:21:24.889614,0,0.0
3340,0.9998,,1,JordanManual,Bitfinex,0.9998,0.9998,0.9998,BFX,1511686800,2017-12-28 01:09:55.862859,0,0.0
3341,0.9998,BFX,1,JordanManual,Bitfinex,0.9998,0.9998,0.9998,,1511686800,2017-12-26 23:21:24.889614,0,0.0
3342,0.9998,BFX,1,JordanManual,CCCAGG,0.9998,0.9998,0.9998,,1511686800,2017-12-26 23:21:23.208812,0,0.0
3343,0.9998,,1,JordanManual,CCCAGG,0.9998,0.9998,0.9998,BFX,1511686800,2017-12-28 01:14:48.478985,0,0.0
3344,0.9998,BFX,1,JordanManual,Bitfinex,0.9998,0.9998,0.9998,,1511690400,2017-12-26 23:21:24.889614,0,0.0
3345,0.9998,BFX,1,JordanManual,CCCAGG,0.9998,0.9998,0.9998,,1511690400,2017-12-26 23:21:23.208812,0,0.0
3346,0.9998,BFX,1,JordanManual,Bitfinex,0.9998,0.9998,0.9998,,1511694000,2017-12-26 23:21:24.889614,0,0.0
3347,0.9998,BFX,1,JordanManual,CCCAGG,0.9998,0.9998,0.9998,,1511694000,2017-12-26 23:21:23.208812,0,0.0
3348,0.9998,BFX,1,JordanManual,Bitfinex,0.9998,0.9998,0.9998,,1511697600,2017-12-26 23:21:24.889614,0,0.0
3349,0.9998,BFX,1,JordanManual,CCCAGG,0.9998,0.9998,0.9998,,1511697600,2017-12-26 23:21:23.208812,0,0.0
3350,0.9998,,1,JordanManual,Bitfinex,0.9998,0.9998,0.9998,BFX,1511697600,2017-12-28 01:09:55.862859,0,0.0
3351,0.9998,,1,JordanManual,CCCAGG,0.9998,0.9998,0.9998,BFX,1511697600,2017-12-28 01:14:48.478985,0,0.0
3352,0.9998,BFX,1,JordanManual,Bitfinex,0.9998,0.9998,0.9998,,1511701200,2017-12-26 23:21:24.889614,0,0.0
3353,0.9998,BFX,1,JordanManual,CCCAGG,0.9998,0.9998,0.9998,,1511701200,2017-12-26 23:21:23.208812,0,0.0
3354,0.9998,BFX,1,JordanManual,Bitfinex,0.9998,0.9998,0.9998,,1511704800,2017-12-26 23:21:24.889614,0,0.0
3355,0.9998,BFX,1,JordanManual,CCCAGG,0.9998,0.9998,0.9998,,1511704800,2017-12-26 23:21:23.208812,0,0.0
3356,0.9998,,1,JordanManual,Bitfinex,0.9998,0.9998,0.9998,BFX,1511708400,2017-12-28 01:09:55.862859,0,0.0
3357,0.9998,BFX,1,JordanManual,Bitfinex,0.9998,0.9998,0.9998,,1511708400,2017-12-26 23:21:24.889614,0,0.0
3358,0.9998,BFX,1,JordanManual,CCCAGG,0.9998,0.9998,0.9998,,1511708400,2017-12-26 23:21:23.208812,0,0.0
3359,0.9998,,1,JordanManual,CCCAGG,0.9998,0.9998,0.9998,BFX,1511708400,2017-12-28 01:14:48.478985,0,0.0
3360,0.9998,BFX,1,JordanManual,Bitfinex,0.9998,0.9998,0.9998,,1511712000,2017-12-26 23:21:24.889614,0,0.0
3361,0.9998,BFX,1,JordanManual,CCCAGG,0.9998,0.9998,0.9998,,1511712000,2017-12-26 23:21:23.208812,0,0.0
3362,0.9998,BFX,1,JordanManual,Bitfinex,0.9998,0.9998,0.9998,,1511715600,2017-12-26 23:21:24.889614,0,0.0
3363,0.9998,BFX,1,JordanManual,CCCAGG,0.9998,0.9998,0.9998,,1511715600,2017-12-26 23:21:23.208812,0,0.0
3364,0.9998,,1,JordanManual,Bitfinex,0.9998,0.9998,0.9998,BFX,1511719200,2017-12-28 01:09:55.862859,0,0.0
3365,0.9998,,1,JordanManual,CCCAGG,0.9998,0.9998,0.9998,BFX,1511719200,2017-12-28 01:14:48.478985,0,0.0
3366,0.9998,BFX,1,JordanManual,CCCAGG,0.9998,0.9998,0.9998,,1511719200,2017-12-26 23:21:23.208812,0,0.0
3367,0.9998,BFX,1,JordanManual,Bitfinex,0.9998,0.9998,0.9998,,1511719200,2017-12-26 23:21:24.889614,0,0.0
3368,0.9998,BFX,1,JordanManual,Bitfinex,0.9998,0.9998,0.9998,,1511722800,2017-12-26 23:21:24.889614,0,0.0
3369,0.9998,BFX,1,JordanManual,CCCAGG,0.9998,0.9998,0.9998,,1511722800,2017-12-26 23:21:23.208812,0,0.0
3370,0.9998,BFX,1,JordanManual,CCCAGG,0.9998,0.9998,0.9998,,1511726400,2017-12-26 23:21:23.208812,0,0.0
3371,0.9998,BFX,1,JordanManual,Bitfinex,0.9998,0.9998,0.9998,,1511726400,2017-12-26 23:21:24.889614,0,0.0
3372,0.9998,,1,JordanManual,Bitfinex,0.9998,0.9998,0.9998,BFX,1511730000,2017-12-28 01:09:55.862859,0,0.0
3373,0.9998,BFX,1,JordanManual,CCCAGG,0.9998,0.9998,0.9998,,1511730000,2017-12-26 23:21:23.208812,0,0.0
3374,0.9998,,1,JordanManual,CCCAGG,0.9998,0.9998,0.9998,BFX,1511730000,2017-12-28 01:14:48.478985,0,0.0
3375,0.9998,BFX,1,JordanManual,Bitfinex,0.9998,0.9998,0.9998,,1511730000,2017-12-26 23:21:24.889614,0,0.0
3376,0.9998,BFX,1,JordanManual,Bitfinex,0.9998,0.9998,0.9998,,1511733600,2017-12-26 23:21:24.889614,0,0.0
3377,0.9998,BFX,1,JordanManual,CCCAGG,0.9998,0.9998,0.9998,,1511733600,2017-12-26 23:21:23.208812,0,0.0
3378,0.9998,BFX,1,JordanManual,CCCAGG,0.9998,0.9998,0.9998,,1511737200,2017-12-26 23:21:23.208812,0,0.0
3379,0.9998,BFX,1,JordanManual,Bitfinex,0.9998,0.9998,0.9998,,1511737200,2017-12-26 23:21:24.889614,0,0.0
3380,0.9998,,1,JordanManual,Bitfinex,0.9998,0.9998,0.9998,BFX,1511740800,2017-12-28 01:09:55.862859,0,0.0
3381,0.9998,BFX,1,JordanManual,Bitfinex,0.9998,0.9998,0.9998,,1511740800,2017-12-26 23:21:24.889614,0,0.0
3382,0.9998,BFX,1,JordanManual,CCCAGG,0.9998,0.9998,0.9998,,1511740800,2017-12-26 23:21:23.208812,0,0.0
3383,0.9998,,1,JordanManual,CCCAGG,0.9998,0.9998,0.9998,BFX,1511740800,2017-12-28 01:14:48.478985,0,0.0
3384,0.9998,BFX,1,JordanManual,CCCAGG,0.9998,0.9998,0.9998,,1511744400,2017-12-26 23:21:23.208812,0,0.0
3385,0.9998,BFX,1,JordanManual,Bitfinex,0.9998,0.9998,0.9998,,1511744400,2017-12-26 23:21:24.889614,0,0.0
3386,0.9998,BFX,1,JordanManual,Bitfinex,0.9998,0.9998,0.9998,,1511748000,2017-12-26 23:21:24.889614,0,0.0
3387,0.9998,BFX,1,JordanManual,CCCAGG,0.9998,0.9998,0.9998,,1511748000,2017-12-26 23:21:23.208812,0,0.0
3388,0.9998,,1,JordanManual,Bitfinex,0.9998,0.9998,0.9998,BFX,1511751600,2017-12-28 01:09:55.862859,0,0.0
3389,0.9998,,1,JordanManual,CCCAGG,0.9998,0.9998,0.9998,BFX,1511751600,2017-12-28 01:14:48.478985,0,0.0
3390,0.9998,BFX,1,JordanManual,CCCAGG,0.9998,0.9998,0.9998,,1511751600,2017-12-26 23:21:23.208812,0,0.0
3391,0.9998,BFX,1,JordanManual,Bitfinex,0.9998,0.9998,0.9998,,1511751600,2017-12-26 23:21:24.889614,0,0.0
3392,0.9998,BFX,1,JordanManual,Bitfinex,0.9998,0.9998,0.9998,,1511755200,2017-12-26 23:21:24.889614,0,0.0
3393,0.9998,BFX,1,JordanManual,CCCAGG,0.9998,0.9998,0.9998,,1511755200,2017-12-26 23:21:23.208812,0,0.0
3394,0.9998,BFX,1,JordanManual,CCCAGG,0.9998,0.9998,0.9998,,1511758800,2017-12-26 23:21:23.208812,0,0.0
3395,0.9998,BFX,1,JordanManual,Bitfinex,0.9998,0.9998,0.9998,,1511758800,2017-12-26 23:21:24.889614,0,0.0
3396,0.9998,,1,JordanManual,Bitfinex,0.9998,0.9998,0.9998,BFX,1511762400,2017-12-28 01:09:55.862859,0,0.0
3397,0.9998,BFX,1,JordanManual,Bitfinex,0.9998,0.9998,0.9998,,1511762400,2017-12-26 23:21:24.889614,0,0.0
3398,0.9998,BFX,1,JordanManual,CCCAGG,0.9998,0.9998,0.9998,,1511762400,2017-12-26 23:21:23.208812,0,0.0
3399,0.9998,,1,JordanManual,CCCAGG,0.9998,0.9998,0.9998,BFX,1511762400,2017-12-28 01:14:48.478985,0,0.0
3400,0.9998,BFX,1,JordanManual,Bitfinex,0.9998,0.9998,0.9998,,1511766000,2017-12-26 23:21:24.889614,0,0.0
3401,0.9998,BFX,1,JordanManual,CCCAGG,0.9998,0.9998,0.9998,,1511766000,2017-12-26 23:21:23.208812,0,0.0
3402,0.9998,BFX,1,JordanManual,Bitfinex,0.9998,0.9998,0.9998,,1511769600,2017-12-26 23:21:24.889614,0,0.0
3403,0.9998,BFX,1,JordanManual,CCCAGG,0.9998,0.9998,0.9998,,1511769600,2017-12-26 23:21:23.208812,0,0.0
3404,0.9998,,1,JordanManual,Bitfinex,0.9998,0.9998,0.9998,BFX,1511773200,2017-12-28 01:09:55.862859,0,0.0
3405,0.9998,BFX,1,JordanManual,CCCAGG,0.9998,0.9998,0.9998,,1511773200,2017-12-26 23:21:23.208812,0,0.0
3406,0.9998,BFX,1,JordanManual,Bitfinex,0.9998,0.9998,0.9998,,1511773200,2017-12-26 23:21:24.889614,0,0.0
3407,0.9998,,1,JordanManual,CCCAGG,0.9998,0.9998,0.9998,BFX,1511773200,2017-12-28 01:14:48.478985,0,0.0
3408,0.9998,BFX,1,JordanManual,CCCAGG,0.9998,0.9998,0.9998,,1511776800,2017-12-26 23:21:23.208812,0,0.0
3409,0.9998,BFX,1,JordanManual,Bitfinex,0.9998,0.9998,0.9998,,1511776800,2017-12-26 23:21:24.889614,0,0.0
3410,0.9998,BFX,1,JordanManual,CCCAGG,0.9998,0.9998,0.9998,,1511780400,2017-12-26 23:21:23.208812,0,0.0
3411,0.9998,BFX,1,JordanManual,Bitfinex,0.9998,0.9998,0.9998,,1511780400,2017-12-26 23:21:24.889614,0,0.0
3412,0.9998,BFX,1,JordanManual,CCCAGG,0.9998,0.9998,0.9998,,1511784000,2017-12-26 23:21:23.208812,0,0.0
3413,0.9998,,1,JordanManual,Bitfinex,0.9998,0.9998,0.9998,BFX,1511784000,2017-12-28 01:09:55.862859,0,0.0
3414,0.9998,BFX,1,JordanManual,Bitfinex,0.9998,0.9998,0.9998,,1511784000,2017-12-26 23:21:24.889614,0,0.0
3415,0.9998,,1,JordanManual,CCCAGG,0.9998,0.9998,0.9998,BFX,1511784000,2017-12-28 01:14:48.478985,0,0.0
3416,0.9998,BFX,1,JordanManual,CCCAGG,0.9998,0.9998,0.9998,,1511787600,2017-12-26 23:21:23.208812,0,0.0
3417,0.9998,BFX,1,JordanManual,Bitfinex,0.9998,0.9998,0.9998,,1511787600,2017-12-26 23:21:24.889614,0,0.0
3418,0.9998,BFX,1,JordanManual,Bitfinex,0.9998,0.9998,0.9998,,1511791200,2017-12-26 23:21:24.889614,0,0.0
3419,0.9998,BFX,1,JordanManual,CCCAGG,0.9998,0.9998,0.9998,,1511791200,2017-12-26 23:21:23.208812,0,0.0
3420,0.9998,,1,JordanManual,Bitfinex,0.9998,0.9998,0.9998,BFX,1511794800,2017-12-28 01:09:55.862859,0,0.0
3421,0.9998,,1,JordanManual,CCCAGG,0.9998,0.9998,0.9998,BFX,1511794800,2017-12-28 01:14:48.478985,0,0.0
3422,0.9998,BFX,1,JordanManual,Bitfinex,0.9998,0.9998,0.9998,,1511794800,2017-12-26 23:21:24.889614,0,0.0
3423,0.9998,BFX,1,JordanManual,CCCAGG,0.9998,0.9998,0.9998,,1511794800,2017-12-26 23:21:23.208812,0,0.0
3424,0.9998,BFX,1,JordanManual,Bitfinex,0.9998,0.9998,0.9998,,1511798400,2017-12-26 23:21:24.889614,0,0.0
3425,0.9998,BFX,1,JordanManual,CCCAGG,0.9998,0.9998,0.9998,,1511798400,2017-12-26 23:21:23.208812,0,0.0
3426,0.9998,BFX,1,JordanManual,CCCAGG,0.9998,0.9998,0.9998,,1511802000,2017-12-26 23:21:23.208812,0,0.0
3427,0.9998,BFX,1,JordanManual,Bitfinex,0.9998,0.9998,0.9998,,1511802000,2017-12-26 23:21:24.889614,0,0.0
3428,0.9998,BFX,1,JordanManual,Bitfinex,0.9998,0.9998,0.9998,,1511805600,2017-12-26 23:21:24.889614,0,0.0
3429,0.9998,BFX,1,JordanManual,CCCAGG,0.9998,0.9998,0.9998,,1511805600,2017-12-26 23:21:23.208812,0,0.0
3430,0.9998,,1,JordanManual,Bitfinex,0.9998,0.9998,0.9998,BFX,1511805600,2017-12-28 01:09:55.862859,0,0.0
3431,0.9998,,1,JordanManual,CCCAGG,0.9998,0.9998,0.9998,BFX,1511805600,2017-12-28 01:14:48.478985,0,0.0
3432,0.9998,BFX,1,JordanManual,Bitfinex,0.9998,0.9998,0.9998,,1511809200,2017-12-26 23:21:24.889614,0,0.0
3433,0.9998,BFX,1,JordanManual,CCCAGG,0.9998,0.9998,0.9998,,1511809200,2017-12-26 23:21:23.208812,0,0.0
3434,0.9998,BFX,1,JordanManual,Bitfinex,0.9998,0.9998,0.9998,,1511812800,2017-12-26 23:21:24.889614,0,0.0
3435,0.9998,BFX,1,JordanManual,CCCAGG,0.9998,0.9998,0.9998,,1511812800,2017-12-26 23:21:23.208812,0,0.0
3436,0.9998,BFX,1,JordanManual,CCCAGG,0.9998,0.9998,0.9998,,1511816400,2017-12-26 23:21:23.208812,0,0.0
3437,0.9998,BFX,1,JordanManual,Bitfinex,0.9998,0.9998,0.9998,,1511816400,2017-12-26 23:21:24.889614,0,0.0
3438,0.9998,,1,JordanManual,Bitfinex,0.9998,0.9998,0.9998,BFX,1511816400,2017-12-28 01:09:55.862859,0,0.0
3439,0.9998,,1,JordanManual,CCCAGG,0.9998,0.9998,0.9998,BFX,1511816400,2017-12-28 01:14:48.478985,0,0.0
3440,0.9998,BFX,1,JordanManual,CCCAGG,0.9998,0.9998,0.9998,,1511820000,2017-12-26 23:21:23.208812,0,0.0
3441,0.9998,BFX,1,JordanManual,Bitfinex,0.9998,0.9998,0.9998,,1511820000,2017-12-26 23:21:24.889614,0,0.0
3442,0.9998,BFX,1,JordanManual,CCCAGG,0.9998,0.9998,0.9998,,1511823600,2017-12-26 23:21:23.208812,0,0.0
3443,0.9998,BFX,1,JordanManual,Bitfinex,0.9998,0.9998,0.9998,,1511823600,2017-12-26 23:21:24.889614,0,0.0
3444,0.9998,BFX,1,JordanManual,CCCAGG,0.9998,0.9998,0.9998,,1511827200,2017-12-26 23:21:23.208812,0,0.0
3445,0.9998,,1,JordanManual,Bitfinex,0.9998,0.9998,0.9998,BFX,1511827200,2017-12-28 01:09:55.862859,0,0.0
3446,0.9998,,1,JordanManual,CCCAGG,0.9998,0.9998,0.9998,BFX,1511827200,2017-12-28 01:14:48.478985,0,0.0
3447,0.9998,BFX,1,JordanManual,Bitfinex,0.9998,0.9998,0.9998,,1511827200,2017-12-26 23:21:24.889614,0,0.0
3448,0.9998,BFX,1,JordanManual,CCCAGG,0.9998,0.9998,0.9998,,1511830800,2017-12-26 23:21:23.208812,0,0.0
3449,0.9998,BFX,1,JordanManual,Bitfinex,0.9998,0.9998,0.9998,,1511830800,2017-12-26 23:21:24.889614,0,0.0
3450,0.9998,BFX,1,JordanManual,Bitfinex,0.9998,0.9998,0.9998,,1511834400,2017-12-26 23:21:24.889614,0,0.0
3451,0.9998,BFX,1,JordanManual,CCCAGG,0.9998,0.9998,0.9998,,1511834400,2017-12-26 23:21:23.208812,0,0.0
3452,0.9998,BFX,1,JordanManual,CCCAGG,0.9998,0.9998,0.9998,,1511838000,2017-12-26 23:21:23.208812,0,0.0
3453,0.9998,BFX,1,JordanManual,Bitfinex,0.9998,0.9998,0.9998,,1511838000,2017-12-26 23:21:24.889614,0,0.0
3454,0.9998,,1,JordanManual,Bitfinex,0.9998,0.9998,0.9998,BFX,1511838000,2017-12-28 01:09:55.862859,0,0.0
3455,0.9998,,1,JordanManual,CCCAGG,0.9998,0.9998,0.9998,BFX,1511838000,2017-12-28 01:14:48.478985,0,0.0
3456,0.9998,BFX,1,JordanManual,CCCAGG,0.9998,0.9998,0.9998,,1511841600,2017-12-26 23:21:23.208812,0,0.0
3457,0.9998,BFX,1,JordanManual,Bitfinex,0.9998,0.9998,0.9998,,1511841600,2017-12-26 23:21:24.889614,0,0.0
3458,0.9998,BFX,1,JordanManual,CCCAGG,0.9998,0.9998,0.9998,,1511845200,2017-12-26 23:21:23.208812,0,0.0
3459,0.9998,BFX,1,JordanManual,Bitfinex,0.9998,0.9998,0.9998,,1511845200,2017-12-26 23:21:24.889614,0,0.0
3460,0.9998,,1,JordanManual,Bitfinex,0.9998,0.9998,0.9998,BFX,1511848800,2017-12-28 01:09:55.862859,0,0.0
3461,0.9998,BFX,1,JordanManual,CCCAGG,0.9998,0.9998,0.9998,,1511848800,2017-12-26 23:21:23.208812,0,0.0
3462,0.9998,BFX,1,JordanManual,Bitfinex,0.9998,0.9998,0.9998,,1511848800,2017-12-26 23:21:24.889614,0,0.0
3463,0.9998,,1,JordanManual,CCCAGG,0.9998,0.9998,0.9998,BFX,1511848800,2017-12-28 01:14:48.478985,0,0.0
3464,0.9998,BFX,1,JordanManual,Bitfinex,0.9998,0.9998,0.9998,,1511852400,2017-12-26 23:21:24.889614,0,0.0
3465,0.9998,BFX,1,JordanManual,CCCAGG,0.9998,0.9998,0.9998,,1511852400,2017-12-26 23:21:23.208812,0,0.0
3466,0.9998,BFX,1,JordanManual,Bitfinex,0.9998,0.9998,0.9998,,1511856000,2017-12-26 23:21:24.889614,0,0.0
3467,0.9998,BFX,1,JordanManual,CCCAGG,0.9998,0.9998,0.9998,,1511856000,2017-12-26 23:21:23.208812,0,0.0
3468,0.9998,,1,JordanManual,Bitfinex,0.9998,0.9998,0.9998,BFX,1511859600,2017-12-28 01:09:55.862859,0,0.0
3469,0.9998,BFX,1,JordanManual,CCCAGG,0.9998,0.9998,0.9998,,1511859600,2017-12-26 23:21:23.208812,0,0.0
3470,0.9998,BFX,1,JordanManual,Bitfinex,0.9998,0.9998,0.9998,,1511859600,2017-12-26 23:21:24.889614,0,0.0
3471,0.9998,,1,JordanManual,CCCAGG,0.9998,0.9998,0.9998,BFX,1511859600,2017-12-28 01:14:48.478985,0,0.0
3472,0.9998,BFX,1,JordanManual,CCCAGG,0.9998,0.9998,0.9998,,1511863200,2017-12-26 23:21:23.208812,0,0.0
3473,0.9998,BFX,1,JordanManual,Bitfinex,0.9998,0.9998,0.9998,,1511863200,2017-12-26 23:21:24.889614,0,0.0
3474,0.9998,BFX,1,JordanManual,CCCAGG,0.9998,0.9998,0.9998,,1511866800,2017-12-26 23:21:23.208812,0,0.0
3475,0.9998,BFX,1,JordanManual,Bitfinex,0.9998,0.9998,0.9998,,1511866800,2017-12-26 23:21:24.889614,0,0.0
3476,0.9998,,1,JordanManual,Bitfinex,0.9998,0.9998,0.9998,BFX,1511870400,2017-12-28 01:09:55.862859,0,0.0
3477,0.9998,,1,JordanManual,CCCAGG,0.9998,0.9998,0.9998,BFX,1511870400,2017-12-28 01:14:48.478985,0,0.0
3478,0.9998,BFX,1,JordanManual,Bitfinex,0.9998,0.9998,0.9998,,1511870400,2017-12-26 23:21:24.889614,0,0.0
3479,0.9998,BFX,1,JordanManual,CCCAGG,0.9998,0.9998,0.9998,,1511870400,2017-12-26 23:21:23.208812,0,0.0
3480,0.9998,BFX,1,JordanManual,Bitfinex,0.9998,0.9998,0.9998,,1511874000,2017-12-26 23:21:24.889614,0,0.0
3481,0.9998,BFX,1,JordanManual,CCCAGG,0.9998,0.9998,0.9998,,1511874000,2017-12-26 23:21:23.208812,0,0.0
3482,0.9998,BFX,1,JordanManual,Bitfinex,0.9998,0.9998,0.9998,,1511877600,2017-12-26 23:21:24.889614,0,0.0
3483,0.9998,BFX,1,JordanManual,CCCAGG,0.9998,0.9998,0.9998,,1511877600,2017-12-26 23:21:23.208812,0,0.0
3484,0.9998,,1,JordanManual,Bitfinex,0.9998,0.9998,0.9998,BFX,1511881200,2017-12-28 01:09:55.862859,0,0.0
3485,0.9998,,1,JordanManual,CCCAGG,0.9998,0.9998,0.9998,BFX,1511881200,2017-12-28 01:14:48.478985,0,0.0
3486,0.9998,BFX,1,JordanManual,CCCAGG,0.9998,0.9998,0.9998,,1511881200,2017-12-26 23:21:23.208812,0,0.0
3487,0.9998,BFX,1,JordanManual,Bitfinex,0.9998,0.9998,0.9998,,1511881200,2017-12-26 23:21:24.889614,0,0.0
3488,0.9998,BFX,1,JordanManual,CCCAGG,0.9998,0.9998,0.9998,,1511884800,2017-12-26 23:21:23.208812,0,0.0
3489,0.9998,BFX,1,JordanManual,Bitfinex,0.9998,0.9998,0.9998,,1511884800,2017-12-26 23:21:24.889614,0,0.0
3490,0.9998,BFX,1,JordanManual,Bitfinex,0.9998,0.9998,0.9998,,1511888400,2017-12-26 23:21:24.889614,0,0.0
3491,0.9998,BFX,1,JordanManual,CCCAGG,0.9998,0.9998,0.9998,,1511888400,2017-12-26 23:21:23.208812,0,0.0
3492,0.9998,BFX,1,JordanManual,CCCAGG,0.9998,0.9998,0.9998,,1511892000,2017-12-26 23:21:23.208812,0,0.0
3493,0.9998,BFX,1,JordanManual,Bitfinex,0.9998,0.9998,0.9998,,1511892000,2017-12-26 23:21:24.889614,0,0.0
3494,0.9998,,1,JordanManual,CCCAGG,0.9998,0.9998,0.9998,BFX,1511892000,2017-12-28 01:14:48.478985,0,0.0
3495,0.9998,,1,JordanManual,Bitfinex,0.9998,0.9998,0.9998,BFX,1511892000,2017-12-28 01:09:55.862859,0,0.0
3496,0.9998,BFX,1,JordanManual,Bitfinex,0.9998,0.9998,0.9998,,1511895600,2017-12-26 23:21:24.889614,0,0.0
3497,0.9998,BFX,1,JordanManual,CCCAGG,0.9998,0.9998,0.9998,,1511895600,2017-12-26 23:21:23.208812,0,0.0
3498,0.9998,BFX,1,JordanManual,CCCAGG,0.9998,0.9998,0.9998,,1511899200,2017-12-26 23:21:23.208812,0,0.0
3499,0.9998,BFX,1,JordanManual,Bitfinex,0.9998,0.9998,0.9998,,1511899200,2017-12-26 23:21:24.889614,0,0.0
3500,0.9998,,1,JordanManual,Bitfinex,0.9998,0.9998,0.9998,BFX,1511902800,2017-12-28 01:09:55.862859,0,0.0
3501,0.9998,,1,JordanManual,CCCAGG,0.9998,0.9998,0.9998,BFX,1511902800,2017-12-28 01:14:48.478985,0,0.0
3502,0.9998,BFX,1,JordanManual,Bitfinex,0.9998,0.9998,0.9998,,1511902800,2017-12-26 23:21:24.889614,0,0.0
3503,0.9998,BFX,1,JordanManual,CCCAGG,0.9998,0.9998,0.9998,,1511902800,2017-12-26 23:21:23.208812,0,0.0
3504,0.9998,BFX,1,JordanManual,CCCAGG,0.9998,0.9998,0.9998,,1511906400,2017-12-26 23:21:23.208812,0,0.0
3505,0.9998,BFX,1,JordanManual,Bitfinex,0.9998,0.9998,0.9998,,1511906400,2017-12-26 23:21:24.889614,0,0.0
3506,0.9998,BFX,1,JordanManual,Bitfinex,0.9998,0.9998,0.9998,,1511910000,2017-12-26 23:21:24.889614,0,0.0
3507,0.9998,BFX,1,JordanManual,CCCAGG,0.9998,0.9998,0.9998,,1511910000,2017-12-26 23:21:23.208812,0,0.0
3508,0.9998,,1,JordanManual,CCCAGG,0.9998,0.9998,0.9998,BFX,1511913600,2017-12-28 01:14:48.478985,0,0.0
3509,0.9998,BFX,1,JordanManual,Bitfinex,0.9998,0.9998,0.9998,,1511913600,2017-12-26 23:21:24.889614,0,0.0
3510,0.9998,,1,JordanManual,Bitfinex,0.9998,0.9998,0.9998,BFX,1511913600,2017-12-28 01:09:55.862859,0,0.0
3511,0.9998,BFX,1,JordanManual,CCCAGG,0.9998,0.9998,0.9998,,1511913600,2017-12-26 23:21:23.208812,0,0.0
3512,0.9998,BFX,1,JordanManual,Bitfinex,0.9998,0.9998,0.9998,,1511917200,2017-12-26 23:21:24.889614,0,0.0
3513,0.9998,BFX,1,JordanManual,CCCAGG,0.9998,0.9998,0.9998,,1511917200,2017-12-26 23:21:23.208812,0,0.0
3514,0.9998,BFX,1,JordanManual,Bitfinex,0.9998,0.9998,0.9998,,1511920800,2017-12-26 23:21:24.889614,0,0.0
3515,0.9998,BFX,1,JordanManual,CCCAGG,0.9998,0.9998,0.9998,,1511920800,2017-12-26 23:21:23.208812,0,0.0
3516,0.9998,,1,JordanManual,Bitfinex,0.9998,0.9998,0.9998,BFX,1511924400,2017-12-28 01:09:55.862859,0,0.0
3517,0.9998,,1,JordanManual,CCCAGG,0.9998,0.9998,0.9998,BFX,1511924400,2017-12-28 01:14:48.478985,0,0.0
3518,0.9998,BFX,1,JordanManual,Bitfinex,0.9998,0.9998,0.9998,,1511924400,2017-12-26 23:21:24.889614,0,0.0
3519,0.9998,BFX,1,JordanManual,CCCAGG,0.9998,0.9998,0.9998,,1511924400,2017-12-26 23:21:23.208812,0,0.0
3520,0.9998,BFX,1,JordanManual,CCCAGG,0.9998,0.9998,0.9998,,1511928000,2017-12-26 23:21:23.208812,0,0.0
3521,0.9998,BFX,1,JordanManual,Bitfinex,0.9998,0.9998,0.9998,,1511928000,2017-12-26 23:21:24.889614,0,0.0
3522,0.9998,BFX,1,JordanManual,Bitfinex,0.9998,0.9998,0.9998,,1511931600,2017-12-26 23:21:24.889614,0,0.0
3523,0.9998,BFX,1,JordanManual,CCCAGG,0.9998,0.9998,0.9998,,1511931600,2017-12-26 23:21:23.208812,0,0.0
3524,0.9998,,1,JordanManual,Bitfinex,0.9998,0.9998,0.9998,BFX,1511935200,2017-12-28 01:09:55.862859,0,0.0
3525,0.9998,BFX,1,JordanManual,CCCAGG,0.9998,0.9998,0.9998,,1511935200,2017-12-26 23:21:23.208812,0,0.0
3526,0.9998,BFX,1,JordanManual,Bitfinex,0.9998,0.9998,0.9998,,1511935200,2017-12-26 23:21:24.889614,0,0.0
3527,0.9998,,1,JordanManual,CCCAGG,0.9998,0.9998,0.9998,BFX,1511935200,2017-12-28 01:14:48.478985,0,0.0
3528,0.9998,BFX,1,JordanManual,CCCAGG,0.9998,0.9998,0.9998,,1511938800,2017-12-26 23:21:23.208812,0,0.0
3529,0.9998,BFX,1,JordanManual,Bitfinex,0.9998,0.9998,0.9998,,1511938800,2017-12-26 23:21:24.889614,0,0.0
3530,0.9998,BFX,1,JordanManual,Bitfinex,0.9998,0.9998,0.9998,,1511942400,2017-12-26 23:21:24.889614,0,0.0
3531,0.9998,BFX,1,JordanManual,CCCAGG,0.9998,0.9998,0.9998,,1511942400,2017-12-26 23:21:23.208812,0,0.0
3532,0.9998,,1,JordanManual,CCCAGG,0.9998,0.9998,0.9998,BFX,1511946000,2017-12-28 01:14:48.478985,0,0.0
3533,0.9998,BFX,1,JordanManual,CCCAGG,0.9998,0.9998,0.9998,,1511946000,2017-12-26 23:21:23.208812,0,0.0
3534,0.9998,BFX,1,JordanManual,Bitfinex,0.9998,0.9998,0.9998,,1511946000,2017-12-26 23:21:24.889614,0,0.0
3535,0.9998,,1,JordanManual,Bitfinex,0.9998,0.9998,0.9998,BFX,1511946000,2017-12-28 01:09:55.862859,0,0.0
3536,0.9998,BFX,1,JordanManual,Bitfinex,0.9998,0.9998,0.9998,,1511949600,2017-12-26 23:21:24.889614,0,0.0
3537,0.9998,BFX,1,JordanManual,CCCAGG,0.9998,0.9998,0.9998,,1511949600,2017-12-26 23:21:23.208812,0,0.0
3538,0.9998,BFX,1,JordanManual,Bitfinex,0.9998,0.9998,0.9998,,1511953200,2017-12-26 23:21:24.889614,0,0.0
3539,0.9998,BFX,1,JordanManual,CCCAGG,0.9998,0.9998,0.9998,,1511953200,2017-12-26 23:21:23.208812,0,0.0
3540,0.9998,,1,JordanManual,Bitfinex,0.9998,0.9998,0.9998,BFX,1511956800,2017-12-28 01:09:55.862859,0,0.0
3541,0.9998,BFX,1,JordanManual,Bitfinex,0.9998,0.9998,0.9998,,1511956800,2017-12-26 23:21:24.889614,0,0.0
3542,0.9998,,1,JordanManual,CCCAGG,0.9998,0.9998,0.9998,BFX,1511956800,2017-12-28 01:14:48.478985,0,0.0
3543,0.9998,BFX,1,JordanManual,CCCAGG,0.9998,0.9998,0.9998,,1511956800,2017-12-26 23:21:23.208812,0,0.0
3544,0.9998,BFX,1,JordanManual,CCCAGG,0.9998,0.9998,0.9998,,1511960400,2017-12-26 23:21:23.208812,0,0.0
3545,0.9998,BFX,1,JordanManual,Bitfinex,0.9998,0.9998,0.9998,,1511960400,2017-12-26 23:21:24.889614,0,0.0
3546,0.9998,BFX,1,JordanManual,Bitfinex,0.9998,0.9998,0.9998,,1511964000,2017-12-26 23:21:24.889614,0,0.0
3547,0.9998,BFX,1,JordanManual,CCCAGG,0.9998,0.9998,0.9998,,1511964000,2017-12-26 23:21:23.208812,0,0.0
3548,0.9998,,1,JordanManual,CCCAGG,0.9998,0.9998,0.9998,BFX,1511967600,2017-12-28 01:14:48.478985,0,0.0
3549,0.9998,BFX,1,JordanManual,Bitfinex,0.9998,0.9998,0.9998,,1511967600,2017-12-26 23:21:24.889614,0,0.0
3550,0.9998,BFX,1,JordanManual,CCCAGG,0.9998,0.9998,0.9998,,1511967600,2017-12-26 23:21:23.208812,0,0.0
3551,0.9998,,1,JordanManual,Bitfinex,0.9998,0.9998,0.9998,BFX,1511967600,2017-12-28 01:09:55.862859,0,0.0
3552,0.9998,BFX,1,JordanManual,CCCAGG,0.9998,0.9998,0.9998,,1511971200,2017-12-26 23:21:23.208812,0,0.0
3553,0.9998,BFX,1,JordanManual,Bitfinex,0.9998,0.9998,0.9998,,1511971200,2017-12-26 23:21:24.889614,0,0.0
3554,0.9998,BFX,1,JordanManual,CCCAGG,0.9998,0.9998,0.9998,,1511974800,2017-12-26 23:21:23.208812,0,0.0
3555,0.9998,BFX,1,JordanManual,Bitfinex,0.9998,0.9998,0.9998,,1511974800,2017-12-26 23:21:24.889614,0,0.0
3556,0.9998,BFX,1,JordanManual,Bitfinex,0.9998,0.9998,0.9998,,1511978400,2017-12-26 23:21:24.889614,0,0.0
3557,0.9998,,1,JordanManual,Bitfinex,0.9998,0.9998,0.9998,BFX,1511978400,2017-12-28 01:09:55.862859,0,0.0
3558,0.9998,,1,JordanManual,CCCAGG,0.9998,0.9998,0.9998,BFX,1511978400,2017-12-28 01:14:48.478985,0,0.0
3559,0.9998,BFX,1,JordanManual,CCCAGG,0.9998,0.9998,0.9998,,1511978400,2017-12-26 23:21:23.208812,0,0.0
3560,0.9998,BFX,1,JordanManual,Bitfinex,0.9998,0.9998,0.9998,,1511982000,2017-12-26 23:21:24.889614,0,0.0
3561,0.9998,BFX,1,JordanManual,CCCAGG,0.9998,0.9998,0.9998,,1511982000,2017-12-26 23:21:23.208812,0,0.0
3562,0.9998,BFX,1,JordanManual,CCCAGG,0.9998,0.9998,0.9998,,1511985600,2017-12-26 23:21:23.208812,0,0.0
3563,0.9998,BFX,1,JordanManual,Bitfinex,0.9998,0.9998,0.9998,,1511985600,2017-12-26 23:21:24.889614,0,0.0
3564,0.9998,,1,JordanManual,Bitfinex,0.9998,0.9998,0.9998,BFX,1511989200,2017-12-28 01:09:55.862859,0,0.0
3565,0.9998,BFX,1,JordanManual,CCCAGG,0.9998,0.9998,0.9998,,1511989200,2017-12-26 23:21:23.208812,0,0.0
3566,0.9998,,1,JordanManual,CCCAGG,0.9998,0.9998,0.9998,BFX,1511989200,2017-12-28 01:14:48.478985,0,0.0
3567,0.9998,BFX,1,JordanManual,Bitfinex,0.9998,0.9998,0.9998,,1511989200,2017-12-26 23:21:24.889614,0,0.0
3568,0.9998,BFX,1,JordanManual,CCCAGG,0.9998,0.9998,0.9998,,1511992800,2017-12-26 23:21:23.208812,0,0.0
3569,0.9998,BFX,1,JordanManual,Bitfinex,0.9998,0.9998,0.9998,,1511992800,2017-12-26 23:21:24.889614,0,0.0
3570,0.9998,BFX,1,JordanManual,Bitfinex,0.9998,0.9998,0.9998,,1511996400,2017-12-26 23:21:24.889614,0,0.0
3571,0.9998,BFX,1,JordanManual,CCCAGG,0.9998,0.9998,0.9998,,1511996400,2017-12-26 23:21:23.208812,0,0.0
3572,0.9998,,1,JordanManual,CCCAGG,0.9998,0.9998,0.9998,BFX,1512000000,2017-12-28 01:14:48.478985,0,0.0
3573,0.9998,BFX,1,JordanManual,Bitfinex,0.9998,0.9998,0.9998,,1512000000,2017-12-26 23:21:24.889614,0,0.0
3574,0.9998,BFX,1,JordanManual,CCCAGG,0.9998,0.9998,0.9998,,1512000000,2017-12-26 23:21:23.208812,0,0.0
3575,0.9998,,1,JordanManual,Bitfinex,0.9998,0.9998,0.9998,BFX,1512000000,2017-12-28 01:09:55.862859,0,0.0
3576,0.9998,BFX,1,JordanManual,CCCAGG,0.9998,0.9998,0.9998,,1512003600,2017-12-26 23:21:23.208812,0,0.0
3577,0.9998,BFX,1,JordanManual,Bitfinex,0.9998,0.9998,0.9998,,1512003600,2017-12-26 23:21:24.889614,0,0.0
3578,0.9998,BFX,1,JordanManual,Bitfinex,0.9998,0.9998,0.9998,,1512007200,2017-12-26 23:21:24.889614,0,0.0
3579,0.9998,BFX,1,JordanManual,CCCAGG,0.9998,0.9998,0.9998,,1512007200,2017-12-26 23:21:23.208812,0,0.0
3580,0.9998,BFX,1,JordanManual,Bitfinex,0.9998,0.9998,0.9998,,1512010800,2017-12-26 23:21:24.889614,0,0.0
3581,0.9998,,1,JordanManual,CCCAGG,0.9998,0.9998,0.9998,BFX,1512010800,2017-12-28 01:14:48.478985,0,0.0
3582,0.9998,BFX,1,JordanManual,CCCAGG,0.9998,0.9998,0.9998,,1512010800,2017-12-26 23:21:23.208812,0,0.0
3583,0.9998,,1,JordanManual,Bitfinex,0.9998,0.9998,0.9998,BFX,1512010800,2017-12-28 01:09:55.862859,0,0.0
3584,0.9998,BFX,1,JordanManual,Bitfinex,0.9998,0.9998,0.9998,,1512014400,2017-12-26 23:21:24.889614,0,0.0
3585,0.9998,BFX,1,JordanManual,CCCAGG,0.9998,0.9998,0.9998,,1512014400,2017-12-26 23:21:23.208812,0,0.0
3586,0.9998,BFX,1,JordanManual,CCCAGG,0.9998,0.9998,0.9998,,1512018000,2017-12-26 23:21:23.208812,0,0.0
3587,0.9998,BFX,1,JordanManual,Bitfinex,0.9998,0.9998,0.9998,,1512018000,2017-12-26 23:21:24.889614,0,0.0
3588,0.9998,,1,JordanManual,CCCAGG,0.9998,0.9998,0.9998,BFX,1512021600,2017-12-28 01:14:48.478985,0,0.0
3589,0.9998,,1,JordanManual,Bitfinex,0.9998,0.9998,0.9998,BFX,1512021600,2017-12-28 01:09:55.862859,0,0.0
3590,0.9998,BFX,1,JordanManual,CCCAGG,0.9998,0.9998,0.9998,,1512021600,2017-12-26 23:21:23.208812,0,0.0
3591,0.9998,BFX,1,JordanManual,Bitfinex,0.9998,0.9998,0.9998,,1512021600,2017-12-26 23:21:24.889614,0,0.0
3592,0.9998,BFX,1,JordanManual,Bitfinex,0.9998,0.9998,0.9998,,1512025200,2017-12-26 23:21:24.889614,0,0.0
3593,0.9998,BFX,1,JordanManual,CCCAGG,0.9998,0.9998,0.9998,,1512025200,2017-12-26 23:21:23.208812,0,0.0
3594,0.9998,BFX,1,JordanManual,Bitfinex,0.9998,0.9998,0.9998,,1512028800,2017-12-26 23:21:24.889614,0,0.0
3595,0.9998,BFX,1,JordanManual,CCCAGG,0.9998,0.9998,0.9998,,1512028800,2017-12-26 23:21:23.208812,0,0.0
3596,0.9998,,1,JordanManual,CCCAGG,0.9998,0.9998,0.9998,BFX,1512032400,2017-12-28 01:14:48.478985,0,0.0
3597,0.9998,,1,JordanManual,Bitfinex,0.9998,0.9998,0.9998,BFX,1512032400,2017-12-28 01:09:55.862859,0,0.0
3598,0.9998,BFX,1,JordanManual,CCCAGG,0.9998,0.9998,0.9998,,1512032400,2017-12-26 23:21:23.208812,0,0.0
3599,0.9998,BFX,1,JordanManual,Bitfinex,0.9998,0.9998,0.9998,,1512032400,2017-12-26 23:21:24.889614,0,0.0
3600,0.9998,BFX,1,JordanManual,CCCAGG,0.9998,0.9998,0.9998,,1512036000,2017-12-26 23:21:23.208812,0,0.0
3601,0.9998,BFX,1,JordanManual,Bitfinex,0.9998,0.9998,0.9998,,1512036000,2017-12-26 23:21:24.889614,0,0.0
3602,0.9998,BFX,1,JordanManual,CCCAGG,0.9998,0.9998,0.9998,,1512039600,2017-12-26 23:21:23.208812,0,0.0
3603,0.9998,BFX,1,JordanManual,Bitfinex,0.9998,0.9998,0.9998,,1512039600,2017-12-26 23:21:24.889614,0,0.0
3604,0.9998,BFX,1,JordanManual,CCCAGG,0.9998,0.9998,0.9998,,1512043200,2017-12-26 23:21:23.208812,0,0.0
3605,0.9998,,1,JordanManual,CCCAGG,0.9998,0.9998,0.9998,BFX,1512043200,2017-12-28 01:14:48.478985,0,0.0
3606,0.9998,,1,JordanManual,Bitfinex,0.9998,0.9998,0.9998,BFX,1512043200,2017-12-28 01:09:55.862859,0,0.0
3607,0.9998,BFX,1,JordanManual,Bitfinex,0.9998,0.9998,0.9998,,1512043200,2017-12-26 23:21:24.889614,0,0.0
3608,0.9998,BFX,1,JordanManual,Bitfinex,0.9998,0.9998,0.9998,,1512046800,2017-12-26 23:21:24.889614,0,0.0
3609,0.9998,BFX,1,JordanManual,CCCAGG,0.9998,0.9998,0.9998,,1512046800,2017-12-26 23:21:23.208812,0,0.0
3610,0.9998,BFX,1,JordanManual,Bitfinex,0.9998,0.9998,0.9998,,1512050400,2017-12-26 23:21:24.889614,0,0.0
3611,0.9998,BFX,1,JordanManual,CCCAGG,0.9998,0.9998,0.9998,,1512050400,2017-12-26 23:21:23.208812,0,0.0
3612,0.9998,,1,JordanManual,CCCAGG,0.9998,0.9998,0.9998,BFX,1512054000,2017-12-28 01:14:48.478985,0,0.0
3613,0.9998,,1,JordanManual,Bitfinex,0.9998,0.9998,0.9998,BFX,1512054000,2017-12-28 01:09:55.862859,0,0.0
3614,0.9998,BFX,1,JordanManual,CCCAGG,0.9998,0.9998,0.9998,,1512054000,2017-12-26 23:21:23.208812,0,0.0
3615,0.9998,BFX,1,JordanManual,Bitfinex,0.9998,0.9998,0.9998,,1512054000,2017-12-26 23:21:24.889614,0,0.0
3616,0.9998,BFX,1,JordanManual,Bitfinex,0.9998,0.9998,0.9998,,1512057600,2017-12-26 23:21:24.889614,0,0.0
3617,0.9998,BFX,1,JordanManual,CCCAGG,0.9998,0.9998,0.9998,,1512057600,2017-12-26 23:21:23.208812,0,0.0
3618,0.9998,BFX,1,JordanManual,CCCAGG,0.9998,0.9998,0.9998,,1512061200,2017-12-26 23:21:23.208812,0,0.0
3619,0.9998,BFX,1,JordanManual,Bitfinex,0.9998,0.9998,0.9998,,1512061200,2017-12-26 23:21:24.889614,0,0.0
3620,0.9998,BFX,1,JordanManual,CCCAGG,0.9998,0.9998,0.9998,,1512064800,2017-12-26 23:21:23.208812,0,0.0
3621,0.9998,BFX,1,JordanManual,Bitfinex,0.9998,0.9998,0.9998,,1512064800,2017-12-26 23:21:24.889614,0,0.0
3622,0.9998,,1,JordanManual,CCCAGG,0.9998,0.9998,0.9998,BFX,1512064800,2017-12-28 01:14:48.478985,0,0.0
3623,0.9998,,1,JordanManual,Bitfinex,0.9998,0.9998,0.9998,BFX,1512064800,2017-12-28 01:09:55.862859,0,0.0
3624,0.9998,BFX,1,JordanManual,CCCAGG,0.9998,0.9998,0.9998,,1512068400,2017-12-26 23:21:23.208812,0,0.0
3625,0.9998,BFX,1,JordanManual,Bitfinex,0.9998,0.9998,0.9998,,1512068400,2017-12-26 23:21:24.889614,0,0.0
3626,0.9998,BFX,1,JordanManual,CCCAGG,0.9998,0.9998,0.9998,,1512072000,2017-12-26 23:21:23.208812,0,0.0
3627,0.9998,BFX,1,JordanManual,Bitfinex,0.9998,0.9998,0.9998,,1512072000,2017-12-26 23:21:24.889614,0,0.0
3628,0.9998,,1,JordanManual,CCCAGG,0.9998,0.9998,0.9998,BFX,1512075600,2017-12-28 01:14:48.478985,0,0.0
3629,0.9998,BFX,1,JordanManual,CCCAGG,0.9998,0.9998,0.9998,,1512075600,2017-12-26 23:21:23.208812,0,0.0
3630,0.9998,,1,JordanManual,Bitfinex,0.9998,0.9998,0.9998,BFX,1512075600,2017-12-28 01:09:55.862859,0,0.0
3631,0.9998,BFX,1,JordanManual,Bitfinex,0.9998,0.9998,0.9998,,1512075600,2017-12-26 23:21:24.889614,0,0.0
3632,0.9998,BFX,1,JordanManual,Bitfinex,0.9998,0.9998,0.9998,,1512079200,2017-12-26 23:21:24.889614,0,0.0
3633,0.9998,BFX,1,JordanManual,CCCAGG,0.9998,0.9998,0.9998,,1512079200,2017-12-26 23:21:23.208812,0,0.0
3634,0.9998,BFX,1,JordanManual,Bitfinex,0.9998,0.9998,0.9998,,1512082800,2017-12-26 23:21:24.889614,0,0.0
3635,0.9998,BFX,1,JordanManual,CCCAGG,0.9998,0.9998,0.9998,,1512082800,2017-12-26 23:21:23.208812,0,0.0
3636,0.9998,BFX,1,JordanManual,Bitfinex,0.9998,0.9998,0.9998,,1512086400,2017-12-26 23:21:24.889614,0,0.0
3637,0.9998,,1,JordanManual,Bitfinex,0.9998,0.9998,0.9998,BFX,1512086400,2017-12-28 01:09:55.862859,0,0.0
3638,0.9998,BFX,1,JordanManual,CCCAGG,0.9998,0.9998,0.9998,,1512086400,2017-12-26 23:21:23.208812,0,0.0
3639,0.9998,,1,JordanManual,CCCAGG,0.9998,0.9998,0.9998,BFX,1512086400,2017-12-28 01:14:48.478985,0,0.0
3640,0.9998,BFX,1,JordanManual,Bitfinex,0.9998,0.9998,0.9998,,1512090000,2017-12-26 23:21:24.889614,0,0.0
3641,0.9998,BFX,1,JordanManual,CCCAGG,0.9998,0.9998,0.9998,,1512090000,2017-12-26 23:21:23.208812,0,0.0
3642,0.9998,BFX,1,JordanManual,CCCAGG,0.9998,0.9998,0.9998,,1512093600,2017-12-26 23:21:23.208812,0,0.0
3643,0.9998,BFX,1,JordanManual,Bitfinex,0.9998,0.9998,0.9998,,1512093600,2017-12-26 23:21:24.889614,0,0.0
3644,0.9998,BFX,1,JordanManual,CCCAGG,0.9998,0.9998,0.9998,,1512097200,2017-12-26 23:21:23.208812,0,0.0
3645,0.9998,BFX,1,JordanManual,Bitfinex,0.9998,0.9998,0.9998,,1512097200,2017-12-26 23:21:24.889614,0,0.0
3646,0.9998,,1,JordanManual,CCCAGG,0.9998,0.9998,0.9998,BFX,1512097200,2017-12-28 01:14:48.478985,0,0.0
3647,0.9998,,1,JordanManual,Bitfinex,0.9998,0.9998,0.9998,BFX,1512097200,2017-12-28 01:09:55.862859,0,0.0
3648,0.9998,BFX,1,JordanManual,Bitfinex,0.9998,0.9998,0.9998,,1512100800,2017-12-26 23:21:24.889614,0,0.0
3649,0.9998,BFX,1,JordanManual,CCCAGG,0.9998,0.9998,0.9998,,1512100800,2017-12-26 23:21:23.208812,0,0.0
3650,0.9998,BFX,1,JordanManual,Bitfinex,0.9998,0.9998,0.9998,,1512104400,2017-12-26 23:21:24.889614,0,0.0
3651,0.9998,BFX,1,JordanManual,CCCAGG,0.9998,0.9998,0.9998,,1512104400,2017-12-26 23:21:23.208812,0,0.0
3652,0.9998,,1,JordanManual,Bitfinex,0.9998,0.9998,0.9998,BFX,1512108000,2017-12-28 01:09:55.862859,0,0.0
3653,0.9998,BFX,1,JordanManual,CCCAGG,0.9998,0.9998,0.9998,,1512108000,2017-12-26 23:21:23.208812,0,0.0
3654,0.9998,,1,JordanManual,CCCAGG,0.9998,0.9998,0.9998,BFX,1512108000,2017-12-28 01:14:48.478985,0,0.0
3655,0.9998,BFX,1,JordanManual,Bitfinex,0.9998,0.9998,0.9998,,1512108000,2017-12-26 23:21:24.889614,0,0.0
3656,0.9998,BFX,1,JordanManual,Bitfinex,0.9998,0.9998,0.9998,,1512111600,2017-12-26 23:21:24.889614,0,0.0
3657,0.9998,BFX,1,JordanManual,CCCAGG,0.9998,0.9998,0.9998,,1512111600,2017-12-26 23:21:23.208812,0,0.0
3658,0.9998,BFX,1,JordanManual,Bitfinex,0.9998,0.9998,0.9998,,1512115200,2017-12-26 23:21:24.889614,0,0.0
3659,0.9998,BFX,1,JordanManual,CCCAGG,0.9998,0.9998,0.9998,,1512115200,2017-12-26 23:21:23.208812,0,0.0
3660,0.9998,,1,JordanManual,Bitfinex,0.9998,0.9998,0.9998,BFX,1512118800,2017-12-28 01:09:55.862859,0,0.0
3661,0.9998,BFX,1,JordanManual,CCCAGG,0.9998,0.9998,0.9998,,1512118800,2017-12-26 23:21:23.208812,0,0.0
3662,0.9998,,1,JordanManual,CCCAGG,0.9998,0.9998,0.9998,BFX,1512118800,2017-12-28 01:14:48.478985,0,0.0
3663,0.9998,BFX,1,JordanManual,Bitfinex,0.9998,0.9998,0.9998,,1512118800,2017-12-26 23:21:24.889614,0,0.0
3664,0.9998,BFX,1,JordanManual,CCCAGG,0.9998,0.9998,0.9998,,1512122400,2017-12-26 23:21:23.208812,0,0.0
3665,0.9998,BFX,1,JordanManual,Bitfinex,0.9998,0.9998,0.9998,,1512122400,2017-12-26 23:21:24.889614,0,0.0
3666,0.9998,BFX,1,JordanManual,Bitfinex,0.9998,0.9998,0.9998,,1512126000,2017-12-26 23:21:24.889614,0,0.0
3667,0.9998,BFX,1,JordanManual,CCCAGG,0.9998,0.9998,0.9998,,1512126000,2017-12-26 23:21:23.208812,0,0.0
3668,0.9998,,1,JordanManual,CCCAGG,0.9998,0.9998,0.9998,BFX,1512129600,2017-12-28 01:14:48.478985,0,0.0
3669,0.9998,BFX,1,JordanManual,CCCAGG,0.9998,0.9998,0.9998,,1512129600,2017-12-26 23:21:23.208812,0,0.0
3670,0.9998,,1,JordanManual,Bitfinex,0.9998,0.9998,0.9998,BFX,1512129600,2017-12-28 01:09:55.862859,0,0.0
3671,0.9998,BFX,1,JordanManual,Bitfinex,0.9998,0.9998,0.9998,,1512129600,2017-12-26 23:21:24.889614,0,0.0
3672,0.9998,BFX,1,JordanManual,Bitfinex,0.9998,0.9998,0.9998,,1512133200,2017-12-26 23:21:24.889614,0,0.0
3673,0.9998,BFX,1,JordanManual,CCCAGG,0.9998,0.9998,0.9998,,1512133200,2017-12-26 23:21:23.208812,0,0.0
3674,0.9998,BFX,1,JordanManual,Bitfinex,0.9998,0.9998,0.9998,,1512136800,2017-12-26 23:21:24.889614,0,0.0
3675,0.9998,BFX,1,JordanManual,CCCAGG,0.9998,0.9998,0.9998,,1512136800,2017-12-26 23:21:23.208812,0,0.0
3676,0.9998,BFX,1,JordanManual,CCCAGG,0.9998,0.9998,0.9998,,1512140400,2017-12-26 23:21:23.208812,0,0.0
3677,0.9998,BFX,1,JordanManual,Bitfinex,0.9998,0.9998,0.9998,,1512140400,2017-12-26 23:21:24.889614,0,0.0
3678,0.9998,,1,JordanManual,CCCAGG,0.9998,0.9998,0.9998,BFX,1512140400,2017-12-28 01:14:48.478985,0,0.0
3679,0.9998,,1,JordanManual,Bitfinex,0.9998,0.9998,0.9998,BFX,1512140400,2017-12-28 01:09:55.862859,0,0.0
3680,0.9998,BFX,1,JordanManual,Bitfinex,0.9998,0.9998,0.9998,,1512144000,2017-12-26 23:21:24.889614,0,0.0
3681,0.9998,BFX,1,JordanManual,CCCAGG,0.9998,0.9998,0.9998,,1512144000,2017-12-26 23:21:23.208812,0,0.0
3682,0.9998,BFX,1,JordanManual,Bitfinex,0.9998,0.9998,0.9998,,1512147600,2017-12-26 23:21:24.889614,0,0.0
3683,0.9998,BFX,1,JordanManual,CCCAGG,0.9998,0.9998,0.9998,,1512147600,2017-12-26 23:21:23.208812,0,0.0
3684,0.9998,,1,JordanManual,CCCAGG,0.9998,0.9998,0.9998,BFX,1512151200,2017-12-28 01:14:48.478985,0,0.0
3685,0.9998,BFX,1,JordanManual,Bitfinex,0.9998,0.9998,0.9998,,1512151200,2017-12-26 23:21:24.889614,0,0.0
3686,0.9998,,1,JordanManual,Bitfinex,0.9998,0.9998,0.9998,BFX,1512151200,2017-12-28 01:09:55.862859,0,0.0
3687,0.9998,BFX,1,JordanManual,CCCAGG,0.9998,0.9998,0.9998,,1512151200,2017-12-26 23:21:23.208812,0,0.0
3688,0.9998,BFX,1,JordanManual,CCCAGG,0.9998,0.9998,0.9998,,1512154800,2017-12-26 23:21:23.208812,0,0.0
3689,0.9998,BFX,1,JordanManual,Bitfinex,0.9998,0.9998,0.9998,,1512154800,2017-12-26 23:21:24.889614,0,0.0
3690,0.9998,BFX,1,JordanManual,CCCAGG,0.9998,0.9998,0.9998,,1512158400,2017-12-26 23:21:23.208812,0,0.0
3691,0.9998,BFX,1,JordanManual,Bitfinex,0.9998,0.9998,0.9998,,1512158400,2017-12-26 23:21:24.889614,0,0.0
3692,0.9998,,1,JordanManual,CCCAGG,0.9998,0.9998,0.9998,BFX,1512162000,2017-12-28 01:14:48.478985,0,0.0
3693,0.9998,BFX,1,JordanManual,CCCAGG,0.9998,0.9998,0.9998,,1512162000,2017-12-26 23:21:23.208812,0,0.0
3694,0.9998,BFX,1,JordanManual,Bitfinex,0.9998,0.9998,0.9998,,1512162000,2017-12-26 23:21:24.889614,0,0.0
3695,0.9998,,1,JordanManual,Bitfinex,0.9998,0.9998,0.9998,BFX,1512162000,2017-12-28 01:09:55.862859,0,0.0
3696,0.9998,BFX,1,JordanManual,Bitfinex,0.9998,0.9998,0.9998,,1512165600,2017-12-26 23:21:24.889614,0,0.0
3697,0.9998,BFX,1,JordanManual,CCCAGG,0.9998,0.9998,0.9998,,1512165600,2017-12-26 23:21:23.208812,0,0.0
3698,0.9998,BFX,1,JordanManual,Bitfinex,0.9998,0.9998,0.9998,,1512169200,2017-12-26 23:21:24.889614,0,0.0
3699,0.9998,BFX,1,JordanManual,CCCAGG,0.9998,0.9998,0.9998,,1512169200,2017-12-26 23:21:23.208812,0,0.0
3700,0.9998,,1,JordanManual,CCCAGG,0.9998,0.9998,0.9998,BFX,1512172800,2017-12-28 01:14:48.478985,0,0.0
3701,0.9998,,1,JordanManual,Bitfinex,0.9998,0.9998,0.9998,BFX,1512172800,2017-12-28 01:09:55.862859,0,0.0
3702,0.9998,BFX,1,JordanManual,CCCAGG,0.9998,0.9998,0.9998,,1512172800,2017-12-26 23:21:23.208812,0,0.0
3703,0.9998,BFX,1,JordanManual,Bitfinex,0.9998,0.9998,0.9998,,1512172800,2017-12-26 23:21:24.889614,0,0.0
3704,0.9998,BFX,1,JordanManual,Bitfinex,0.9998,0.9998,0.9998,,1512176400,2017-12-26 23:21:24.889614,0,0.0
3705,0.9998,BFX,1,JordanManual,CCCAGG,0.9998,0.9998,0.9998,,1512176400,2017-12-26 23:21:23.208812,0,0.0
3706,0.9998,BFX,1,JordanManual,CCCAGG,0.9998,0.9998,0.9998,,1512180000,2017-12-26 23:21:23.208812,0,0.0
3707,0.9998,BFX,1,JordanManual,Bitfinex,0.9998,0.9998,0.9998,,1512180000,2017-12-26 23:21:24.889614,0,0.0
3708,0.9998,BFX,1,JordanManual,Bitfinex,0.9998,0.9998,0.9998,,1512183600,2017-12-26 23:21:24.889614,0,0.0
3709,0.9998,BFX,1,JordanManual,CCCAGG,0.9998,0.9998,0.9998,,1512183600,2017-12-26 23:21:23.208812,0,0.0
3710,0.9998,,1,JordanManual,CCCAGG,0.9998,0.9998,0.9998,BFX,1512183600,2017-12-28 01:14:48.478985,0,0.0
3711,0.9998,,1,JordanManual,Bitfinex,0.9998,0.9998,0.9998,BFX,1512183600,2017-12-28 01:09:55.862859,0,0.0
3712,0.9998,BFX,1,JordanManual,CCCAGG,0.9998,0.9998,0.9998,,1512187200,2017-12-26 23:21:23.208812,0,0.0
3713,0.9998,BFX,1,JordanManual,Bitfinex,0.9998,0.9998,0.9998,,1512187200,2017-12-26 23:21:24.889614,0,0.0
3714,0.9998,BFX,1,JordanManual,CCCAGG,0.9998,0.9998,0.9998,,1512190800,2017-12-26 23:21:23.208812,0,0.0
3715,0.9998,BFX,1,JordanManual,Bitfinex,0.9998,0.9998,0.9998,,1512190800,2017-12-26 23:21:24.889614,0,0.0
3716,0.9998,BFX,1,JordanManual,CCCAGG,0.9998,0.9998,0.9998,,1512194400,2017-12-26 23:21:23.208812,0,0.0
3717,0.9998,BFX,1,JordanManual,Bitfinex,0.9998,0.9998,0.9998,,1512194400,2017-12-26 23:21:24.889614,0,0.0
3718,0.9998,,1,JordanManual,Bitfinex,0.9998,0.9998,0.9998,BFX,1512194400,2017-12-28 01:09:55.862859,0,0.0
3719,0.9998,,1,JordanManual,CCCAGG,0.9998,0.9998,0.9998,BFX,1512194400,2017-12-28 01:14:48.478985,0,0.0
3720,0.9998,BFX,1,JordanManual,CCCAGG,0.9998,0.9998,0.9998,,1512198000,2017-12-26 23:21:23.208812,0,0.0
3721,0.9998,BFX,1,JordanManual,Bitfinex,0.9998,0.9998,0.9998,,1512198000,2017-12-26 23:21:24.889614,0,0.0
3722,0.9998,BFX,1,JordanManual,CCCAGG,0.9998,0.9998,0.9998,,1512201600,2017-12-26 23:21:23.208812,0,0.0
3723,0.9998,BFX,1,JordanManual,Bitfinex,0.9998,0.9998,0.9998,,1512201600,2017-12-26 23:21:24.889614,0,0.0
3724,0.9998,BFX,1,JordanManual,CCCAGG,0.9998,0.9998,0.9998,,1512205200,2017-12-26 23:21:23.208812,0,0.0
3725,0.9998,,1,JordanManual,CCCAGG,0.9998,0.9998,0.9998,BFX,1512205200,2017-12-28 01:14:48.478985,0,0.0
3726,0.9998,BFX,1,JordanManual,Bitfinex,0.9998,0.9998,0.9998,,1512205200,2017-12-26 23:21:24.889614,0,0.0
3727,0.9998,,1,JordanManual,Bitfinex,0.9998,0.9998,0.9998,BFX,1512205200,2017-12-28 01:09:55.862859,0,0.0
3728,0.9998,BFX,1,JordanManual,CCCAGG,0.9998,0.9998,0.9998,,1512208800,2017-12-26 23:21:23.208812,0,0.0
3729,0.9998,BFX,1,JordanManual,Bitfinex,0.9998,0.9998,0.9998,,1512208800,2017-12-26 23:21:24.889614,0,0.0
3730,0.9998,BFX,1,JordanManual,CCCAGG,0.9998,0.9998,0.9998,,1512212400,2017-12-26 23:21:23.208812,0,0.0
3731,0.9998,BFX,1,JordanManual,Bitfinex,0.9998,0.9998,0.9998,,1512212400,2017-12-26 23:21:24.889614,0,0.0
3732,0.9998,,1,JordanManual,CCCAGG,0.9998,0.9998,0.9998,BFX,1512216000,2017-12-28 01:14:48.478985,0,0.0
3733,0.9998,BFX,1,JordanManual,Bitfinex,0.9998,0.9998,0.9998,,1512216000,2017-12-26 23:21:24.889614,0,0.0
3734,0.9998,BFX,1,JordanManual,CCCAGG,0.9998,0.9998,0.9998,,1512216000,2017-12-26 23:21:23.208812,0,0.0
3735,0.9998,,1,JordanManual,Bitfinex,0.9998,0.9998,0.9998,BFX,1512216000,2017-12-28 01:09:55.862859,0,0.0
3736,0.9998,BFX,1,JordanManual,Bitfinex,0.9998,0.9998,0.9998,,1512219600,2017-12-26 23:21:24.889614,0,0.0
3737,0.9998,BFX,1,JordanManual,CCCAGG,0.9998,0.9998,0.9998,,1512219600,2017-12-26 23:21:23.208812,0,0.0
3738,0.9998,BFX,1,JordanManual,Bitfinex,0.9998,0.9998,0.9998,,1512223200,2017-12-26 23:21:24.889614,0,0.0
3739,0.9998,BFX,1,JordanManual,CCCAGG,0.9998,0.9998,0.9998,,1512223200,2017-12-26 23:21:23.208812,0,0.0
3740,0.9998,BFX,1,JordanManual,CCCAGG,0.9998,0.9998,0.9998,,1512226800,2017-12-26 23:21:23.208812,0,0.0
3741,0.9998,,1,JordanManual,CCCAGG,0.9998,0.9998,0.9998,BFX,1512226800,2017-12-28 01:14:48.478985,0,0.0
3742,0.9998,,1,JordanManual,Bitfinex,0.9998,0.9998,0.9998,BFX,1512226800,2017-12-28 01:09:55.862859,0,0.0
3743,0.9998,BFX,1,JordanManual,Bitfinex,0.9998,0.9998,0.9998,,1512226800,2017-12-26 23:21:24.889614,0,0.0
3744,0.9998,BFX,1,JordanManual,CCCAGG,0.9998,0.9998,0.9998,,1512230400,2017-12-26 23:21:23.208812,0,0.0
3745,0.9998,BFX,1,JordanManual,Bitfinex,0.9998,0.9998,0.9998,,1512230400,2017-12-26 23:21:24.889614,0,0.0
3746,0.9998,BFX,1,JordanManual,CCCAGG,0.9998,0.9998,0.9998,,1512234000,2017-12-26 23:21:23.208812,0,0.0
3747,0.9998,BFX,1,JordanManual,Bitfinex,0.9998,0.9998,0.9998,,1512234000,2017-12-26 23:21:24.889614,0,0.0
3748,0.9998,,1,JordanManual,Bitfinex,0.9998,0.9998,0.9998,BFX,1512237600,2017-12-28 01:09:55.862859,0,0.0
3749,0.9998,,1,JordanManual,CCCAGG,0.9998,0.9998,0.9998,BFX,1512237600,2017-12-28 01:14:48.478985,0,0.0
3750,0.9998,BFX,1,JordanManual,CCCAGG,0.9998,0.9998,0.9998,,1512237600,2017-12-26 23:21:23.208812,0,0.0
3751,0.9998,BFX,1,JordanManual,Bitfinex,0.9998,0.9998,0.9998,,1512237600,2017-12-26 23:21:24.889614,0,0.0
3752,0.9998,BFX,1,JordanManual,Bitfinex,0.9998,0.9998,0.9998,,1512241200,2017-12-26 23:21:24.889614,0,0.0
3753,0.9998,BFX,1,JordanManual,CCCAGG,0.9998,0.9998,0.9998,,1512241200,2017-12-26 23:21:23.208812,0,0.0
3754,0.9998,BFX,1,JordanManual,Bitfinex,0.9998,0.9998,0.9998,,1512244800,2017-12-26 23:21:24.889614,0,0.0
3755,0.9998,BFX,1,JordanManual,CCCAGG,0.9998,0.9998,0.9998,,1512244800,2017-12-26 23:21:23.208812,0,0.0
3756,0.9998,BFX,1,JordanManual,Bitfinex,0.9998,0.9998,0.9998,,1512248400,2017-12-26 23:21:24.889614,0,0.0
3757,0.9998,,1,JordanManual,Bitfinex,0.9998,0.9998,0.9998,BFX,1512248400,2017-12-28 01:09:55.862859,0,0.0
3758,0.9998,BFX,1,JordanManual,CCCAGG,0.9998,0.9998,0.9998,,1512248400,2017-12-26 23:21:23.208812,0,0.0
3759,0.9998,,1,JordanManual,CCCAGG,0.9998,0.9998,0.9998,BFX,1512248400,2017-12-28 01:14:48.478985,0,0.0
3760,0.9998,BFX,1,JordanManual,Bitfinex,0.9998,0.9998,0.9998,,1512252000,2017-12-26 23:21:24.889614,0,0.0
3761,0.9998,BFX,1,JordanManual,CCCAGG,0.9998,0.9998,0.9998,,1512252000,2017-12-26 23:21:23.208812,0,0.0
3762,0.9998,BFX,1,JordanManual,Bitfinex,0.9998,0.9998,0.9998,,1512255600,2017-12-26 23:21:24.889614,0,0.0
3763,0.9998,BFX,1,JordanManual,CCCAGG,0.9998,0.9998,0.9998,,1512255600,2017-12-26 23:21:23.208812,0,0.0
3764,0.9998,,1,JordanManual,CCCAGG,0.9998,0.9998,0.9998,BFX,1512259200,2017-12-28 01:14:48.478985,0,0.0
3765,0.9998,BFX,1,JordanManual,Bitfinex,0.9998,0.9998,0.9998,,1512259200,2017-12-26 23:21:24.889614,0,0.0
3766,0.9998,,1,JordanManual,Bitfinex,0.9998,0.9998,0.9998,BFX,1512259200,2017-12-28 01:09:55.862859,0,0.0
3767,0.9998,BFX,1,JordanManual,CCCAGG,0.9998,0.9998,0.9998,,1512259200,2017-12-26 23:21:23.208812,0,0.0
3768,0.9998,BFX,1,JordanManual,Bitfinex,0.9998,0.9998,0.9998,,1512262800,2017-12-26 23:21:24.889614,0,0.0
3769,0.9998,BFX,1,JordanManual,CCCAGG,0.9998,0.9998,0.9998,,1512262800,2017-12-26 23:21:23.208812,0,0.0
3770,0.9998,BFX,1,JordanManual,CCCAGG,0.9998,0.9998,0.9998,,1512266400,2017-12-26 23:21:23.208812,0,0.0
3771,0.9998,BFX,1,JordanManual,Bitfinex,0.9998,0.9998,0.9998,,1512266400,2017-12-26 23:21:24.889614,0,0.0
3772,0.9998,,1,JordanManual,Bitfinex,0.9998,0.9998,0.9998,BFX,1512270000,2017-12-28 01:09:55.862859,0,0.0
3773,0.9998,,1,JordanManual,CCCAGG,0.9998,0.9998,0.9998,BFX,1512270000,2017-12-28 01:14:48.478985,0,0.0
3774,0.9998,BFX,1,JordanManual,Bitfinex,0.9998,0.9998,0.9998,,1512270000,2017-12-26 23:21:24.889614,0,0.0
3775,0.9998,BFX,1,JordanManual,CCCAGG,0.9998,0.9998,0.9998,,1512270000,2017-12-26 23:21:23.208812,0,0.0
3776,0.9998,BFX,1,JordanManual,CCCAGG,0.9998,0.9998,0.9998,,1512273600,2017-12-26 23:21:23.208812,0,0.0
3777,0.9998,BFX,1,JordanManual,Bitfinex,0.9998,0.9998,0.9998,,1512273600,2017-12-26 23:21:24.889614,0,0.0
3778,0.9998,BFX,1,JordanManual,Bitfinex,0.9998,0.9998,0.9998,,1512277200,2017-12-26 23:21:24.889614,0,0.0
3779,0.9998,BFX,1,JordanManual,CCCAGG,0.9998,0.9998,0.9998,,1512277200,2017-12-26 23:21:23.208812,0,0.0
3780,0.9998,,1,JordanManual,Bitfinex,0.9998,0.9998,0.9998,BFX,1512280800,2017-12-28 01:09:55.862859,0,0.0
3781,0.9998,BFX,1,JordanManual,Bitfinex,0.9998,0.9998,0.9998,,1512280800,2017-12-26 23:21:24.889614,0,0.0
3782,0.9998,,1,JordanManual,CCCAGG,0.9998,0.9998,0.9998,BFX,1512280800,2017-12-28 01:14:48.478985,0,0.0
3783,0.9998,BFX,1,JordanManual,CCCAGG,0.9998,0.9998,0.9998,,1512280800,2017-12-26 23:21:23.208812,0,0.0
3784,0.9998,BFX,1,JordanManual,CCCAGG,0.9998,0.9998,0.9998,,1512284400,2017-12-26 23:21:23.208812,0,0.0
3785,0.9998,BFX,1,JordanManual,Bitfinex,0.9998,0.9998,0.9998,,1512284400,2017-12-26 23:21:24.889614,0,0.0
3786,0.9998,BFX,1,JordanManual,Bitfinex,0.9998,0.9998,0.9998,,1512288000,2017-12-26 23:21:24.889614,0,0.0
3787,0.9998,BFX,1,JordanManual,CCCAGG,0.9998,0.9998,0.9998,,1512288000,2017-12-26 23:21:23.208812,0,0.0
3788,0.9998,,1,JordanManual,CCCAGG,0.9998,0.9998,0.9998,BFX,1512291600,2017-12-28 01:14:48.478985,0,0.0
3789,0.9998,,1,JordanManual,Bitfinex,0.9998,0.9998,0.9998,BFX,1512291600,2017-12-28 01:09:55.862859,0,0.0
3790,0.9998,BFX,1,JordanManual,CCCAGG,0.9998,0.9998,0.9998,,1512291600,2017-12-26 23:21:23.208812,0,0.0
3791,0.9998,BFX,1,JordanManual,Bitfinex,0.9998,0.9998,0.9998,,1512291600,2017-12-26 23:21:24.889614,0,0.0
3792,0.9998,BFX,1,JordanManual,CCCAGG,0.9998,0.9998,0.9998,,1512295200,2017-12-26 23:21:23.208812,0,0.0
3793,0.9998,BFX,1,JordanManual,Bitfinex,0.9998,0.9998,0.9998,,1512295200,2017-12-26 23:21:24.889614,0,0.0
3794,0.9998,BFX,1,JordanManual,Bitfinex,0.9998,0.9998,0.9998,,1512298800,2017-12-26 23:21:24.889614,0,0.0
3795,0.9998,BFX,1,JordanManual,CCCAGG,0.9998,0.9998,0.9998,,1512298800,2017-12-26 23:21:23.208812,0,0.0
3796,0.9998,BFX,1,JordanManual,Bitfinex,0.9998,0.9998,0.9998,,1512302400,2017-12-26 23:21:24.889614,0,0.0
3797,0.9998,,1,JordanManual,Bitfinex,0.9998,0.9998,0.9998,BFX,1512302400,2017-12-28 01:09:55.862859,0,0.0
3798,0.9998,,1,JordanManual,CCCAGG,0.9998,0.9998,0.9998,BFX,1512302400,2017-12-28 01:14:48.478985,0,0.0
3799,0.9998,BFX,1,JordanManual,CCCAGG,0.9998,0.9998,0.9998,,1512302400,2017-12-26 23:21:23.208812,0,0.0
3800,0.9998,BFX,1,JordanManual,Bitfinex,0.9998,0.9998,0.9998,,1512306000,2017-12-26 23:21:24.889614,0,0.0
3801,0.9998,BFX,1,JordanManual,CCCAGG,0.9998,0.9998,0.9998,,1512306000,2017-12-26 23:21:23.208812,0,0.0
3802,0.9998,BFX,1,JordanManual,Bitfinex,0.9998,0.9998,0.9998,,1512309600,2017-12-26 23:21:24.889614,0,0.0
3803,0.9998,BFX,1,JordanManual,CCCAGG,0.9998,0.9998,0.9998,,1512309600,2017-12-26 23:21:23.208812,0,0.0
3804,0.9998,,1,JordanManual,Bitfinex,0.9998,0.9998,0.9998,BFX,1512313200,2017-12-28 01:09:55.862859,0,0.0
3805,0.9998,BFX,1,JordanManual,Bitfinex,0.9998,0.9998,0.9998,,1512313200,2017-12-26 23:21:24.889614,0,0.0
3806,0.9998,,1,JordanManual,CCCAGG,0.9998,0.9998,0.9998,BFX,1512313200,2017-12-28 01:14:48.478985,0,0.0
3807,0.9998,BFX,1,JordanManual,CCCAGG,0.9998,0.9998,0.9998,,1512313200,2017-12-26 23:21:23.208812,0,0.0
3808,0.9998,BFX,1,JordanManual,CCCAGG,0.9998,0.9998,0.9998,,1512316800,2017-12-26 23:21:23.208812,0,0.0
3809,0.9998,BFX,1,JordanManual,Bitfinex,0.9998,0.9998,0.9998,,1512316800,2017-12-26 23:21:24.889614,0,0.0
3810,0.9998,BFX,1,JordanManual,CCCAGG,0.9998,0.9998,0.9998,,1512320400,2017-12-26 23:21:23.208812,0,0.0
3811,0.9998,BFX,1,JordanManual,Bitfinex,0.9998,0.9998,0.9998,,1512320400,2017-12-26 23:21:24.889614,0,0.0
3812,0.9998,BFX,1,JordanManual,CCCAGG,0.9998,0.9998,0.9998,,1512324000,2017-12-26 23:21:23.208812,0,0.0
3813,0.9998,BFX,1,JordanManual,Bitfinex,0.9998,0.9998,0.9998,,1512324000,2017-12-26 23:21:24.889614,0,0.0
3814,0.9998,,1,JordanManual,CCCAGG,0.9998,0.9998,0.9998,BFX,1512324000,2017-12-28 01:14:48.478985,0,0.0
3815,0.9998,,1,JordanManual,Bitfinex,0.9998,0.9998,0.9998,BFX,1512324000,2017-12-28 01:09:55.862859,0,0.0
3816,0.9998,BFX,1,JordanManual,CCCAGG,0.9998,0.9998,0.9998,,1512327600,2017-12-26 23:21:23.208812,0,0.0
3817,0.9998,BFX,1,JordanManual,Bitfinex,0.9998,0.9998,0.9998,,1512327600,2017-12-26 23:21:24.889614,0,0.0
3818,0.9998,BFX,1,JordanManual,CCCAGG,0.9998,0.9998,0.9998,,1512331200,2017-12-26 23:21:23.208812,0,0.0
3819,0.9998,BFX,1,JordanManual,Bitfinex,0.9998,0.9998,0.9998,,1512331200,2017-12-26 23:21:24.889614,0,0.0
3820,0.9998,,1,JordanManual,CCCAGG,0.9998,0.9998,0.9998,BFX,1512334800,2017-12-28 01:14:48.478985,0,0.0
3821,0.9998,BFX,1,JordanManual,CCCAGG,0.9998,0.9998,0.9998,,1512334800,2017-12-26 23:21:23.208812,0,0.0
3822,0.9998,BFX,1,JordanManual,Bitfinex,0.9998,0.9998,0.9998,,1512334800,2017-12-26 23:21:24.889614,0,0.0
3823,0.9998,,1,JordanManual,Bitfinex,0.9998,0.9998,0.9998,BFX,1512334800,2017-12-28 01:09:55.862859,0,0.0
3824,0.9998,BFX,1,JordanManual,Bitfinex,0.9998,0.9998,0.9998,,1512338400,2017-12-26 23:21:24.889614,0,0.0
3825,0.9998,BFX,1,JordanManual,CCCAGG,0.9998,0.9998,0.9998,,1512338400,2017-12-26 23:21:23.208812,0,0.0
3826,0.9998,BFX,1,JordanManual,Bitfinex,0.9998,0.9998,0.9998,,1512342000,2017-12-26 23:21:24.889614,0,0.0
3827,0.9998,BFX,1,JordanManual,CCCAGG,0.9998,0.9998,0.9998,,1512342000,2017-12-26 23:21:23.208812,0,0.0
3828,0.9998,BFX,1,JordanManual,CCCAGG,0.9998,0.9998,0.9998,,1512345600,2017-12-26 23:21:23.208812,0,0.0
3829,0.9998,BFX,1,JordanManual,Bitfinex,0.9998,0.9998,0.9998,,1512345600,2017-12-26 23:21:24.889614,0,0.0
3830,0.9998,,1,JordanManual,CCCAGG,0.9998,0.9998,0.9998,BFX,1512345600,2017-12-28 01:14:48.478985,0,0.0
3831,0.9998,,1,JordanManual,Bitfinex,0.9998,0.9998,0.9998,BFX,1512345600,2017-12-28 01:09:55.862859,0,0.0
3832,0.9998,BFX,1,JordanManual,CCCAGG,0.9998,0.9998,0.9998,,1512349200,2017-12-26 23:21:23.208812,0,0.0
3833,0.9998,BFX,1,JordanManual,Bitfinex,0.9998,0.9998,0.9998,,1512349200,2017-12-26 23:21:24.889614,0,0.0
3834,0.9998,BFX,1,JordanManual,Bitfinex,0.9998,0.9998,0.9998,,1512352800,2017-12-26 23:21:24.889614,0,0.0
3835,0.9998,BFX,1,JordanManual,CCCAGG,0.9998,0.9998,0.9998,,1512352800,2017-12-26 23:21:23.208812,0,0.0
3836,0.9998,,1,JordanManual,CCCAGG,0.9998,0.9998,0.9998,BFX,1512356400,2017-12-28 01:14:48.478985,0,0.0
3837,0.9998,,1,JordanManual,Bitfinex,0.9998,0.9998,0.9998,BFX,1512356400,2017-12-28 01:09:55.862859,0,0.0
3838,0.9998,BFX,1,JordanManual,CCCAGG,0.9998,0.9998,0.9998,,1512356400,2017-12-26 23:21:23.208812,0,0.0
3839,0.9998,BFX,1,JordanManual,Bitfinex,0.9998,0.9998,0.9998,,1512356400,2017-12-26 23:21:24.889614,0,0.0
3840,0.9998,BFX,1,JordanManual,CCCAGG,0.9998,0.9998,0.9998,,1512360000,2017-12-26 23:21:23.208812,0,0.0
3841,0.9998,BFX,1,JordanManual,Bitfinex,0.9998,0.9998,0.9998,,1512360000,2017-12-26 23:21:24.889614,0,0.0
3842,0.9998,BFX,1,JordanManual,Bitfinex,0.9998,0.9998,0.9998,,1512363600,2017-12-26 23:21:24.889614,0,0.0
3843,0.9998,BFX,1,JordanManual,CCCAGG,0.9998,0.9998,0.9998,,1512363600,2017-12-26 23:21:23.208812,0,0.0
3844,0.9998,,1,JordanManual,Bitfinex,0.9998,0.9998,0.9998,BFX,1512367200,2017-12-28 01:09:55.862859,0,0.0
3845,0.9998,BFX,1,JordanManual,CCCAGG,0.9998,0.9998,0.9998,,1512367200,2017-12-26 23:21:23.208812,0,0.0
3846,0.9998,,1,JordanManual,CCCAGG,0.9998,0.9998,0.9998,BFX,1512367200,2017-12-28 01:14:48.478985,0,0.0
3847,0.9998,BFX,1,JordanManual,Bitfinex,0.9998,0.9998,0.9998,,1512367200,2017-12-26 23:21:24.889614,0,0.0
3848,0.9998,BFX,1,JordanManual,CCCAGG,0.9998,0.9998,0.9998,,1512370800,2017-12-26 23:21:23.208812,0,0.0
3849,0.9998,BFX,1,JordanManual,Bitfinex,0.9998,0.9998,0.9998,,1512370800,2017-12-26 23:21:24.889614,0,0.0
3850,0.9998,BFX,1,JordanManual,Bitfinex,0.9998,0.9998,0.9998,,1512374400,2017-12-26 23:21:24.889614,0,0.0
3851,0.9998,BFX,1,JordanManual,CCCAGG,0.9998,0.9998,0.9998,,1512374400,2017-12-26 23:21:23.208812,0,0.0
3852,0.9998,,1,JordanManual,CCCAGG,0.9998,0.9998,0.9998,BFX,1512378000,2017-12-28 01:14:48.478985,0,0.0
3853,0.9998,BFX,1,JordanManual,Bitfinex,0.9998,0.9998,0.9998,,1512378000,2017-12-26 23:21:24.889614,0,0.0
3854,0.9998,,1,JordanManual,Bitfinex,0.9998,0.9998,0.9998,BFX,1512378000,2017-12-28 01:09:55.862859,0,0.0
3855,0.9998,BFX,1,JordanManual,CCCAGG,0.9998,0.9998,0.9998,,1512378000,2017-12-26 23:21:23.208812,0,0.0
3856,0.9998,BFX,1,JordanManual,CCCAGG,0.9998,0.9998,0.9998,,1512381600,2017-12-26 23:21:23.208812,0,0.0
3857,0.9998,BFX,1,JordanManual,Bitfinex,0.9998,0.9998,0.9998,,1512381600,2017-12-26 23:21:24.889614,0,0.0
3858,0.9998,BFX,1,JordanManual,CCCAGG,0.9998,0.9998,0.9998,,1512385200,2017-12-26 23:21:23.208812,0,0.0
3859,0.9998,BFX,1,JordanManual,Bitfinex,0.9998,0.9998,0.9998,,1512385200,2017-12-26 23:21:24.889614,0,0.0
3860,0.9998,,1,JordanManual,Bitfinex,0.9998,0.9998,0.9998,BFX,1512388800,2017-12-28 01:09:55.862859,0,0.0
3861,0.9998,BFX,1,JordanManual,CCCAGG,0.9998,0.9998,0.9998,,1512388800,2017-12-26 23:21:23.208812,0,0.0
3862,0.9998,BFX,1,JordanManual,Bitfinex,0.9998,0.9998,0.9998,,1512388800,2017-12-26 23:21:24.889614,0,0.0
3863,0.9998,,1,JordanManual,CCCAGG,0.9998,0.9998,0.9998,BFX,1512388800,2017-12-28 01:14:48.478985,0,0.0
3864,0.9998,BFX,1,JordanManual,Bitfinex,0.9998,0.9998,0.9998,,1512392400,2017-12-26 23:21:24.889614,0,0.0
3865,0.9998,BFX,1,JordanManual,CCCAGG,0.9998,0.9998,0.9998,,1512392400,2017-12-26 23:21:23.208812,0,0.0
3866,0.9998,BFX,1,JordanManual,CCCAGG,0.9998,0.9998,0.9998,,1512396000,2017-12-26 23:21:23.208812,0,0.0
3867,0.9998,BFX,1,JordanManual,Bitfinex,0.9998,0.9998,0.9998,,1512396000,2017-12-26 23:21:24.889614,0,0.0
3868,0.9998,BFX,1,JordanManual,Bitfinex,0.9998,0.9998,0.9998,,1512399600,2017-12-26 23:21:24.889614,0,0.0
3869,0.9998,,1,JordanManual,CCCAGG,0.9998,0.9998,0.9998,BFX,1512399600,2017-12-28 01:14:48.478985,0,0.0
3870,0.9998,,1,JordanManual,Bitfinex,0.9998,0.9998,0.9998,BFX,1512399600,2017-12-28 01:09:55.862859,0,0.0
3871,0.9998,BFX,1,JordanManual,CCCAGG,0.9998,0.9998,0.9998,,1512399600,2017-12-26 23:21:23.208812,0,0.0
3872,0.9998,BFX,1,JordanManual,Bitfinex,0.9998,0.9998,0.9998,,1512403200,2017-12-26 23:21:24.889614,0,0.0
3873,0.9998,BFX,1,JordanManual,CCCAGG,0.9998,0.9998,0.9998,,1512403200,2017-12-26 23:21:23.208812,0,0.0
3874,0.9998,BFX,1,JordanManual,Bitfinex,0.9998,0.9998,0.9998,,1512406800,2017-12-26 23:21:24.889614,0,0.0
3875,0.9998,BFX,1,JordanManual,CCCAGG,0.9998,0.9998,0.9998,,1512406800,2017-12-26 23:21:23.208812,0,0.0
3876,0.9998,,1,JordanManual,Bitfinex,0.9998,0.9998,0.9998,BFX,1512410400,2017-12-28 01:09:55.862859,0,0.0
3877,0.9998,BFX,1,JordanManual,CCCAGG,0.9998,0.9998,0.9998,,1512410400,2017-12-26 23:21:23.208812,0,0.0
3878,0.9998,,1,JordanManual,CCCAGG,0.9998,0.9998,0.9998,BFX,1512410400,2017-12-28 01:14:48.478985,0,0.0
3879,0.9998,BFX,1,JordanManual,Bitfinex,0.9998,0.9998,0.9998,,1512410400,2017-12-26 23:21:24.889614,0,0.0
3880,0.9998,BFX,1,JordanManual,CCCAGG,0.9998,0.9998,0.9998,,1512414000,2017-12-26 23:21:23.208812,0,0.0
3881,0.9998,BFX,1,JordanManual,Bitfinex,0.9998,0.9998,0.9998,,1512414000,2017-12-26 23:21:24.889614,0,0.0
3882,0.9998,BFX,1,JordanManual,Bitfinex,0.9998,0.9998,0.9998,,1512417600,2017-12-26 23:21:24.889614,0,0.0
3883,0.9998,BFX,1,JordanManual,CCCAGG,0.9998,0.9998,0.9998,,1512417600,2017-12-26 23:21:23.208812,0,0.0
3884,0.9998,,1,JordanManual,CCCAGG,0.9998,0.9998,0.9998,BFX,1512421200,2017-12-28 01:14:48.478985,0,0.0
3885,0.9998,BFX,1,JordanManual,CCCAGG,0.9998,0.9998,0.9998,,1512421200,2017-12-26 23:21:23.208812,0,0.0
3886,0.9998,,1,JordanManual,Bitfinex,0.9998,0.9998,0.9998,BFX,1512421200,2017-12-28 01:09:55.862859,0,0.0
3887,0.9998,BFX,1,JordanManual,Bitfinex,0.9998,0.9998,0.9998,,1512421200,2017-12-26 23:21:24.889614,0,0.0
3888,0.9998,BFX,1,JordanManual,CCCAGG,0.9998,0.9998,0.9998,,1512424800,2017-12-26 23:21:23.208812,0,0.0
3889,0.9998,BFX,1,JordanManual,Bitfinex,0.9998,0.9998,0.9998,,1512424800,2017-12-26 23:21:24.889614,0,0.0
3890,0.9998,BFX,1,JordanManual,Bitfinex,0.9998,0.9998,0.9998,,1512428400,2017-12-26 23:21:24.889614,0,0.0
3891,0.9998,BFX,1,JordanManual,CCCAGG,0.9998,0.9998,0.9998,,1512428400,2017-12-26 23:21:23.208812,0,0.0
3892,0.9998,BFX,1,JordanManual,CCCAGG,0.9998,0.9998,0.9998,,1512432000,2017-12-26 23:21:23.208812,0,0.0
3893,0.9998,,1,JordanManual,Bitfinex,0.9998,0.9998,0.9998,BFX,1512432000,2017-12-28 01:09:55.862859,0,0.0
3894,0.9998,BFX,1,JordanManual,Bitfinex,0.9998,0.9998,0.9998,,1512432000,2017-12-26 23:21:24.889614,0,0.0
3895,0.9998,,1,JordanManual,CCCAGG,0.9998,0.9998,0.9998,BFX,1512432000,2017-12-28 01:14:48.478985,0,0.0
3896,0.9998,BFX,1,JordanManual,Bitfinex,0.9998,0.9998,0.9998,,1512435600,2017-12-26 23:21:24.889614,0,0.0
3897,0.9998,BFX,1,JordanManual,CCCAGG,0.9998,0.9998,0.9998,,1512435600,2017-12-26 23:21:23.208812,0,0.0
3898,0.9998,BFX,1,JordanManual,CCCAGG,0.9998,0.9998,0.9998,,1512439200,2017-12-26 23:21:23.208812,0,0.0
3899,0.9998,BFX,1,JordanManual,Bitfinex,0.9998,0.9998,0.9998,,1512439200,2017-12-26 23:21:24.889614,0,0.0
3900,0.9998,,1,JordanManual,Bitfinex,0.9998,0.9998,0.9998,BFX,1512442800,2017-12-28 01:09:55.862859,0,0.0
3901,0.9998,BFX,1,JordanManual,CCCAGG,0.9998,0.9998,0.9998,,1512442800,2017-12-26 23:21:23.208812,0,0.0
3902,0.9998,,1,JordanManual,CCCAGG,0.9998,0.9998,0.9998,BFX,1512442800,2017-12-28 01:14:48.478985,0,0.0
3903,0.9998,BFX,1,JordanManual,Bitfinex,0.9998,0.9998,0.9998,,1512442800,2017-12-26 23:21:24.889614,0,0.0
3904,0.9998,BFX,1,JordanManual,Bitfinex,0.9998,0.9998,0.9998,,1512446400,2017-12-26 23:21:24.889614,0,0.0
3905,0.9998,BFX,1,JordanManual,CCCAGG,0.9998,0.9998,0.9998,,1512446400,2017-12-26 23:21:23.208812,0,0.0
3906,0.9998,BFX,1,JordanManual,Bitfinex,0.9998,0.9998,0.9998,,1512450000,2017-12-26 23:21:24.889614,0,0.0
3907,0.9998,BFX,1,JordanManual,CCCAGG,0.9998,0.9998,0.9998,,1512450000,2017-12-26 23:21:23.208812,0,0.0
3908,0.9998,BFX,1,JordanManual,Bitfinex,0.9998,0.9998,0.9998,,1512453600,2017-12-26 23:21:24.889614,0,0.0
3909,0.9998,,1,JordanManual,Bitfinex,0.9998,0.9998,0.9998,BFX,1512453600,2017-12-28 01:09:55.862859,0,0.0
3910,0.9998,BFX,1,JordanManual,CCCAGG,0.9998,0.9998,0.9998,,1512453600,2017-12-26 23:21:23.208812,0,0.0
3911,0.9998,,1,JordanManual,CCCAGG,0.9998,0.9998,0.9998,BFX,1512453600,2017-12-28 01:14:48.478985,0,0.0
3912,0.9998,BFX,1,JordanManual,CCCAGG,0.9998,0.9998,0.9998,,1512457200,2017-12-26 23:21:23.208812,0,0.0
3913,0.9998,BFX,1,JordanManual,Bitfinex,0.9998,0.9998,0.9998,,1512457200,2017-12-26 23:21:24.889614,0,0.0
3914,0.9998,BFX,1,JordanManual,CCCAGG,0.9998,0.9998,0.9998,,1512460800,2017-12-26 23:21:23.208812,0,0.0
3915,0.9998,BFX,1,JordanManual,Bitfinex,0.9998,0.9998,0.9998,,1512460800,2017-12-26 23:21:24.889614,0,0.0
3916,0.9998,BFX,1,JordanManual,CCCAGG,0.9998,0.9998,0.9998,,1512464400,2017-12-26 23:21:23.208812,0,0.0
3917,0.9998,BFX,1,JordanManual,Bitfinex,0.9998,0.9998,0.9998,,1512464400,2017-12-26 23:21:24.889614,0,0.0
3918,0.9998,,1,JordanManual,CCCAGG,0.9998,0.9998,0.9998,BFX,1512464400,2017-12-28 01:14:48.478985,0,0.0
3919,0.9998,,1,JordanManual,Bitfinex,0.9998,0.9998,0.9998,BFX,1512464400,2017-12-28 01:09:55.862859,0,0.0
3920,0.9998,BFX,1,JordanManual,Bitfinex,0.9998,0.9998,0.9998,,1512468000,2017-12-26 23:21:24.889614,0,0.0
3921,0.9998,BFX,1,JordanManual,CCCAGG,0.9998,0.9998,0.9998,,1512468000,2017-12-26 23:21:23.208812,0,0.0
3922,0.9998,BFX,1,JordanManual,CCCAGG,0.9998,0.9998,0.9998,,1512471600,2017-12-26 23:21:23.208812,0,0.0
3923,0.9998,BFX,1,JordanManual,Bitfinex,0.9998,0.9998,0.9998,,1512471600,2017-12-26 23:21:24.889614,0,0.0
3924,0.9998,,1,JordanManual,CCCAGG,0.9998,0.9998,0.9998,BFX,1512475200,2017-12-28 01:14:48.478985,0,0.0
3925,0.9998,,1,JordanManual,Bitfinex,0.9998,0.9998,0.9998,BFX,1512475200,2017-12-28 01:09:55.862859,0,0.0
3926,0.9998,BFX,1,JordanManual,Bitfinex,0.9998,0.9998,0.9998,,1512475200,2017-12-26 23:21:24.889614,0,0.0
3927,0.9998,BFX,1,JordanManual,CCCAGG,0.9998,0.9998,0.9998,,1512475200,2017-12-26 23:21:23.208812,0,0.0
3928,0.9998,BFX,1,JordanManual,CCCAGG,0.9998,0.9998,0.9998,,1512478800,2017-12-26 23:21:23.208812,0,0.0
3929,0.9998,BFX,1,JordanManual,Bitfinex,0.9998,0.9998,0.9998,,1512478800,2017-12-26 23:21:24.889614,0,0.0
3930,0.9998,BFX,1,JordanManual,Bitfinex,0.9998,0.9998,0.9998,,1512482400,2017-12-26 23:21:24.889614,0,0.0
3931,0.9998,BFX,1,JordanManual,CCCAGG,0.9998,0.9998,0.9998,,1512482400,2017-12-26 23:21:23.208812,0,0.0
3932,0.9998,BFX,1,JordanManual,CCCAGG,0.9998,0.9998,0.9998,,1512486000,2017-12-26 23:21:23.208812,0,0.0
3933,0.9998,,1,JordanManual,CCCAGG,0.9998,0.9998,0.9998,BFX,1512486000,2017-12-28 01:14:48.478985,0,0.0
3934,0.9998,BFX,1,JordanManual,Bitfinex,0.9998,0.9998,0.9998,,1512486000,2017-12-26 23:21:24.889614,0,0.0
3935,0.9998,,1,JordanManual,Bitfinex,0.9998,0.9998,0.9998,BFX,1512486000,2017-12-28 01:09:55.862859,0,0.0
3936,0.9998,BFX,1,JordanManual,CCCAGG,0.9998,0.9998,0.9998,,1512489600,2017-12-26 23:21:23.208812,0,0.0
3937,0.9998,BFX,1,JordanManual,Bitfinex,0.9998,0.9998,0.9998,,1512489600,2017-12-26 23:21:24.889614,0,0.0
3938,0.9998,BFX,1,JordanManual,CCCAGG,0.9998,0.9998,0.9998,,1512493200,2017-12-26 23:21:23.208812,0,0.0
3939,0.9998,BFX,1,JordanManual,Bitfinex,0.9998,0.9998,0.9998,,1512493200,2017-12-26 23:21:24.889614,0,0.0
3940,0.9998,,1,JordanManual,CCCAGG,0.9998,0.9998,0.9998,BFX,1512496800,2017-12-28 01:14:48.478985,0,0.0
3941,0.9998,BFX,1,JordanManual,CCCAGG,0.9998,0.9998,0.9998,,1512496800,2017-12-26 23:21:23.208812,0,0.0
3942,0.9998,BFX,1,JordanManual,Bitfinex,0.9998,0.9998,0.9998,,1512496800,2017-12-26 23:21:24.889614,0,0.0
3943,0.9998,,1,JordanManual,Bitfinex,0.9998,0.9998,0.9998,BFX,1512496800,2017-12-28 01:09:55.862859,0,0.0
3944,0.9998,BFX,1,JordanManual,CCCAGG,0.9998,0.9998,0.9998,,1512500400,2017-12-26 23:21:23.208812,0,0.0
3945,0.9998,BFX,1,JordanManual,Bitfinex,0.9998,0.9998,0.9998,,1512500400,2017-12-26 23:21:24.889614,0,0.0
3946,0.9998,BFX,1,JordanManual,CCCAGG,0.9998,0.9998,0.9998,,1512504000,2017-12-26 23:21:23.208812,0,0.0
3947,0.9998,BFX,1,JordanManual,Bitfinex,0.9998,0.9998,0.9998,,1512504000,2017-12-26 23:21:24.889614,0,0.0
3948,0.9998,BFX,1,JordanManual,CCCAGG,0.9998,0.9998,0.9998,,1512507600,2017-12-26 23:21:23.208812,0,0.0
3949,0.9998,,1,JordanManual,CCCAGG,0.9998,0.9998,0.9998,BFX,1512507600,2017-12-28 01:14:48.478985,0,0.0
3950,0.9998,,1,JordanManual,Bitfinex,0.9998,0.9998,0.9998,BFX,1512507600,2017-12-28 01:09:55.862859,0,0.0
3951,0.9998,BFX,1,JordanManual,Bitfinex,0.9998,0.9998,0.9998,,1512507600,2017-12-26 23:21:24.889614,0,0.0
3952,0.9998,BFX,1,JordanManual,CCCAGG,0.9998,0.9998,0.9998,,1512511200,2017-12-26 23:21:23.208812,0,0.0
3953,0.9998,BFX,1,JordanManual,Bitfinex,0.9998,0.9998,0.9998,,1512511200,2017-12-26 23:21:24.889614,0,0.0
3954,0.9998,BFX,1,JordanManual,CCCAGG,0.9998,0.9998,0.9998,,1512514800,2017-12-26 23:21:23.208812,0,0.0
3955,0.9998,BFX,1,JordanManual,Bitfinex,0.9998,0.9998,0.9998,,1512514800,2017-12-26 23:21:24.889614,0,0.0
3956,0.9998,BFX,1,JordanManual,CCCAGG,0.9998,0.9998,0.9998,,1512518400,2017-12-26 23:21:23.208812,0,0.0
3957,0.9998,,1,JordanManual,CCCAGG,0.9998,0.9998,0.9998,BFX,1512518400,2017-12-28 01:14:48.478985,0,0.0
3958,0.9998,BFX,1,JordanManual,Bitfinex,0.9998,0.9998,0.9998,,1512518400,2017-12-26 23:21:24.889614,0,0.0
3959,0.9998,,1,JordanManual,Bitfinex,0.9998,0.9998,0.9998,BFX,1512518400,2017-12-28 01:09:55.862859,0,0.0
3960,0.9998,BFX,1,JordanManual,Bitfinex,0.9998,0.9998,0.9998,,1512522000,2017-12-26 23:21:24.889614,0,0.0
3961,0.9998,BFX,1,JordanManual,CCCAGG,0.9998,0.9998,0.9998,,1512522000,2017-12-26 23:21:23.208812,0,0.0
3962,0.9998,BFX,1,JordanManual,Bitfinex,0.9998,0.9998,0.9998,,1512525600,2017-12-26 23:21:24.889614,0,0.0
3963,0.9998,BFX,1,JordanManual,CCCAGG,0.9998,0.9998,0.9998,,1512525600,2017-12-26 23:21:23.208812,0,0.0
3964,0.9998,,1,JordanManual,CCCAGG,0.9998,0.9998,0.9998,BFX,1512529200,2017-12-28 01:14:48.478985,0,0.0
3965,0.9998,,1,JordanManual,Bitfinex,0.9998,0.9998,0.9998,BFX,1512529200,2017-12-28 01:09:55.862859,0,0.0
3966,0.9998,BFX,1,JordanManual,CCCAGG,0.9998,0.9998,0.9998,,1512529200,2017-12-26 23:21:23.208812,0,0.0
3967,0.9998,BFX,1,JordanManual,Bitfinex,0.9998,0.9998,0.9998,,1512529200,2017-12-26 23:21:24.889614,0,0.0
3968,0.9998,BFX,1,JordanManual,CCCAGG,0.9998,0.9998,0.9998,,1512532800,2017-12-26 23:21:23.208812,0,0.0
3969,0.9998,BFX,1,JordanManual,Bitfinex,0.9998,0.9998,0.9998,,1512532800,2017-12-26 23:21:24.889614,0,0.0
3970,0.9998,BFX,1,JordanManual,CCCAGG,0.9998,0.9998,0.9998,,1512536400,2017-12-26 23:21:23.208812,0,0.0
3971,0.9998,BFX,1,JordanManual,Bitfinex,0.9998,0.9998,0.9998,,1512536400,2017-12-26 23:21:24.889614,0,0.0
3972,0.9998,,1,JordanManual,CCCAGG,0.9998,0.9998,0.9998,BFX,1512540000,2017-12-28 01:14:48.478985,0,0.0
3973,0.9998,BFX,1,JordanManual,Bitfinex,0.9998,0.9998,0.9998,,1512540000,2017-12-26 23:21:24.889614,0,0.0
3974,0.9998,BFX,1,JordanManual,CCCAGG,0.9998,0.9998,0.9998,,1512540000,2017-12-26 23:21:23.208812,0,0.0
3975,0.9998,,1,JordanManual,Bitfinex,0.9998,0.9998,0.9998,BFX,1512540000,2017-12-28 01:09:55.862859,0,0.0
3976,0.9998,BFX,1,JordanManual,CCCAGG,0.9998,0.9998,0.9998,,1512543600,2017-12-26 23:21:23.208812,0,0.0
3977,0.9998,BFX,1,JordanManual,Bitfinex,0.9998,0.9998,0.9998,,1512543600,2017-12-26 23:21:24.889614,0,0.0
3978,0.9998,BFX,1,JordanManual,CCCAGG,0.9998,0.9998,0.9998,,1512547200,2017-12-26 23:21:23.208812,0,0.0
3979,0.9998,BFX,1,JordanManual,Bitfinex,0.9998,0.9998,0.9998,,1512547200,2017-12-26 23:21:24.889614,0,0.0
3980,0.9998,,1,JordanManual,Bitfinex,0.9998,0.9998,0.9998,BFX,1512550800,2017-12-28 01:09:55.862859,0,0.0
3981,0.9998,BFX,1,JordanManual,CCCAGG,0.9998,0.9998,0.9998,,1512550800,2017-12-26 23:21:23.208812,0,0.0
3982,0.9998,,1,JordanManual,CCCAGG,0.9998,0.9998,0.9998,BFX,1512550800,2017-12-28 01:14:48.478985,0,0.0
3983,0.9998,BFX,1,JordanManual,Bitfinex,0.9998,0.9998,0.9998,,1512550800,2017-12-26 23:21:24.889614,0,0.0
3984,0.9998,BFX,1,JordanManual,Bitfinex,0.9998,0.9998,0.9998,,1512554400,2017-12-26 23:21:24.889614,0,0.0
3985,0.9998,BFX,1,JordanManual,CCCAGG,0.9998,0.9998,0.9998,,1512554400,2017-12-26 23:21:23.208812,0,0.0
3986,0.9998,BFX,1,JordanManual,Bitfinex,0.9998,0.9998,0.9998,,1512558000,2017-12-26 23:21:24.889614,0,0.0
3987,0.9998,BFX,1,JordanManual,CCCAGG,0.9998,0.9998,0.9998,,1512558000,2017-12-26 23:21:23.208812,0,0.0
3988,0.9998,,1,JordanManual,Bitfinex,0.9998,0.9998,0.9998,BFX,1512561600,2017-12-28 01:09:55.862859,0,0.0
3989,0.9998,,1,JordanManual,CCCAGG,0.9998,0.9998,0.9998,BFX,1512561600,2017-12-28 01:14:48.478985,0,0.0
3990,0.9998,BFX,1,JordanManual,CCCAGG,0.9998,0.9998,0.9998,,1512561600,2017-12-26 23:21:23.208812,0,0.0
3991,0.9998,BFX,1,JordanManual,Bitfinex,0.9998,0.9998,0.9998,,1512561600,2017-12-26 23:21:24.889614,0,0.0
3992,0.9998,BFX,1,JordanManual,CCCAGG,0.9998,0.9998,0.9998,,1512565200,2017-12-26 23:21:23.208812,0,0.0
3993,0.9998,BFX,1,JordanManual,Bitfinex,0.9998,0.9998,0.9998,,1512565200,2017-12-26 23:21:24.889614,0,0.0
3994,0.9998,BFX,1,JordanManual,CCCAGG,0.9998,0.9998,0.9998,,1512568800,2017-12-26 23:21:23.208812,0,0.0
3995,0.9998,BFX,1,JordanManual,Bitfinex,0.9998,0.9998,0.9998,,1512568800,2017-12-26 23:21:24.889614,0,0.0
3996,0.9998,,1,JordanManual,CCCAGG,0.9998,0.9998,0.9998,BFX,1512572400,2017-12-28 01:14:48.478985,0,0.0
3997,0.9998,BFX,1,JordanManual,CCCAGG,0.9998,0.9998,0.9998,,1512572400,2017-12-26 23:21:23.208812,0,0.0
3998,0.9998,BFX,1,JordanManual,Bitfinex,0.9998,0.9998,0.9998,,1512572400,2017-12-26 23:21:24.889614,0,0.0
3999,0.9998,,1,JordanManual,Bitfinex,0.9998,0.9998,0.9998,BFX,1512572400,2017-12-28 01:09:55.862859,0,0.0
4000,0.9998,BFX,1,JordanManual,Bitfinex,0.9998,0.9998,0.9998,,1512576000,2017-12-26 23:21:24.889614,0,0.0
4001,0.9998,BFX,1,JordanManual,CCCAGG,0.9998,0.9998,0.9998,,1512576000,2017-12-26 23:21:23.208812,0,0.0
4002,0.9998,BFX,1,JordanManual,CCCAGG,0.9998,0.9998,0.9998,,1512579600,2017-12-26 23:21:23.208812,0,0.0
4003,0.9998,BFX,1,JordanManual,Bitfinex,0.9998,0.9998,0.9998,,1512579600,2017-12-26 23:21:24.889614,0,0.0
4004,0.9998,,1,JordanManual,CCCAGG,0.9998,0.9998,0.9998,BFX,1512583200,2017-12-28 01:14:48.478985,0,0.0
4005,0.9998,BFX,1,JordanManual,Bitfinex,0.9998,0.9998,0.9998,,1512583200,2017-12-26 23:21:24.889614,0,0.0
4006,0.9998,BFX,1,JordanManual,CCCAGG,0.9998,0.9998,0.9998,,1512583200,2017-12-26 23:21:23.208812,0,0.0
4007,0.9998,,1,JordanManual,Bitfinex,0.9998,0.9998,0.9998,BFX,1512583200,2017-12-28 01:09:55.862859,0,0.0
4008,0.9998,BFX,1,JordanManual,CCCAGG,0.9998,0.9998,0.9998,,1512586800,2017-12-26 23:21:23.208812,0,0.0
4009,0.9998,BFX,1,JordanManual,Bitfinex,0.9998,0.9998,0.9998,,1512586800,2017-12-26 23:21:24.889614,0,0.0
4010,0.9998,BFX,1,JordanManual,Bitfinex,0.9998,0.9998,0.9998,,1512590400,2017-12-26 23:21:24.889614,0,0.0
4011,0.9998,BFX,1,JordanManual,CCCAGG,0.9998,0.9998,0.9998,,1512590400,2017-12-26 23:21:23.208812,0,0.0
4012,0.9998,,1,JordanManual,CCCAGG,0.9998,0.9998,0.9998,BFX,1512594000,2017-12-28 01:14:48.478985,0,0.0
4013,0.9998,,1,JordanManual,Bitfinex,0.9998,0.9998,0.9998,BFX,1512594000,2017-12-28 01:09:55.862859,0,0.0
4014,0.9998,BFX,1,JordanManual,Bitfinex,0.9998,0.9998,0.9998,,1512594000,2017-12-26 23:21:24.889614,0,0.0
4015,0.9998,BFX,1,JordanManual,CCCAGG,0.9998,0.9998,0.9998,,1512594000,2017-12-26 23:21:23.208812,0,0.0
4016,0.9998,BFX,1,JordanManual,Bitfinex,0.9998,0.9998,0.9998,,1512597600,2017-12-26 23:21:24.889614,0,0.0
4017,0.9998,BFX,1,JordanManual,CCCAGG,0.9998,0.9998,0.9998,,1512597600,2017-12-26 23:21:23.208812,0,0.0
4018,0.9998,BFX,1,JordanManual,CCCAGG,0.9998,0.9998,0.9998,,1512601200,2017-12-26 23:21:23.208812,0,0.0
4019,0.9998,BFX,1,JordanManual,Bitfinex,0.9998,0.9998,0.9998,,1512601200,2017-12-26 23:21:24.889614,0,0.0
4020,0.9998,BFX,1,JordanManual,CCCAGG,0.9998,0.9998,0.9998,,1512604800,2017-12-26 23:21:23.208812,0,0.0
4021,0.9998,BFX,1,JordanManual,Bitfinex,0.9998,0.9998,0.9998,,1512604800,2017-12-26 23:21:24.889614,0,0.0
4022,0.9998,,1,JordanManual,Bitfinex,0.9998,0.9998,0.9998,BFX,1512604800,2017-12-28 01:09:55.862859,0,0.0
4023,0.9998,,1,JordanManual,CCCAGG,0.9998,0.9998,0.9998,BFX,1512604800,2017-12-28 01:14:48.478985,0,0.0
4024,0.9998,BFX,1,JordanManual,Bitfinex,0.9998,0.9998,0.9998,,1512608400,2017-12-26 23:21:24.889614,0,0.0
4025,0.9998,BFX,1,JordanManual,CCCAGG,0.9998,0.9998,0.9998,,1512608400,2017-12-26 23:21:23.208812,0,0.0
4026,0.9998,BFX,1,JordanManual,CCCAGG,0.9998,0.9998,0.9998,,1512612000,2017-12-26 23:21:23.208812,0,0.0
4027,0.9998,BFX,1,JordanManual,Bitfinex,0.9998,0.9998,0.9998,,1512612000,2017-12-26 23:21:24.889614,0,0.0
4028,0.9998,,1,JordanManual,CCCAGG,0.9998,0.9998,0.9998,BFX,1512615600,2017-12-28 01:14:48.478985,0,0.0
4029,0.9998,BFX,1,JordanManual,CCCAGG,0.9998,0.9998,0.9998,,1512615600,2017-12-26 23:21:23.208812,0,0.0
4030,0.9998,,1,JordanManual,Bitfinex,0.9998,0.9998,0.9998,BFX,1512615600,2017-12-28 01:09:55.862859,0,0.0
4031,0.9998,BFX,1,JordanManual,Bitfinex,0.9998,0.9998,0.9998,,1512615600,2017-12-26 23:21:24.889614,0,0.0
4032,0.9998,BFX,1,JordanManual,Bitfinex,0.9998,0.9998,0.9998,,1512619200,2017-12-26 23:21:24.889614,0,0.0
4033,0.9998,BFX,1,JordanManual,CCCAGG,0.9998,0.9998,0.9998,,1512619200,2017-12-26 23:21:23.208812,0,0.0
4034,0.9998,BFX,1,JordanManual,CCCAGG,0.9998,0.9998,0.9998,,1512622800,2017-12-26 23:21:23.208812,0,0.0
4035,0.9998,BFX,1,JordanManual,Bitfinex,0.9998,0.9998,0.9998,,1512622800,2017-12-26 23:21:24.889614,0,0.0
4036,0.9998,BFX,1,JordanManual,CCCAGG,0.9998,0.9998,0.9998,,1512626400,2017-12-26 23:21:23.208812,0,0.0
4037,0.9998,BFX,1,JordanManual,Bitfinex,0.9998,0.9998,0.9998,,1512626400,2017-12-26 23:21:24.889614,0,0.0
4038,0.9998,,1,JordanManual,CCCAGG,0.9998,0.9998,0.9998,BFX,1512626400,2017-12-28 01:14:48.478985,0,0.0
4039,0.9998,,1,JordanManual,Bitfinex,0.9998,0.9998,0.9998,BFX,1512626400,2017-12-28 01:09:55.862859,0,0.0
4040,0.9998,BFX,1,JordanManual,Bitfinex,0.9998,0.9998,0.9998,,1512630000,2017-12-26 23:21:24.889614,0,0.0
4041,0.9998,BFX,1,JordanManual,CCCAGG,0.9998,0.9998,0.9998,,1512630000,2017-12-26 23:21:23.208812,0,0.0
4042,0.9998,BFX,1,JordanManual,CCCAGG,0.9998,0.9998,0.9998,,1512633600,2017-12-26 23:21:23.208812,0,0.0
4043,0.9998,BFX,1,JordanManual,Bitfinex,0.9998,0.9998,0.9998,,1512633600,2017-12-26 23:21:24.889614,0,0.0
4044,0.9998,,1,JordanManual,Bitfinex,0.9998,0.9998,0.9998,BFX,1512637200,2017-12-28 01:09:55.862859,0,0.0
4045,0.9998,BFX,1,JordanManual,Bitfinex,0.9998,0.9998,0.9998,,1512637200,2017-12-26 23:21:24.889614,0,0.0
4046,0.9998,BFX,1,JordanManual,CCCAGG,0.9998,0.9998,0.9998,,1512637200,2017-12-26 23:21:23.208812,0,0.0
4047,0.9998,,1,JordanManual,CCCAGG,0.9998,0.9998,0.9998,BFX,1512637200,2017-12-28 01:14:48.478985,0,0.0
4048,0.9998,BFX,1,JordanManual,Bitfinex,0.9998,0.9998,0.9998,,1512640800,2017-12-26 23:21:24.889614,0,0.0
4049,0.9998,BFX,1,JordanManual,CCCAGG,0.9998,0.9998,0.9998,,1512640800,2017-12-26 23:21:23.208812,0,0.0
4050,0.9998,BFX,1,JordanManual,Bitfinex,0.9998,0.9998,0.9998,,1512644400,2017-12-26 23:21:24.889614,0,0.0
4051,0.9998,BFX,1,JordanManual,CCCAGG,0.9998,0.9998,0.9998,,1512644400,2017-12-26 23:21:23.208812,0,0.0
4052,0.9998,BFX,1,JordanManual,CCCAGG,0.9998,0.9998,0.9998,,1512648000,2017-12-26 23:21:23.208812,0,0.0
4053,0.9998,,1,JordanManual,Bitfinex,0.9998,0.9998,0.9998,BFX,1512648000,2017-12-28 01:09:55.862859,0,0.0
4054,0.9998,,1,JordanManual,CCCAGG,0.9998,0.9998,0.9998,BFX,1512648000,2017-12-28 01:14:48.478985,0,0.0
4055,0.9998,BFX,1,JordanManual,Bitfinex,0.9998,0.9998,0.9998,,1512648000,2017-12-26 23:21:24.889614,0,0.0
4056,0.9998,BFX,1,JordanManual,Bitfinex,0.9998,0.9998,0.9998,,1512651600,2017-12-26 23:21:24.889614,0,0.0
4057,0.9998,BFX,1,JordanManual,CCCAGG,0.9998,0.9998,0.9998,,1512651600,2017-12-26 23:21:23.208812,0,0.0
4058,0.9998,BFX,1,JordanManual,CCCAGG,0.9998,0.9998,0.9998,,1512655200,2017-12-26 23:21:23.208812,0,0.0
4059,0.9998,BFX,1,JordanManual,Bitfinex,0.9998,0.9998,0.9998,,1512655200,2017-12-26 23:21:24.889614,0,0.0
4060,0.9998,BFX,1,JordanManual,Bitfinex,0.9998,0.9998,0.9998,,1512658800,2017-12-26 23:21:24.889614,0,0.0
4061,0.9998,,1,JordanManual,Bitfinex,0.9998,0.9998,0.9998,BFX,1512658800,2017-12-28 01:09:55.862859,0,0.0
4062,0.9998,,1,JordanManual,CCCAGG,0.9998,0.9998,0.9998,BFX,1512658800,2017-12-28 01:14:48.478985,0,0.0
4063,0.9998,BFX,1,JordanManual,CCCAGG,0.9998,0.9998,0.9998,,1512658800,2017-12-26 23:21:23.208812,0,0.0
4064,0.9998,BFX,1,JordanManual,Bitfinex,0.9998,0.9998,0.9998,,1512662400,2017-12-26 23:21:24.889614,0,0.0
4065,0.9998,BFX,1,JordanManual,CCCAGG,0.9998,0.9998,0.9998,,1512662400,2017-12-26 23:21:23.208812,0,0.0
4066,0.9998,BFX,1,JordanManual,Bitfinex,0.9998,0.9998,0.9998,,1512666000,2017-12-26 23:21:24.889614,0,0.0
4067,0.9998,BFX,1,JordanManual,CCCAGG,0.9998,0.9998,0.9998,,1512666000,2017-12-26 23:21:23.208812,0,0.0
4068,0.9998,BFX,1,JordanManual,Bitfinex,0.9998,0.9998,0.9998,,1512669600,2017-12-26 23:21:24.889614,0,0.0
4069,0.9998,BFX,1,JordanManual,CCCAGG,0.9998,0.9998,0.9998,,1512669600,2017-12-26 23:21:23.208812,0,0.0
4070,0.9998,,1,JordanManual,CCCAGG,0.9998,0.9998,0.9998,BFX,1512669600,2017-12-28 01:14:48.478985,0,0.0
4071,0.9998,,1,JordanManual,Bitfinex,0.9998,0.9998,0.9998,BFX,1512669600,2017-12-28 01:09:55.862859,0,0.0
4072,0.9998,BFX,1,JordanManual,Bitfinex,0.9998,0.9998,0.9998,,1512673200,2017-12-26 23:21:24.889614,0,0.0
4073,0.9998,BFX,1,JordanManual,CCCAGG,0.9998,0.9998,0.9998,,1512673200,2017-12-26 23:21:23.208812,0,0.0
4074,0.9998,BFX,1,JordanManual,CCCAGG,0.9998,0.9998,0.9998,,1512676800,2017-12-26 23:21:23.208812,0,0.0
4075,0.9998,BFX,1,JordanManual,Bitfinex,0.9998,0.9998,0.9998,,1512676800,2017-12-26 23:21:24.889614,0,0.0
4076,0.9998,,1,JordanManual,Bitfinex,0.9998,0.9998,0.9998,BFX,1512680400,2017-12-28 01:09:55.862859,0,0.0
4077,0.9998,,1,JordanManual,CCCAGG,0.9998,0.9998,0.9998,BFX,1512680400,2017-12-28 01:14:48.478985,0,0.0
4078,0.9998,BFX,1,JordanManual,Bitfinex,0.9998,0.9998,0.9998,,1512680400,2017-12-26 23:21:24.889614,0,0.0
4079,0.9998,BFX,1,JordanManual,CCCAGG,0.9998,0.9998,0.9998,,1512680400,2017-12-26 23:21:23.208812,0,0.0
4080,0.9998,BFX,1,JordanManual,Bitfinex,0.9998,0.9998,0.9998,,1512684000,2017-12-26 23:21:24.889614,0,0.0
4081,0.9998,BFX,1,JordanManual,CCCAGG,0.9998,0.9998,0.9998,,1512684000,2017-12-26 23:21:23.208812,0,0.0
4082,0.9998,BFX,1,JordanManual,Bitfinex,0.9998,0.9998,0.9998,,1512687600,2017-12-26 23:21:24.889614,0,0.0
4083,0.9998,BFX,1,JordanManual,CCCAGG,0.9998,0.9998,0.9998,,1512687600,2017-12-26 23:21:23.208812,0,0.0
4084,0.9998,,1,JordanManual,Bitfinex,0.9998,0.9998,0.9998,BFX,1512691200,2017-12-28 01:09:55.862859,0,0.0
4085,0.9998,,1,JordanManual,CCCAGG,0.9998,0.9998,0.9998,BFX,1512691200,2017-12-28 01:14:48.478985,0,0.0
4086,0.9998,BFX,1,JordanManual,Bitfinex,0.9998,0.9998,0.9998,,1512691200,2017-12-26 23:21:24.889614,0,0.0
4087,0.9998,BFX,1,JordanManual,CCCAGG,0.9998,0.9998,0.9998,,1512691200,2017-12-26 23:21:23.208812,0,0.0
4088,0.9998,BFX,1,JordanManual,Bitfinex,0.9998,0.9998,0.9998,,1512694800,2017-12-26 23:21:24.889614,0,0.0
4089,0.9998,BFX,1,JordanManual,CCCAGG,0.9998,0.9998,0.9998,,1512694800,2017-12-26 23:21:23.208812,0,0.0
4090,0.9998,BFX,1,JordanManual,Bitfinex,0.9998,0.9998,0.9998,,1512698400,2017-12-26 23:21:24.889614,0,0.0
4091,0.9998,BFX,1,JordanManual,CCCAGG,0.9998,0.9998,0.9998,,1512698400,2017-12-26 23:21:23.208812,0,0.0
4092,0.9998,,1,JordanManual,CCCAGG,0.9998,0.9998,0.9998,BFX,1512702000,2017-12-28 01:14:48.478985,0,0.0
4093,0.9998,BFX,1,JordanManual,Bitfinex,0.9998,0.9998,0.9998,,1512702000,2017-12-26 23:21:24.889614,0,0.0
4094,0.9998,,1,JordanManual,Bitfinex,0.9998,0.9998,0.9998,BFX,1512702000,2017-12-28 01:09:55.862859,0,0.0
4095,0.9998,BFX,1,JordanManual,CCCAGG,0.9998,0.9998,0.9998,,1512702000,2017-12-26 23:21:23.208812,0,0.0
4096,0.9998,BFX,1,JordanManual,Bitfinex,0.9998,0.9998,0.9998,,1512705600,2017-12-26 23:21:24.889614,0,0.0
4097,0.9998,BFX,1,JordanManual,CCCAGG,0.9998,0.9998,0.9998,,1512705600,2017-12-26 23:21:23.208812,0,0.0
4098,0.9998,BFX,1,JordanManual,CCCAGG,0.9998,0.9998,0.9998,,1512709200,2017-12-26 23:21:23.208812,0,0.0
4099,0.9998,BFX,1,JordanManual,Bitfinex,0.9998,0.9998,0.9998,,1512709200,2017-12-26 23:21:24.889614,0,0.0
4100,0.9998,BFX,1,JordanManual,Bitfinex,0.9998,0.9998,0.9998,,1512712800,2017-12-26 23:21:24.889614,0,0.0
4101,0.9998,,1,JordanManual,CCCAGG,0.9998,0.9998,0.9998,BFX,1512712800,2017-12-28 01:14:48.478985,0,0.0
4102,0.9998,BFX,1,JordanManual,CCCAGG,0.9998,0.9998,0.9998,,1512712800,2017-12-26 23:21:23.208812,0,0.0
4103,0.9998,,1,JordanManual,Bitfinex,0.9998,0.9998,0.9998,BFX,1512712800,2017-12-28 01:09:55.862859,0,0.0
4104,0.9998,BFX,1,JordanManual,CCCAGG,0.9998,0.9998,0.9998,,1512716400,2017-12-26 23:21:23.208812,0,0.0
4105,0.9998,BFX,1,JordanManual,Bitfinex,0.9998,0.9998,0.9998,,1512716400,2017-12-26 23:21:24.889614,0,0.0
4106,0.9998,BFX,1,JordanManual,CCCAGG,0.9998,0.9998,0.9998,,1512720000,2017-12-26 23:21:23.208812,0,0.0
4107,0.9998,BFX,1,JordanManual,Bitfinex,0.9998,0.9998,0.9998,,1512720000,2017-12-26 23:21:24.889614,0,0.0
4108,0.9998,BFX,1,JordanManual,CCCAGG,0.9998,0.9998,0.9998,,1512723600,2017-12-26 23:21:23.208812,0,0.0
4109,0.9998,BFX,1,JordanManual,Bitfinex,0.9998,0.9998,0.9998,,1512723600,2017-12-26 23:21:24.889614,0,0.0
4110,0.9998,,1,JordanManual,CCCAGG,0.9998,0.9998,0.9998,BFX,1512723600,2017-12-28 01:14:48.478985,0,0.0
4111,0.9998,,1,JordanManual,Bitfinex,0.9998,0.9998,0.9998,BFX,1512723600,2017-12-28 01:09:55.862859,0,0.0
4112,0.9998,BFX,1,JordanManual,CCCAGG,0.9998,0.9998,0.9998,,1512727200,2017-12-26 23:21:23.208812,0,0.0
4113,0.9998,BFX,1,JordanManual,Bitfinex,0.9998,0.9998,0.9998,,1512727200,2017-12-26 23:21:24.889614,0,0.0
4114,0.9998,BFX,1,JordanManual,CCCAGG,0.9998,0.9998,0.9998,,1512730800,2017-12-26 23:21:23.208812,0,0.0
4115,0.9998,BFX,1,JordanManual,Bitfinex,0.9998,0.9998,0.9998,,1512730800,2017-12-26 23:21:24.889614,0,0.0
4116,0.9998,,1,JordanManual,Bitfinex,0.9998,0.9998,0.9998,BFX,1512734400,2017-12-28 01:09:55.862859,0,0.0
4117,0.9998,BFX,1,JordanManual,CCCAGG,0.9998,0.9998,0.9998,,1512734400,2017-12-26 23:21:23.208812,0,0.0
4118,0.9998,,1,JordanManual,CCCAGG,0.9998,0.9998,0.9998,BFX,1512734400,2017-12-28 01:14:48.478985,0,0.0
4119,0.9998,BFX,1,JordanManual,Bitfinex,0.9998,0.9998,0.9998,,1512734400,2017-12-26 23:21:24.889614,0,0.0
4120,0.9998,BFX,1,JordanManual,Bitfinex,0.9998,0.9998,0.9998,,1512738000,2017-12-26 23:21:24.889614,0,0.0
4121,0.9998,BFX,1,JordanManual,CCCAGG,0.9998,0.9998,0.9998,,1512738000,2017-12-26 23:21:23.208812,0,0.0
4122,0.9998,BFX,1,JordanManual,Bitfinex,0.9998,0.9998,0.9998,,1512741600,2017-12-26 23:21:24.889614,0,0.0
4123,0.9998,BFX,1,JordanManual,CCCAGG,0.9998,0.9998,0.9998,,1512741600,2017-12-26 23:21:23.208812,0,0.0
4124,0.9998,,1,JordanManual,CCCAGG,0.9998,0.9998,0.9998,BFX,1512745200,2017-12-28 01:14:48.478985,0,0.0
4125,0.9998,BFX,1,JordanManual,Bitfinex,0.9998,0.9998,0.9998,,1512745200,2017-12-26 23:21:24.889614,0,0.0
4126,0.9998,BFX,1,JordanManual,CCCAGG,0.9998,0.9998,0.9998,,1512745200,2017-12-26 23:21:23.208812,0,0.0
4127,0.9998,,1,JordanManual,Bitfinex,0.9998,0.9998,0.9998,BFX,1512745200,2017-12-28 01:09:55.862859,0,0.0
4128,0.9998,BFX,1,JordanManual,CCCAGG,0.9998,0.9998,0.9998,,1512748800,2017-12-26 23:21:23.208812,0,0.0
4129,0.9998,BFX,1,JordanManual,Bitfinex,0.9998,0.9998,0.9998,,1512748800,2017-12-26 23:21:24.889614,0,0.0
4130,0.9998,BFX,1,JordanManual,Bitfinex,0.9998,0.9998,0.9998,,1512752400,2017-12-26 23:21:24.889614,0,0.0
4131,0.9998,BFX,1,JordanManual,CCCAGG,0.9998,0.9998,0.9998,,1512752400,2017-12-26 23:21:23.208812,0,0.0
4132,0.9998,BFX,1,JordanManual,Bitfinex,0.9998,0.9998,0.9998,,1512756000,2017-12-26 23:21:24.889614,0,0.0
4133,0.9998,,1,JordanManual,Bitfinex,0.9998,0.9998,0.9998,BFX,1512756000,2017-12-28 01:09:55.862859,0,0.0
4134,0.9998,,1,JordanManual,CCCAGG,0.9998,0.9998,0.9998,BFX,1512756000,2017-12-28 01:14:48.478985,0,0.0
4135,0.9998,BFX,1,JordanManual,CCCAGG,0.9998,0.9998,0.9998,,1512756000,2017-12-26 23:21:23.208812,0,0.0
4136,0.9998,BFX,1,JordanManual,Bitfinex,0.9998,0.9998,0.9998,,1512759600,2017-12-26 23:21:24.889614,0,0.0
4137,0.9998,BFX,1,JordanManual,CCCAGG,0.9998,0.9998,0.9998,,1512759600,2017-12-26 23:21:23.208812,0,0.0
4138,0.9998,BFX,1,JordanManual,CCCAGG,0.9998,0.9998,0.9998,,1512763200,2017-12-26 23:21:23.208812,0,0.0
4139,0.9998,BFX,1,JordanManual,Bitfinex,0.9998,0.9998,0.9998,,1512763200,2017-12-26 23:21:24.889614,0,0.0
4140,0.9998,,1,JordanManual,CCCAGG,0.9998,0.9998,0.9998,BFX,1512766800,2017-12-28 01:14:48.478985,0,0.0
4141,0.9998,,1,JordanManual,Bitfinex,0.9998,0.9998,0.9998,BFX,1512766800,2017-12-28 01:09:55.862859,0,0.0
4142,0.9998,BFX,1,JordanManual,Bitfinex,0.9998,0.9998,0.9998,,1512766800,2017-12-26 23:21:24.889614,0,0.0
4143,0.9998,BFX,1,JordanManual,CCCAGG,0.9998,0.9998,0.9998,,1512766800,2017-12-26 23:21:23.208812,0,0.0
4144,0.9998,BFX,1,JordanManual,Bitfinex,0.9998,0.9998,0.9998,,1512770400,2017-12-26 23:21:24.889614,0,0.0
4145,0.9998,BFX,1,JordanManual,CCCAGG,0.9998,0.9998,0.9998,,1512770400,2017-12-26 23:21:23.208812,0,0.0
4146,0.9998,BFX,1,JordanManual,CCCAGG,0.9998,0.9998,0.9998,,1512774000,2017-12-26 23:21:23.208812,0,0.0
4147,0.9998,BFX,1,JordanManual,Bitfinex,0.9998,0.9998,0.9998,,1512774000,2017-12-26 23:21:24.889614,0,0.0
4148,0.9998,,1,JordanManual,Bitfinex,0.9998,0.9998,0.9998,BFX,1512777600,2017-12-28 01:09:55.862859,0,0.0
4149,0.9998,BFX,1,JordanManual,Bitfinex,0.9998,0.9998,0.9998,,1512777600,2017-12-26 23:21:24.889614,0,0.0
4150,0.9998,BFX,1,JordanManual,CCCAGG,0.9998,0.9998,0.9998,,1512777600,2017-12-26 23:21:23.208812,0,0.0
4151,0.9998,,1,JordanManual,CCCAGG,0.9998,0.9998,0.9998,BFX,1512777600,2017-12-28 01:14:48.478985,0,0.0
4152,0.9998,BFX,1,JordanManual,Bitfinex,0.9998,0.9998,0.9998,,1512781200,2017-12-26 23:21:24.889614,0,0.0
4153,0.9998,BFX,1,JordanManual,CCCAGG,0.9998,0.9998,0.9998,,1512781200,2017-12-26 23:21:23.208812,0,0.0
4154,0.9998,BFX,1,JordanManual,Bitfinex,0.9998,0.9998,0.9998,,1512784800,2017-12-26 23:21:24.889614,0,0.0
4155,0.9998,BFX,1,JordanManual,CCCAGG,0.9998,0.9998,0.9998,,1512784800,2017-12-26 23:21:23.208812,0,0.0
4156,0.9998,,1,JordanManual,Bitfinex,0.9998,0.9998,0.9998,BFX,1512788400,2017-12-28 01:09:55.862859,0,0.0
4157,0.9998,BFX,1,JordanManual,Bitfinex,0.9998,0.9998,0.9998,,1512788400,2017-12-26 23:21:24.889614,0,0.0
4158,0.9998,,1,JordanManual,CCCAGG,0.9998,0.9998,0.9998,BFX,1512788400,2017-12-28 01:14:48.478985,0,0.0
4159,0.9998,BFX,1,JordanManual,CCCAGG,0.9998,0.9998,0.9998,,1512788400,2017-12-26 23:21:23.208812,0,0.0
4160,0.9998,BFX,1,JordanManual,CCCAGG,0.9998,0.9998,0.9998,,1512792000,2017-12-26 23:21:23.208812,0,0.0
4161,0.9998,BFX,1,JordanManual,Bitfinex,0.9998,0.9998,0.9998,,1512792000,2017-12-26 23:21:24.889614,0,0.0
4162,0.9998,BFX,1,JordanManual,Bitfinex,0.9998,0.9998,0.9998,,1512795600,2017-12-26 23:21:24.889614,0,0.0
4163,0.9998,BFX,1,JordanManual,CCCAGG,0.9998,0.9998,0.9998,,1512795600,2017-12-26 23:21:23.208812,0,0.0
4164,0.9998,,1,JordanManual,Bitfinex,0.9998,0.9998,0.9998,BFX,1512799200,2017-12-28 01:09:55.862859,0,0.0
4165,0.9998,BFX,1,JordanManual,Bitfinex,0.9998,0.9998,0.9998,,1512799200,2017-12-26 23:21:24.889614,0,0.0
4166,0.9998,BFX,1,JordanManual,CCCAGG,0.9998,0.9998,0.9998,,1512799200,2017-12-26 23:21:23.208812,0,0.0
4167,0.9998,,1,JordanManual,CCCAGG,0.9998,0.9998,0.9998,BFX,1512799200,2017-12-28 01:14:48.478985,0,0.0
4168,0.9998,BFX,1,JordanManual,Bitfinex,0.9998,0.9998,0.9998,,1512802800,2017-12-26 23:21:24.889614,0,0.0
4169,0.9998,BFX,1,JordanManual,CCCAGG,0.9998,0.9998,0.9998,,1512802800,2017-12-26 23:21:23.208812,0,0.0
4170,0.9998,BFX,1,JordanManual,Bitfinex,0.9998,0.9998,0.9998,,1512806400,2017-12-26 23:21:24.889614,0,0.0
4171,0.9998,BFX,1,JordanManual,CCCAGG,0.9998,0.9998,0.9998,,1512806400,2017-12-26 23:21:23.208812,0,0.0
4172,0.9998,,1,JordanManual,Bitfinex,0.9998,0.9998,0.9998,BFX,1512810000,2017-12-28 01:09:55.862859,0,0.0
4173,0.9998,BFX,1,JordanManual,Bitfinex,0.9998,0.9998,0.9998,,1512810000,2017-12-26 23:21:24.889614,0,0.0
4174,0.9998,BFX,1,JordanManual,CCCAGG,0.9998,0.9998,0.9998,,1512810000,2017-12-26 23:21:23.208812,0,0.0
4175,0.9998,,1,JordanManual,CCCAGG,0.9998,0.9998,0.9998,BFX,1512810000,2017-12-28 01:14:48.478985,0,0.0
4176,0.9998,BFX,1,JordanManual,CCCAGG,0.9998,0.9998,0.9998,,1512813600,2017-12-26 23:21:23.208812,0,0.0
4177,0.9998,BFX,1,JordanManual,Bitfinex,0.9998,0.9998,0.9998,,1512813600,2017-12-26 23:21:24.889614,0,0.0
4178,0.9998,BFX,1,JordanManual,Bitfinex,0.9998,0.9998,0.9998,,1512817200,2017-12-26 23:21:24.889614,0,0.0
4179,0.9998,BFX,1,JordanManual,CCCAGG,0.9998,0.9998,0.9998,,1512817200,2017-12-26 23:21:23.208812,0,0.0
4180,0.9998,BFX,1,JordanManual,CCCAGG,0.9998,0.9998,0.9998,,1512820800,2017-12-26 23:21:23.208812,0,0.0
4181,0.9998,,1,JordanManual,Bitfinex,0.9998,0.9998,0.9998,BFX,1512820800,2017-12-28 01:09:55.862859,0,0.0
4182,0.9998,,1,JordanManual,CCCAGG,0.9998,0.9998,0.9998,BFX,1512820800,2017-12-28 01:14:48.478985,0,0.0
4183,0.9998,BFX,1,JordanManual,Bitfinex,0.9998,0.9998,0.9998,,1512820800,2017-12-26 23:21:24.889614,0,0.0
4184,0.9998,BFX,1,JordanManual,Bitfinex,0.9998,0.9998,0.9998,,1512824400,2017-12-26 23:21:24.889614,0,0.0
4185,0.9998,BFX,1,JordanManual,CCCAGG,0.9998,0.9998,0.9998,,1512824400,2017-12-26 23:21:23.208812,0,0.0
4186,0.9998,BFX,1,JordanManual,Bitfinex,0.9998,0.9998,0.9998,,1512828000,2017-12-26 23:21:24.889614,0,0.0
4187,0.9998,BFX,1,JordanManual,CCCAGG,0.9998,0.9998,0.9998,,1512828000,2017-12-26 23:21:23.208812,0,0.0
4188,0.9998,BFX,1,JordanManual,CCCAGG,0.9998,0.9998,0.9998,,1512831600,2017-12-26 23:21:23.208812,0,0.0
4189,0.9998,,1,JordanManual,CCCAGG,0.9998,0.9998,0.9998,BFX,1512831600,2017-12-28 01:14:48.478985,0,0.0
4190,0.9998,,1,JordanManual,Bitfinex,0.9998,0.9998,0.9998,BFX,1512831600,2017-12-28 01:09:55.862859,0,0.0
4191,0.9998,BFX,1,JordanManual,Bitfinex,0.9998,0.9998,0.9998,,1512831600,2017-12-26 23:21:24.889614,0,0.0
4192,0.9998,BFX,1,JordanManual,Bitfinex,0.9998,0.9998,0.9998,,1512835200,2017-12-26 23:21:24.889614,0,0.0
4193,0.9998,BFX,1,JordanManual,CCCAGG,0.9998,0.9998,0.9998,,1512835200,2017-12-26 23:21:23.208812,0,0.0
4194,0.9998,BFX,1,JordanManual,CCCAGG,0.9998,0.9998,0.9998,,1512838800,2017-12-26 23:21:23.208812,0,0.0
4195,0.9998,BFX,1,JordanManual,Bitfinex,0.9998,0.9998,0.9998,,1512838800,2017-12-26 23:21:24.889614,0,0.0
4196,0.9998,,1,JordanManual,CCCAGG,0.9998,0.9998,0.9998,BFX,1512842400,2017-12-28 01:14:48.478985,0,0.0
4197,0.9998,BFX,1,JordanManual,Bitfinex,0.9998,0.9998,0.9998,,1512842400,2017-12-26 23:21:24.889614,0,0.0
4198,0.9998,BFX,1,JordanManual,CCCAGG,0.9998,0.9998,0.9998,,1512842400,2017-12-26 23:21:23.208812,0,0.0
4199,0.9998,,1,JordanManual,Bitfinex,0.9998,0.9998,0.9998,BFX,1512842400,2017-12-28 01:09:55.862859,0,0.0
4200,0.9998,BFX,1,JordanManual,Bitfinex,0.9998,0.9998,0.9998,,1512846000,2017-12-26 23:21:24.889614,0,0.0
4201,0.9998,BFX,1,JordanManual,CCCAGG,0.9998,0.9998,0.9998,,1512846000,2017-12-26 23:21:23.208812,0,0.0
4202,0.9998,BFX,1,JordanManual,CCCAGG,0.9998,0.9998,0.9998,,1512849600,2017-12-26 23:21:23.208812,0,0.0
4203,0.9998,BFX,1,JordanManual,Bitfinex,0.9998,0.9998,0.9998,,1512849600,2017-12-26 23:21:24.889614,0,0.0
4204,0.9998,,1,JordanManual,CCCAGG,0.9998,0.9998,0.9998,BFX,1512853200,2017-12-28 01:14:48.478985,0,0.0
4205,0.9998,,1,JordanManual,Bitfinex,0.9998,0.9998,0.9998,BFX,1512853200,2017-12-28 01:09:55.862859,0,0.0
4206,0.9998,BFX,1,JordanManual,CCCAGG,0.9998,0.9998,0.9998,,1512853200,2017-12-26 23:21:23.208812,0,0.0
4207,0.9998,BFX,1,JordanManual,Bitfinex,0.9998,0.9998,0.9998,,1512853200,2017-12-26 23:21:24.889614,0,0.0
4208,0.9998,BFX,1,JordanManual,Bitfinex,0.9998,0.9998,0.9998,,1512856800,2017-12-26 23:21:24.889614,0,0.0
4209,0.9998,BFX,1,JordanManual,CCCAGG,0.9998,0.9998,0.9998,,1512856800,2017-12-26 23:21:23.208812,0,0.0
4210,0.9998,BFX,1,JordanManual,CCCAGG,0.9998,0.9998,0.9998,,1512860400,2017-12-26 23:21:23.208812,0,0.0
4211,0.9998,BFX,1,JordanManual,Bitfinex,0.9998,0.9998,0.9998,,1512860400,2017-12-26 23:21:24.889614,0,0.0
4212,0.9998,BFX,1,JordanManual,CCCAGG,0.9998,0.9998,0.9998,,1512864000,2017-12-26 23:21:23.208812,0,0.0
4213,0.9998,BFX,1,JordanManual,Bitfinex,0.9998,0.9998,0.9998,,1512864000,2017-12-26 23:21:24.889614,0,0.0
4214,0.9998,,1,JordanManual,Bitfinex,0.9998,0.9998,0.9998,BFX,1512864000,2017-12-28 01:09:55.862859,0,0.0
4215,0.9998,,1,JordanManual,CCCAGG,0.9998,0.9998,0.9998,BFX,1512864000,2017-12-28 01:14:48.478985,0,0.0
4216,0.9998,BFX,1,JordanManual,CCCAGG,0.9998,0.9998,0.9998,,1512867600,2017-12-26 23:21:23.208812,0,0.0
4217,0.9998,BFX,1,JordanManual,Bitfinex,0.9998,0.9998,0.9998,,1512867600,2017-12-26 23:21:24.889614,0,0.0
4218,0.9998,BFX,1,JordanManual,Bitfinex,0.9998,0.9998,0.9998,,1512871200,2017-12-26 23:21:24.889614,0,0.0
4219,0.9998,BFX,1,JordanManual,CCCAGG,0.9998,0.9998,0.9998,,1512871200,2017-12-26 23:21:23.208812,0,0.0
4220,0.9998,BFX,1,JordanManual,Bitfinex,0.9998,0.9998,0.9998,,1512874800,2017-12-26 23:21:24.889614,0,0.0
4221,0.9998,BFX,1,JordanManual,CCCAGG,0.9998,0.9998,0.9998,,1512874800,2017-12-26 23:21:23.208812,0,0.0
4222,0.9998,,1,JordanManual,Bitfinex,0.9998,0.9998,0.9998,BFX,1512874800,2017-12-28 01:09:55.862859,0,0.0
4223,0.9998,,1,JordanManual,CCCAGG,0.9998,0.9998,0.9998,BFX,1512874800,2017-12-28 01:14:48.478985,0,0.0
4224,0.9998,BFX,1,JordanManual,Bitfinex,0.9998,0.9998,0.9998,,1512878400,2017-12-26 23:21:24.889614,0,0.0
4225,0.9998,BFX,1,JordanManual,CCCAGG,0.9998,0.9998,0.9998,,1512878400,2017-12-26 23:21:23.208812,0,0.0
4226,0.9998,BFX,1,JordanManual,Bitfinex,0.9998,0.9998,0.9998,,1512882000,2017-12-26 23:21:24.889614,0,0.0
4227,0.9998,BFX,1,JordanManual,CCCAGG,0.9998,0.9998,0.9998,,1512882000,2017-12-26 23:21:23.208812,0,0.0
4228,0.9998,,1,JordanManual,CCCAGG,0.9998,0.9998,0.9998,BFX,1512885600,2017-12-28 01:14:48.478985,0,0.0
4229,0.9998,BFX,1,JordanManual,Bitfinex,0.9998,0.9998,0.9998,,1512885600,2017-12-26 23:21:24.889614,0,0.0
4230,0.9998,,1,JordanManual,Bitfinex,0.9998,0.9998,0.9998,BFX,1512885600,2017-12-28 01:09:55.862859,0,0.0
4231,0.9998,BFX,1,JordanManual,CCCAGG,0.9998,0.9998,0.9998,,1512885600,2017-12-26 23:21:23.208812,0,0.0
4232,0.9998,BFX,1,JordanManual,Bitfinex,0.9998,0.9998,0.9998,,1512889200,2017-12-26 23:21:24.889614,0,0.0
4233,0.9998,BFX,1,JordanManual,CCCAGG,0.9998,0.9998,0.9998,,1512889200,2017-12-26 23:21:23.208812,0,0.0
4234,0.9998,BFX,1,JordanManual,Bitfinex,0.9998,0.9998,0.9998,,1512892800,2017-12-26 23:21:24.889614,0,0.0
4235,0.9998,BFX,1,JordanManual,CCCAGG,0.9998,0.9998,0.9998,,1512892800,2017-12-26 23:21:23.208812,0,0.0
4236,0.9998,BFX,1,JordanManual,Bitfinex,0.9998,0.9998,0.9998,,1512896400,2017-12-26 23:21:24.889614,0,0.0
4237,0.9998,BFX,1,JordanManual,CCCAGG,0.9998,0.9998,0.9998,,1512896400,2017-12-26 23:21:23.208812,0,0.0
4238,0.9998,,1,JordanManual,Bitfinex,0.9998,0.9998,0.9998,BFX,1512896400,2017-12-28 01:09:55.862859,0,0.0
4239,0.9998,,1,JordanManual,CCCAGG,0.9998,0.9998,0.9998,BFX,1512896400,2017-12-28 01:14:48.478985,0,0.0
4240,0.9998,BFX,1,JordanManual,CCCAGG,0.9998,0.9998,0.9998,,1512900000,2017-12-26 23:21:23.208812,0,0.0
4241,0.9998,BFX,1,JordanManual,Bitfinex,0.9998,0.9998,0.9998,,1512900000,2017-12-26 23:21:24.889614,0,0.0
4242,0.9998,BFX,1,JordanManual,Bitfinex,0.9998,0.9998,0.9998,,1512903600,2017-12-26 23:21:24.889614,0,0.0
4243,0.9998,BFX,1,JordanManual,CCCAGG,0.9998,0.9998,0.9998,,1512903600,2017-12-26 23:21:23.208812,0,0.0
4244,0.9998,BFX,1,JordanManual,Bitfinex,0.9998,0.9998,0.9998,,1512907200,2017-12-26 23:21:24.889614,0,0.0
4245,0.9998,,1,JordanManual,CCCAGG,0.9998,0.9998,0.9998,BFX,1512907200,2017-12-28 01:14:48.478985,0,0.0
4246,0.9998,BFX,1,JordanManual,CCCAGG,0.9998,0.9998,0.9998,,1512907200,2017-12-26 23:21:23.208812,0,0.0
4247,0.9998,,1,JordanManual,Bitfinex,0.9998,0.9998,0.9998,BFX,1512907200,2017-12-28 01:09:55.862859,0,0.0
4248,0.9998,BFX,1,JordanManual,CCCAGG,0.9998,0.9998,0.9998,,1512910800,2017-12-26 23:21:23.208812,0,0.0
4249,0.9998,BFX,1,JordanManual,Bitfinex,0.9998,0.9998,0.9998,,1512910800,2017-12-26 23:21:24.889614,0,0.0
4250,0.9998,BFX,1,JordanManual,CCCAGG,0.9998,0.9998,0.9998,,1512914400,2017-12-26 23:21:23.208812,0,0.0
4251,0.9998,BFX,1,JordanManual,Bitfinex,0.9998,0.9998,0.9998,,1512914400,2017-12-26 23:21:24.889614,0,0.0
4252,0.9998,,1,JordanManual,CCCAGG,0.9998,0.9998,0.9998,BFX,1512918000,2017-12-28 01:14:48.478985,0,0.0
4253,0.9998,BFX,1,JordanManual,Bitfinex,0.9998,0.9998,0.9998,,1512918000,2017-12-26 23:21:24.889614,0,0.0
4254,0.9998,BFX,1,JordanManual,CCCAGG,0.9998,0.9998,0.9998,,1512918000,2017-12-26 23:21:23.208812,0,0.0
4255,0.9998,,1,JordanManual,Bitfinex,0.9998,0.9998,0.9998,BFX,1512918000,2017-12-28 01:09:55.862859,0,0.0
4256,0.9998,BFX,1,JordanManual,CCCAGG,0.9998,0.9998,0.9998,,1512921600,2017-12-26 23:21:23.208812,0,0.0
4257,0.9998,BFX,1,JordanManual,Bitfinex,0.9998,0.9998,0.9998,,1512921600,2017-12-26 23:21:24.889614,0,0.0
4258,0.9998,BFX,1,JordanManual,Bitfinex,0.9998,0.9998,0.9998,,1512925200,2017-12-26 23:21:24.889614,0,0.0
4259,0.9998,BFX,1,JordanManual,CCCAGG,0.9998,0.9998,0.9998,,1512925200,2017-12-26 23:21:23.208812,0,0.0
4260,0.9998,,1,JordanManual,CCCAGG,0.9998,0.9998,0.9998,BFX,1512928800,2017-12-28 01:14:48.478985,0,0.0
4261,0.9998,BFX,1,JordanManual,Bitfinex,0.9998,0.9998,0.9998,,1512928800,2017-12-26 23:21:24.889614,0,0.0
4262,0.9998,BFX,1,JordanManual,CCCAGG,0.9998,0.9998,0.9998,,1512928800,2017-12-26 23:21:23.208812,0,0.0
4263,0.9998,,1,JordanManual,Bitfinex,0.9998,0.9998,0.9998,BFX,1512928800,2017-12-28 01:09:55.862859,0,0.0
4264,0.9998,BFX,1,JordanManual,Bitfinex,0.9998,0.9998,0.9998,,1512932400,2017-12-26 23:21:24.889614,0,0.0
4265,0.9998,BFX,1,JordanManual,CCCAGG,0.9998,0.9998,0.9998,,1512932400,2017-12-26 23:21:23.208812,0,0.0
4266,0.9998,BFX,1,JordanManual,Bitfinex,0.9998,0.9998,0.9998,,1512936000,2017-12-26 23:21:24.889614,0,0.0
4267,0.9998,BFX,1,JordanManual,CCCAGG,0.9998,0.9998,0.9998,,1512936000,2017-12-26 23:21:23.208812,0,0.0
4268,0.9998,BFX,1,JordanManual,CCCAGG,0.9998,0.9998,0.9998,,1512939600,2017-12-26 23:21:23.208812,0,0.0
4269,0.9998,,1,JordanManual,Bitfinex,0.9998,0.9998,0.9998,BFX,1512939600,2017-12-28 01:09:55.862859,0,0.0
4270,0.9998,,1,JordanManual,CCCAGG,0.9998,0.9998,0.9998,BFX,1512939600,2017-12-28 01:14:48.478985,0,0.0
4271,0.9998,BFX,1,JordanManual,Bitfinex,0.9998,0.9998,0.9998,,1512939600,2017-12-26 23:21:24.889614,0,0.0
4272,0.9998,BFX,1,JordanManual,CCCAGG,0.9998,0.9998,0.9998,,1512943200,2017-12-26 23:21:23.208812,0,0.0
4273,0.9998,BFX,1,JordanManual,Bitfinex,0.9998,0.9998,0.9998,,1512943200,2017-12-26 23:21:24.889614,0,0.0
4274,0.9998,BFX,1,JordanManual,Bitfinex,0.9998,0.9998,0.9998,,1512946800,2017-12-26 23:21:24.889614,0,0.0
4275,0.9998,BFX,1,JordanManual,CCCAGG,0.9998,0.9998,0.9998,,1512946800,2017-12-26 23:21:23.208812,0,0.0
4276,0.9998,,1,JordanManual,CCCAGG,0.9998,0.9998,0.9998,BFX,1512950400,2017-12-28 01:14:48.478985,0,0.0
4277,0.9998,,1,JordanManual,Bitfinex,0.9998,0.9998,0.9998,BFX,1512950400,2017-12-28 01:09:55.862859,0,0.0
4278,0.9998,BFX,1,JordanManual,CCCAGG,0.9998,0.9998,0.9998,,1512950400,2017-12-26 23:21:23.208812,0,0.0
4279,0.9998,BFX,1,JordanManual,Bitfinex,0.9998,0.9998,0.9998,,1512950400,2017-12-26 23:21:24.889614,0,0.0
4280,0.9998,BFX,1,JordanManual,CCCAGG,0.9998,0.9998,0.9998,,1512954000,2017-12-26 23:21:23.208812,0,0.0
4281,0.9998,BFX,1,JordanManual,Bitfinex,0.9998,0.9998,0.9998,,1512954000,2017-12-26 23:21:24.889614,0,0.0
4282,0.9998,BFX,1,JordanManual,Bitfinex,0.9998,0.9998,0.9998,,1512957600,2017-12-26 23:21:24.889614,0,0.0
4283,0.9998,BFX,1,JordanManual,CCCAGG,0.9998,0.9998,0.9998,,1512957600,2017-12-26 23:21:23.208812,0,0.0
4284,0.9998,,1,JordanManual,Bitfinex,0.9998,0.9998,0.9998,BFX,1512961200,2017-12-28 01:09:55.862859,0,0.0
4285,0.9998,,1,JordanManual,CCCAGG,0.9998,0.9998,0.9998,BFX,1512961200,2017-12-28 01:14:48.478985,0,0.0
4286,0.9998,BFX,1,JordanManual,CCCAGG,0.9998,0.9998,0.9998,,1512961200,2017-12-26 23:21:23.208812,0,0.0
4287,0.9998,BFX,1,JordanManual,Bitfinex,0.9998,0.9998,0.9998,,1512961200,2017-12-26 23:21:24.889614,0,0.0
4288,0.9998,BFX,1,JordanManual,CCCAGG,0.9998,0.9998,0.9998,,1512964800,2017-12-26 23:21:23.208812,0,0.0
4289,0.9998,BFX,1,JordanManual,Bitfinex,0.9998,0.9998,0.9998,,1512964800,2017-12-26 23:21:24.889614,0,0.0
4290,0.9998,BFX,1,JordanManual,Bitfinex,0.9998,0.9998,0.9998,,1512968400,2017-12-26 23:21:24.889614,0,0.0
4291,0.9998,BFX,1,JordanManual,CCCAGG,0.9998,0.9998,0.9998,,1512968400,2017-12-26 23:21:23.208812,0,0.0
4292,0.9998,BFX,1,JordanManual,Bitfinex,0.9998,0.9998,0.9998,,1512972000,2017-12-26 23:21:24.889614,0,0.0
4293,0.9998,,1,JordanManual,Bitfinex,0.9998,0.9998,0.9998,BFX,1512972000,2017-12-28 01:09:55.862859,0,0.0
4294,0.9998,BFX,1,JordanManual,CCCAGG,0.9998,0.9998,0.9998,,1512972000,2017-12-26 23:21:23.208812,0,0.0
4295,0.9998,,1,JordanManual,CCCAGG,0.9998,0.9998,0.9998,BFX,1512972000,2017-12-28 01:14:48.478985,0,0.0
4296,0.9998,BFX,1,JordanManual,Bitfinex,0.9998,0.9998,0.9998,,1512975600,2017-12-26 23:21:24.889614,0,0.0
4297,0.9998,BFX,1,JordanManual,CCCAGG,0.9998,0.9998,0.9998,,1512975600,2017-12-26 23:21:23.208812,0,0.0
4298,0.9998,BFX,1,JordanManual,Bitfinex,0.9998,0.9998,0.9998,,1512979200,2017-12-26 23:21:24.889614,0,0.0
4299,0.9998,BFX,1,JordanManual,CCCAGG,0.9998,0.9998,0.9998,,1512979200,2017-12-26 23:21:23.208812,0,0.0
4300,0.9998,BFX,1,JordanManual,Bitfinex,0.9998,0.9998,0.9998,,1512982800,2017-12-26 23:21:24.889614,0,0.0
4301,0.9998,,1,JordanManual,Bitfinex,0.9998,0.9998,0.9998,BFX,1512982800,2017-12-28 01:09:55.862859,0,0.0
4302,0.9998,BFX,1,JordanManual,CCCAGG,0.9998,0.9998,0.9998,,1512982800,2017-12-26 23:21:23.208812,0,0.0
4303,0.9998,,1,JordanManual,CCCAGG,0.9998,0.9998,0.9998,BFX,1512982800,2017-12-28 01:14:48.478985,0,0.0
4304,0.9998,BFX,1,JordanManual,CCCAGG,0.9998,0.9998,0.9998,,1512986400,2017-12-26 23:21:23.208812,0,0.0
4305,0.9998,BFX,1,JordanManual,Bitfinex,0.9998,0.9998,0.9998,,1512986400,2017-12-26 23:21:24.889614,0,0.0
4306,0.9998,BFX,1,JordanManual,CCCAGG,0.9998,0.9998,0.9998,,1512990000,2017-12-26 23:21:23.208812,0,0.0
4307,0.9998,BFX,1,JordanManual,Bitfinex,0.9998,0.9998,0.9998,,1512990000,2017-12-26 23:21:24.889614,0,0.0
4308,0.9998,,1,JordanManual,CCCAGG,0.9998,0.9998,0.9998,BFX,1512993600,2017-12-28 01:14:48.478985,0,0.0
4309,0.9998,,1,JordanManual,Bitfinex,0.9998,0.9998,0.9998,BFX,1512993600,2017-12-28 01:09:55.862859,0,0.0
4310,0.9998,BFX,1,JordanManual,CCCAGG,0.9998,0.9998,0.9998,,1512993600,2017-12-26 23:21:23.208812,0,0.0
4311,0.9998,BFX,1,JordanManual,Bitfinex,0.9998,0.9998,0.9998,,1512993600,2017-12-26 23:21:24.889614,0,0.0
4312,0.9998,BFX,1,JordanManual,CCCAGG,0.9998,0.9998,0.9998,,1512997200,2017-12-26 23:21:23.208812,0,0.0
4313,0.9998,BFX,1,JordanManual,Bitfinex,0.9998,0.9998,0.9998,,1512997200,2017-12-26 23:21:24.889614,0,0.0
4314,0.9998,BFX,1,JordanManual,CCCAGG,0.9998,0.9998,0.9998,,1513000800,2017-12-26 23:21:23.208812,0,0.0
4315,0.9998,BFX,1,JordanManual,Bitfinex,0.9998,0.9998,0.9998,,1513000800,2017-12-26 23:21:24.889614,0,0.0
4316,0.9998,,1,JordanManual,CCCAGG,0.9998,0.9998,0.9998,BFX,1513004400,2017-12-28 01:14:48.478985,0,0.0
4317,0.9998,,1,JordanManual,Bitfinex,0.9998,0.9998,0.9998,BFX,1513004400,2017-12-28 01:09:55.862859,0,0.0
4318,0.9998,BFX,1,JordanManual,CCCAGG,0.9998,0.9998,0.9998,,1513004400,2017-12-26 23:21:23.208812,0,0.0
4319,0.9998,BFX,1,JordanManual,Bitfinex,0.9998,0.9998,0.9998,,1513004400,2017-12-26 23:21:24.889614,0,0.0
4320,0.9998,BFX,1,JordanManual,Bitfinex,0.9998,0.9998,0.9998,,1513008000,2017-12-26 23:21:24.889614,0,0.0
4321,0.9998,BFX,1,JordanManual,CCCAGG,0.9998,0.9998,0.9998,,1513008000,2017-12-26 23:21:23.208812,0,0.0
4322,0.9998,BFX,1,JordanManual,Bitfinex,0.9998,0.9998,0.9998,,1513011600,2017-12-26 23:21:24.889614,0,0.0
4323,0.9998,BFX,1,JordanManual,CCCAGG,0.9998,0.9998,0.9998,,1513011600,2017-12-26 23:21:23.208812,0,0.0
4324,0.9998,,1,JordanManual,CCCAGG,0.9998,0.9998,0.9998,BFX,1513015200,2017-12-28 01:14:48.478985,0,0.0
4325,0.9998,BFX,1,JordanManual,Bitfinex,0.9998,0.9998,0.9998,,1513015200,2017-12-26 23:21:24.889614,0,0.0
4326,0.9998,,1,JordanManual,Bitfinex,0.9998,0.9998,0.9998,BFX,1513015200,2017-12-28 01:09:55.862859,0,0.0
4327,0.9998,BFX,1,JordanManual,CCCAGG,0.9998,0.9998,0.9998,,1513015200,2017-12-26 23:21:23.208812,0,0.0
4328,0.9998,BFX,1,JordanManual,CCCAGG,0.9998,0.9998,0.9998,,1513018800,2017-12-26 23:21:23.208812,0,0.0
4329,0.9998,BFX,1,JordanManual,Bitfinex,0.9998,0.9998,0.9998,,1513018800,2017-12-26 23:21:24.889614,0,0.0
4330,0.9998,BFX,1,JordanManual,CCCAGG,0.9998,0.9998,0.9998,,1513022400,2017-12-26 23:21:23.208812,0,0.0
4331,0.9998,BFX,1,JordanManual,Bitfinex,0.9998,0.9998,0.9998,,1513022400,2017-12-26 23:21:24.889614,0,0.0
4332,0.9998,,1,JordanManual,CCCAGG,0.9998,0.9998,0.9998,BFX,1513026000,2017-12-28 01:14:48.478985,0,0.0
4333,0.9998,,1,JordanManual,Bitfinex,0.9998,0.9998,0.9998,BFX,1513026000,2017-12-28 01:09:55.862859,0,0.0
4334,0.9998,BFX,1,JordanManual,Bitfinex,0.9998,0.9998,0.9998,,1513026000,2017-12-26 23:21:24.889614,0,0.0
4335,0.9998,BFX,1,JordanManual,CCCAGG,0.9998,0.9998,0.9998,,1513026000,2017-12-26 23:21:23.208812,0,0.0
4336,0.9998,BFX,1,JordanManual,CCCAGG,0.9998,0.9998,0.9998,,1513029600,2017-12-26 23:21:23.208812,0,0.0
4337,0.9998,BFX,1,JordanManual,Bitfinex,0.9998,0.9998,0.9998,,1513029600,2017-12-26 23:21:24.889614,0,0.0
4338,0.9998,BFX,1,JordanManual,Bitfinex,0.9998,0.9998,0.9998,,1513033200,2017-12-26 23:21:24.889614,0,0.0
4339,0.9998,BFX,1,JordanManual,CCCAGG,0.9998,0.9998,0.9998,,1513033200,2017-12-26 23:21:23.208812,0,0.0
4340,0.9998,BFX,1,JordanManual,CCCAGG,0.9998,0.9998,0.9998,,1513036800,2017-12-26 23:21:23.208812,0,0.0
4341,0.9998,,1,JordanManual,Bitfinex,0.9998,0.9998,0.9998,BFX,1513036800,2017-12-28 01:09:55.862859,0,0.0
4342,0.9998,BFX,1,JordanManual,Bitfinex,0.9998,0.9998,0.9998,,1513036800,2017-12-26 23:21:24.889614,0,0.0
4343,0.9998,,1,JordanManual,CCCAGG,0.9998,0.9998,0.9998,BFX,1513036800,2017-12-28 01:14:48.478985,0,0.0
4344,0.9998,BFX,1,JordanManual,Bitfinex,0.9998,0.9998,0.9998,,1513040400,2017-12-26 23:21:24.889614,0,0.0
4345,0.9998,BFX,1,JordanManual,CCCAGG,0.9998,0.9998,0.9998,,1513040400,2017-12-26 23:21:23.208812,0,0.0
4346,0.9998,BFX,1,JordanManual,Bitfinex,0.9998,0.9998,0.9998,,1513044000,2017-12-26 23:21:24.889614,0,0.0
4347,0.9998,BFX,1,JordanManual,CCCAGG,0.9998,0.9998,0.9998,,1513044000,2017-12-26 23:21:23.208812,0,0.0
4348,0.9998,,1,JordanManual,CCCAGG,0.9998,0.9998,0.9998,BFX,1513047600,2017-12-28 01:14:48.478985,0,0.0
4349,0.9998,,1,JordanManual,Bitfinex,0.9998,0.9998,0.9998,BFX,1513047600,2017-12-28 01:09:55.862859,0,0.0
4350,0.9998,BFX,1,JordanManual,Bitfinex,0.9998,0.9998,0.9998,,1513047600,2017-12-26 23:21:24.889614,0,0.0
4351,0.9998,BFX,1,JordanManual,CCCAGG,0.9998,0.9998,0.9998,,1513047600,2017-12-26 23:21:23.208812,0,0.0
4352,0.9998,BFX,1,JordanManual,Bitfinex,0.9998,0.9998,0.9998,,1513051200,2017-12-26 23:21:24.889614,0,0.0
4353,0.9998,BFX,1,JordanManual,CCCAGG,0.9998,0.9998,0.9998,,1513051200,2017-12-26 23:21:23.208812,0,0.0
4354,0.9998,BFX,1,JordanManual,CCCAGG,0.9998,0.9998,0.9998,,1513054800,2017-12-26 23:21:23.208812,0,0.0
4355,0.9998,BFX,1,JordanManual,Bitfinex,0.9998,0.9998,0.9998,,1513054800,2017-12-26 23:21:24.889614,0,0.0
4356,0.9998,,1,JordanManual,Bitfinex,0.9998,0.9998,0.9998,BFX,1513058400,2017-12-28 01:09:55.862859,0,0.0
4357,0.9998,BFX,1,JordanManual,CCCAGG,0.9998,0.9998,0.9998,,1513058400,2017-12-26 23:21:23.208812,0,0.0
4358,0.9998,,1,JordanManual,CCCAGG,0.9998,0.9998,0.9998,BFX,1513058400,2017-12-28 01:14:48.478985,0,0.0
4359,0.9998,BFX,1,JordanManual,Bitfinex,0.9998,0.9998,0.9998,,1513058400,2017-12-26 23:21:24.889614,0,0.0
4360,0.9998,BFX,1,JordanManual,Bitfinex,0.9998,0.9998,0.9998,,1513062000,2017-12-26 23:21:24.889614,0,0.0
4361,0.9998,BFX,1,JordanManual,CCCAGG,0.9998,0.9998,0.9998,,1513062000,2017-12-26 23:21:23.208812,0,0.0
4362,0.9998,BFX,1,JordanManual,CCCAGG,0.9998,0.9998,0.9998,,1513065600,2017-12-26 23:21:23.208812,0,0.0
4363,0.9998,BFX,1,JordanManual,Bitfinex,0.9998,0.9998,0.9998,,1513065600,2017-12-26 23:21:24.889614,0,0.0
4364,0.9998,BFX,1,JordanManual,Bitfinex,0.9998,0.9998,0.9998,,1513069200,2017-12-26 23:21:24.889614,0,0.0
4365,0.9998,,1,JordanManual,CCCAGG,0.9998,0.9998,0.9998,BFX,1513069200,2017-12-28 01:14:48.478985,0,0.0
4366,0.9998,BFX,1,JordanManual,CCCAGG,0.9998,0.9998,0.9998,,1513069200,2017-12-26 23:21:23.208812,0,0.0
4367,0.9998,,1,JordanManual,Bitfinex,0.9998,0.9998,0.9998,BFX,1513069200,2017-12-28 01:09:55.862859,0,0.0
4368,0.9998,BFX,1,JordanManual,CCCAGG,0.9998,0.9998,0.9998,,1513072800,2017-12-26 23:21:23.208812,0,0.0
4369,0.9998,BFX,1,JordanManual,Bitfinex,0.9998,0.9998,0.9998,,1513072800,2017-12-26 23:21:24.889614,0,0.0
4370,0.9998,BFX,1,JordanManual,Bitfinex,0.9998,0.9998,0.9998,,1513076400,2017-12-26 23:21:24.889614,0,0.0
4371,0.9998,BFX,1,JordanManual,CCCAGG,0.9998,0.9998,0.9998,,1513076400,2017-12-26 23:21:23.208812,0,0.0
4372,0.9998,BFX,1,JordanManual,Bitfinex,0.9998,0.9998,0.9998,,1513080000,2017-12-26 23:21:24.889614,0,0.0
4373,0.9998,,1,JordanManual,CCCAGG,0.9998,0.9998,0.9998,BFX,1513080000,2017-12-28 01:14:48.478985,0,0.0
4374,0.9998,,1,JordanManual,Bitfinex,0.9998,0.9998,0.9998,BFX,1513080000,2017-12-28 01:09:55.862859,0,0.0
4375,0.9998,BFX,1,JordanManual,CCCAGG,0.9998,0.9998,0.9998,,1513080000,2017-12-26 23:21:23.208812,0,0.0
4376,0.9998,BFX,1,JordanManual,Bitfinex,0.9998,0.9998,0.9998,,1513083600,2017-12-26 23:21:24.889614,0,0.0
4377,0.9998,BFX,1,JordanManual,CCCAGG,0.9998,0.9998,0.9998,,1513083600,2017-12-26 23:21:23.208812,0,0.0
4378,0.9998,BFX,1,JordanManual,Bitfinex,0.9998,0.9998,0.9998,,1513087200,2017-12-26 23:21:24.889614,0,0.0
4379,0.9998,BFX,1,JordanManual,CCCAGG,0.9998,0.9998,0.9998,,1513087200,2017-12-26 23:21:23.208812,0,0.0
4380,0.9998,BFX,1,JordanManual,CCCAGG,0.9998,0.9998,0.9998,,1513090800,2017-12-26 23:21:23.208812,0,0.0
4381,0.9998,,1,JordanManual,CCCAGG,0.9998,0.9998,0.9998,BFX,1513090800,2017-12-28 01:14:48.478985,0,0.0
4382,0.9998,BFX,1,JordanManual,Bitfinex,0.9998,0.9998,0.9998,,1513090800,2017-12-26 23:21:24.889614,0,0.0
4383,0.9998,,1,JordanManual,Bitfinex,0.9998,0.9998,0.9998,BFX,1513090800,2017-12-28 01:09:55.862859,0,0.0
4384,0.9998,BFX,1,JordanManual,Bitfinex,0.9998,0.9998,0.9998,,1513094400,2017-12-26 23:21:24.889614,0,0.0
4385,0.9998,BFX,1,JordanManual,CCCAGG,0.9998,0.9998,0.9998,,1513094400,2017-12-26 23:21:23.208812,0,0.0
4386,0.9998,BFX,1,JordanManual,CCCAGG,0.9998,0.9998,0.9998,,1513098000,2017-12-26 23:21:23.208812,0,0.0
4387,0.9998,BFX,1,JordanManual,Bitfinex,0.9998,0.9998,0.9998,,1513098000,2017-12-26 23:21:24.889614,0,0.0
4388,0.9998,,1,JordanManual,CCCAGG,0.9998,0.9998,0.9998,BFX,1513101600,2017-12-28 01:14:48.478985,0,0.0
4389,0.9998,BFX,1,JordanManual,Bitfinex,0.9998,0.9998,0.9998,,1513101600,2017-12-26 23:21:24.889614,0,0.0
4390,0.9998,,1,JordanManual,Bitfinex,0.9998,0.9998,0.9998,BFX,1513101600,2017-12-28 01:09:55.862859,0,0.0
4391,0.9998,BFX,1,JordanManual,CCCAGG,0.9998,0.9998,0.9998,,1513101600,2017-12-26 23:21:23.208812,0,0.0
4392,0.9998,BFX,1,JordanManual,CCCAGG,0.9998,0.9998,0.9998,,1513105200,2017-12-26 23:21:23.208812,0,0.0
4393,0.9998,BFX,1,JordanManual,Bitfinex,0.9998,0.9998,0.9998,,1513105200,2017-12-26 23:21:24.889614,0,0.0
4394,0.9998,BFX,1,JordanManual,Bitfinex,0.9998,0.9998,0.9998,,1513108800,2017-12-26 23:21:24.889614,0,0.0
4395,0.9998,BFX,1,JordanManual,CCCAGG,0.9998,0.9998,0.9998,,1513108800,2017-12-26 23:21:23.208812,0,0.0
4396,0.9998,BFX,1,JordanManual,CCCAGG,0.9998,0.9998,0.9998,,1513112400,2017-12-26 23:21:23.208812,0,0.0
4397,0.9998,,1,JordanManual,Bitfinex,0.9998,0.9998,0.9998,BFX,1513112400,2017-12-28 01:09:55.862859,0,0.0
4398,0.9998,,1,JordanManual,CCCAGG,0.9998,0.9998,0.9998,BFX,1513112400,2017-12-28 01:14:48.478985,0,0.0
4399,0.9998,BFX,1,JordanManual,Bitfinex,0.9998,0.9998,0.9998,,1513112400,2017-12-26 23:21:24.889614,0,0.0
4400,0.9998,BFX,1,JordanManual,Bitfinex,0.9998,0.9998,0.9998,,1513116000,2017-12-26 23:21:24.889614,0,0.0
4401,0.9998,BFX,1,JordanManual,CCCAGG,0.9998,0.9998,0.9998,,1513116000,2017-12-26 23:21:23.208812,0,0.0
4402,0.9998,BFX,1,JordanManual,CCCAGG,0.9998,0.9998,0.9998,,1513119600,2017-12-26 23:21:23.208812,0,0.0
4403,0.9998,BFX,1,JordanManual,Bitfinex,0.9998,0.9998,0.9998,,1513119600,2017-12-26 23:21:24.889614,0,0.0
4404,0.9998,BFX,1,JordanManual,Bitfinex,0.9998,0.9998,0.9998,,1513123200,2017-12-26 23:21:24.889614,0,0.0
4405,0.9998,,1,JordanManual,CCCAGG,0.9998,0.9998,0.9998,BFX,1513123200,2017-12-28 01:14:48.478985,0,0.0
4406,0.9998,BFX,1,JordanManual,CCCAGG,0.9998,0.9998,0.9998,,1513123200,2017-12-26 23:21:23.208812,0,0.0
4407,0.9998,,1,JordanManual,Bitfinex,0.9998,0.9998,0.9998,BFX,1513123200,2017-12-28 01:09:55.862859,0,0.0
4408,0.9998,BFX,1,JordanManual,CCCAGG,0.9998,0.9998,0.9998,,1513126800,2017-12-26 23:21:23.208812,0,0.0
4409,0.9998,BFX,1,JordanManual,Bitfinex,0.9998,0.9998,0.9998,,1513126800,2017-12-26 23:21:24.889614,0,0.0
4410,0.9998,BFX,1,JordanManual,Bitfinex,0.9998,0.9998,0.9998,,1513130400,2017-12-26 23:21:24.889614,0,0.0
4411,0.9998,BFX,1,JordanManual,CCCAGG,0.9998,0.9998,0.9998,,1513130400,2017-12-26 23:21:23.208812,0,0.0
4412,0.9998,,1,JordanManual,Bitfinex,0.9998,0.9998,0.9998,BFX,1513134000,2017-12-28 01:09:55.862859,0,0.0
4413,0.9998,BFX,1,JordanManual,Bitfinex,0.9998,0.9998,0.9998,,1513134000,2017-12-26 23:21:24.889614,0,0.0
4414,0.9998,BFX,1,JordanManual,CCCAGG,0.9998,0.9998,0.9998,,1513134000,2017-12-26 23:21:23.208812,0,0.0
4415,0.9998,,1,JordanManual,CCCAGG,0.9998,0.9998,0.9998,BFX,1513134000,2017-12-28 01:14:48.478985,0,0.0
4416,0.9998,BFX,1,JordanManual,CCCAGG,0.9998,0.9998,0.9998,,1513137600,2017-12-26 23:21:23.208812,0,0.0
4417,0.9998,BFX,1,JordanManual,Bitfinex,0.9998,0.9998,0.9998,,1513137600,2017-12-26 23:21:24.889614,0,0.0
4418,0.9998,BFX,1,JordanManual,Bitfinex,0.9998,0.9998,0.9998,,1513141200,2017-12-26 23:21:24.889614,0,0.0
4419,0.9998,BFX,1,JordanManual,CCCAGG,0.9998,0.9998,0.9998,,1513141200,2017-12-26 23:21:23.208812,0,0.0
4420,0.9998,,1,JordanManual,Bitfinex,0.9998,0.9998,0.9998,BFX,1513144800,2017-12-28 01:09:55.862859,0,0.0
4421,0.9998,BFX,1,JordanManual,Bitfinex,0.9998,0.9998,0.9998,,1513144800,2017-12-26 23:21:24.889614,0,0.0
4422,0.9998,,1,JordanManual,CCCAGG,0.9998,0.9998,0.9998,BFX,1513144800,2017-12-28 01:14:48.478985,0,0.0
4423,0.9998,BFX,1,JordanManual,CCCAGG,0.9998,0.9998,0.9998,,1513144800,2017-12-26 23:21:23.208812,0,0.0
4424,0.9998,BFX,1,JordanManual,CCCAGG,0.9998,0.9998,0.9998,,1513148400,2017-12-26 23:21:23.208812,0,0.0
4425,0.9998,BFX,1,JordanManual,Bitfinex,0.9998,0.9998,0.9998,,1513148400,2017-12-26 23:21:24.889614,0,0.0
4426,0.9998,BFX,1,JordanManual,CCCAGG,0.9998,0.9998,0.9998,,1513152000,2017-12-26 23:21:23.208812,0,0.0
4427,0.9998,BFX,1,JordanManual,Bitfinex,0.9998,0.9998,0.9998,,1513152000,2017-12-26 23:21:24.889614,0,0.0
4428,0.9998,,1,JordanManual,CCCAGG,0.9998,0.9998,0.9998,BFX,1513155600,2017-12-28 01:14:48.478985,0,0.0
4429,0.9998,BFX,1,JordanManual,CCCAGG,0.9998,0.9998,0.9998,,1513155600,2017-12-26 23:21:23.208812,0,0.0
4430,0.9998,,1,JordanManual,Bitfinex,0.9998,0.9998,0.9998,BFX,1513155600,2017-12-28 01:09:55.862859,0,0.0
4431,0.9998,BFX,1,JordanManual,Bitfinex,0.9998,0.9998,0.9998,,1513155600,2017-12-26 23:21:24.889614,0,0.0
4432,0.9998,BFX,1,JordanManual,CCCAGG,0.9998,0.9998,0.9998,,1513159200,2017-12-26 23:21:23.208812,0,0.0
4433,0.9998,BFX,1,JordanManual,Bitfinex,0.9998,0.9998,0.9998,,1513159200,2017-12-26 23:21:24.889614,0,0.0
4434,0.9998,BFX,1,JordanManual,Bitfinex,0.9998,0.9998,0.9998,,1513162800,2017-12-26 23:21:24.889614,0,0.0
4435,0.9998,BFX,1,JordanManual,CCCAGG,0.9998,0.9998,0.9998,,1513162800,2017-12-26 23:21:23.208812,0,0.0
4436,0.9998,,1,JordanManual,CCCAGG,0.9998,0.9998,0.9998,BFX,1513166400,2017-12-28 01:14:48.478985,0,0.0
4437,0.9998,BFX,1,JordanManual,Bitfinex,0.9998,0.9998,0.9998,,1513166400,2017-12-26 23:21:24.889614,0,0.0
4438,0.9998,BFX,1,JordanManual,CCCAGG,0.9998,0.9998,0.9998,,1513166400,2017-12-26 23:21:23.208812,0,0.0
4439,0.9998,,1,JordanManual,Bitfinex,0.9998,0.9998,0.9998,BFX,1513166400,2017-12-28 01:09:55.862859,0,0.0
4440,0.9998,BFX,1,JordanManual,Bitfinex,0.9998,0.9998,0.9998,,1513170000,2017-12-26 23:21:24.889614,0,0.0
4441,0.9998,BFX,1,JordanManual,CCCAGG,0.9998,0.9998,0.9998,,1513170000,2017-12-26 23:21:23.208812,0,0.0
4442,0.9998,BFX,1,JordanManual,CCCAGG,0.9998,0.9998,0.9998,,1513173600,2017-12-26 23:21:23.208812,0,0.0
4443,0.9998,BFX,1,JordanManual,Bitfinex,0.9998,0.9998,0.9998,,1513173600,2017-12-26 23:21:24.889614,0,0.0
4444,0.9998,BFX,1,JordanManual,Bitfinex,0.9998,0.9998,0.9998,,1513177200,2017-12-26 23:21:24.889614,0,0.0
4445,0.9998,BFX,1,JordanManual,CCCAGG,0.9998,0.9998,0.9998,,1513177200,2017-12-26 23:21:23.208812,0,0.0
4446,0.9998,,1,JordanManual,Bitfinex,0.9998,0.9998,0.9998,BFX,1513177200,2017-12-28 01:09:55.862859,0,0.0
4447,0.9998,,1,JordanManual,CCCAGG,0.9998,0.9998,0.9998,BFX,1513177200,2017-12-28 01:14:48.478985,0,0.0
4448,0.9998,BFX,1,JordanManual,CCCAGG,0.9998,0.9998,0.9998,,1513180800,2017-12-26 23:21:23.208812,0,0.0
4449,0.9998,BFX,1,JordanManual,Bitfinex,0.9998,0.9998,0.9998,,1513180800,2017-12-26 23:21:24.889614,0,0.0
4450,0.9998,BFX,1,JordanManual,CCCAGG,0.9998,0.9998,0.9998,,1513184400,2017-12-26 23:21:23.208812,0,0.0
4451,0.9998,BFX,1,JordanManual,Bitfinex,0.9998,0.9998,0.9998,,1513184400,2017-12-26 23:21:24.889614,0,0.0
4452,0.9998,,1,JordanManual,Bitfinex,0.9998,0.9998,0.9998,BFX,1513188000,2017-12-28 01:09:55.862859,0,0.0
4453,0.9998,BFX,1,JordanManual,Bitfinex,0.9998,0.9998,0.9998,,1513188000,2017-12-26 23:21:24.889614,0,0.0
4454,0.9998,BFX,1,JordanManual,CCCAGG,0.9998,0.9998,0.9998,,1513188000,2017-12-26 23:21:23.208812,0,0.0
4455,0.9998,,1,JordanManual,CCCAGG,0.9998,0.9998,0.9998,BFX,1513188000,2017-12-28 01:14:48.478985,0,0.0
4456,0.9998,BFX,1,JordanManual,Bitfinex,0.9998,0.9998,0.9998,,1513191600,2017-12-26 23:21:24.889614,0,0.0
4457,0.9998,BFX,1,JordanManual,CCCAGG,0.9998,0.9998,0.9998,,1513191600,2017-12-26 23:21:23.208812,0,0.0
4458,0.9998,BFX,1,JordanManual,CCCAGG,0.9998,0.9998,0.9998,,1513195200,2017-12-26 23:21:23.208812,0,0.0
4459,0.9998,BFX,1,JordanManual,Bitfinex,0.9998,0.9998,0.9998,,1513195200,2017-12-26 23:21:24.889614,0,0.0
4460,0.9998,,1,JordanManual,Bitfinex,0.9998,0.9998,0.9998,BFX,1513198800,2017-12-28 01:09:55.862859,0,0.0
4461,0.9998,BFX,1,JordanManual,Bitfinex,0.9998,0.9998,0.9998,,1513198800,2017-12-26 23:21:24.889614,0,0.0
4462,0.9998,,1,JordanManual,CCCAGG,0.9998,0.9998,0.9998,BFX,1513198800,2017-12-28 01:14:48.478985,0,0.0
4463,0.9998,BFX,1,JordanManual,CCCAGG,0.9998,0.9998,0.9998,,1513198800,2017-12-26 23:21:23.208812,0,0.0
4464,0.9998,BFX,1,JordanManual,CCCAGG,0.9998,0.9998,0.9998,,1513202400,2017-12-26 23:21:23.208812,0,0.0
4465,0.9998,BFX,1,JordanManual,Bitfinex,0.9998,0.9998,0.9998,,1513202400,2017-12-26 23:21:24.889614,0,0.0
4466,0.9998,BFX,1,JordanManual,Bitfinex,0.9998,0.9998,0.9998,,1513206000,2017-12-26 23:21:24.889614,0,0.0
4467,0.9998,BFX,1,JordanManual,CCCAGG,0.9998,0.9998,0.9998,,1513206000,2017-12-26 23:21:23.208812,0,0.0
4468,0.9998,BFX,1,JordanManual,CCCAGG,0.9998,0.9998,0.9998,,1513209600,2017-12-26 23:21:23.208812,0,0.0
4469,0.9998,BFX,1,JordanManual,Bitfinex,0.9998,0.9998,0.9998,,1513209600,2017-12-26 23:21:24.889614,0,0.0
4470,0.9998,,1,JordanManual,Bitfinex,0.9998,0.9998,0.9998,BFX,1513209600,2017-12-28 01:09:55.862859,0,0.0
4471,0.9998,,1,JordanManual,CCCAGG,0.9998,0.9998,0.9998,BFX,1513209600,2017-12-28 01:14:48.478985,0,0.0
4472,0.9998,BFX,1,JordanManual,CCCAGG,0.9998,0.9998,0.9998,,1513213200,2017-12-26 23:21:23.208812,0,0.0
4473,0.9998,BFX,1,JordanManual,Bitfinex,0.9998,0.9998,0.9998,,1513213200,2017-12-26 23:21:24.889614,0,0.0
4474,0.9998,BFX,1,JordanManual,CCCAGG,0.9998,0.9998,0.9998,,1513216800,2017-12-26 23:21:23.208812,0,0.0
4475,0.9998,BFX,1,JordanManual,Bitfinex,0.9998,0.9998,0.9998,,1513216800,2017-12-26 23:21:24.889614,0,0.0
4476,0.9998,,1,JordanManual,CCCAGG,0.9998,0.9998,0.9998,BFX,1513220400,2017-12-28 01:14:48.478985,0,0.0
4477,0.9998,BFX,1,JordanManual,Bitfinex,0.9998,0.9998,0.9998,,1513220400,2017-12-26 23:21:24.889614,0,0.0
4478,0.9998,BFX,1,JordanManual,CCCAGG,0.9998,0.9998,0.9998,,1513220400,2017-12-26 23:21:23.208812,0,0.0
4479,0.9998,,1,JordanManual,Bitfinex,0.9998,0.9998,0.9998,BFX,1513220400,2017-12-28 01:09:55.862859,0,0.0
4480,0.9998,BFX,1,JordanManual,Bitfinex,0.9998,0.9998,0.9998,,1513224000,2017-12-26 23:21:24.889614,0,0.0
4481,0.9998,BFX,1,JordanManual,CCCAGG,0.9998,0.9998,0.9998,,1513224000,2017-12-26 23:21:23.208812,0,0.0
4482,0.9998,BFX,1,JordanManual,CCCAGG,0.9998,0.9998,0.9998,,1513227600,2017-12-26 23:21:23.208812,0,0.0
4483,0.9998,BFX,1,JordanManual,Bitfinex,0.9998,0.9998,0.9998,,1513227600,2017-12-26 23:21:24.889614,0,0.0
4484,0.9998,,1,JordanManual,CCCAGG,0.9998,0.9998,0.9998,BFX,1513231200,2017-12-28 01:14:48.478985,0,0.0
4485,0.9998,,1,JordanManual,Bitfinex,0.9998,0.9998,0.9998,BFX,1513231200,2017-12-28 01:09:55.862859,0,0.0
4486,0.9998,BFX,1,JordanManual,CCCAGG,0.9998,0.9998,0.9998,,1513231200,2017-12-26 23:21:23.208812,0,0.0
4487,0.9998,BFX,1,JordanManual,Bitfinex,0.9998,0.9998,0.9998,,1513231200,2017-12-26 23:21:24.889614,0,0.0
4488,0.9998,BFX,1,JordanManual,CCCAGG,0.9998,0.9998,0.9998,,1513234800,2017-12-26 23:21:23.208812,0,0.0
4489,0.9998,BFX,1,JordanManual,Bitfinex,0.9998,0.9998,0.9998,,1513234800,2017-12-26 23:21:24.889614,0,0.0
4490,0.9998,BFX,1,JordanManual,Bitfinex,0.9998,0.9998,0.9998,,1513238400,2017-12-26 23:21:24.889614,0,0.0
4491,0.9998,BFX,1,JordanManual,CCCAGG,0.9998,0.9998,0.9998,,1513238400,2017-12-26 23:21:23.208812,0,0.0
4492,0.9998,BFX,1,JordanManual,CCCAGG,0.9998,0.9998,0.9998,,1513242000,2017-12-26 23:21:23.208812,0,0.0
4493,0.9998,BFX,1,JordanManual,Bitfinex,0.9998,0.9998,0.9998,,1513242000,2017-12-26 23:21:24.889614,0,0.0
4494,0.9998,,1,JordanManual,Bitfinex,0.9998,0.9998,0.9998,BFX,1513242000,2017-12-28 01:09:55.862859,0,0.0
4495,0.9998,,1,JordanManual,CCCAGG,0.9998,0.9998,0.9998,BFX,1513242000,2017-12-28 01:14:48.478985,0,0.0
4496,0.9998,BFX,1,JordanManual,Bitfinex,0.9998,0.9998,0.9998,,1513245600,2017-12-26 23:21:24.889614,0,0.0
4497,0.9998,BFX,1,JordanManual,CCCAGG,0.9998,0.9998,0.9998,,1513245600,2017-12-26 23:21:23.208812,0,0.0
4498,0.9998,BFX,1,JordanManual,CCCAGG,0.9998,0.9998,0.9998,,1513249200,2017-12-26 23:21:23.208812,0,0.0
4499,0.9998,BFX,1,JordanManual,Bitfinex,0.9998,0.9998,0.9998,,1513249200,2017-12-26 23:21:24.889614,0,0.0
4500,0.9998,,1,JordanManual,CCCAGG,0.9998,0.9998,0.9998,BFX,1513252800,2017-12-28 01:14:48.478985,0,0.0
4501,0.9998,BFX,1,JordanManual,Bitfinex,0.9998,0.9998,0.9998,,1513252800,2017-12-26 23:21:24.889614,0,0.0
4502,0.9998,BFX,1,JordanManual,CCCAGG,0.9998,0.9998,0.9998,,1513252800,2017-12-26 23:21:23.208812,0,0.0
4503,0.9998,,1,JordanManual,Bitfinex,0.9998,0.9998,0.9998,BFX,1513252800,2017-12-28 01:09:55.862859,0,0.0
4504,0.9998,BFX,1,JordanManual,Bitfinex,0.9998,0.9998,0.9998,,1513256400,2017-12-26 23:21:24.889614,0,0.0
4505,0.9998,BFX,1,JordanManual,CCCAGG,0.9998,0.9998,0.9998,,1513256400,2017-12-26 23:21:23.208812,0,0.0
4506,0.9998,BFX,1,JordanManual,CCCAGG,0.9998,0.9998,0.9998,,1513260000,2017-12-26 23:21:23.208812,0,0.0
4507,0.9998,BFX,1,JordanManual,Bitfinex,0.9998,0.9998,0.9998,,1513260000,2017-12-26 23:21:24.889614,0,0.0
4508,0.9998,BFX,1,JordanManual,Bitfinex,0.9998,0.9998,0.9998,,1513263600,2017-12-26 23:21:24.889614,0,0.0
4509,0.9998,,1,JordanManual,Bitfinex,0.9998,0.9998,0.9998,BFX,1513263600,2017-12-28 01:09:55.862859,0,0.0
4510,0.9998,BFX,1,JordanManual,CCCAGG,0.9998,0.9998,0.9998,,1513263600,2017-12-26 23:21:23.208812,0,0.0
4511,0.9998,,1,JordanManual,CCCAGG,0.9998,0.9998,0.9998,BFX,1513263600,2017-12-28 01:14:48.478985,0,0.0
4512,0.9998,BFX,1,JordanManual,Bitfinex,0.9998,0.9998,0.9998,,1513267200,2017-12-26 23:21:24.889614,0,0.0
4513,0.9998,BFX,1,JordanManual,CCCAGG,0.9998,0.9998,0.9998,,1513267200,2017-12-26 23:21:23.208812,0,0.0
4514,0.9998,BFX,1,JordanManual,CCCAGG,0.9998,0.9998,0.9998,,1513270800,2017-12-26 23:21:23.208812,0,0.0
4515,0.9998,BFX,1,JordanManual,Bitfinex,0.9998,0.9998,0.9998,,1513270800,2017-12-26 23:21:24.889614,0,0.0
4516,0.9998,BFX,1,JordanManual,CCCAGG,0.9998,0.9998,0.9998,,1513274400,2017-12-26 23:21:23.208812,0,0.0
4517,0.9998,,1,JordanManual,CCCAGG,0.9998,0.9998,0.9998,BFX,1513274400,2017-12-28 01:14:48.478985,0,0.0
4518,0.9998,BFX,1,JordanManual,Bitfinex,0.9998,0.9998,0.9998,,1513274400,2017-12-26 23:21:24.889614,0,0.0
4519,0.9998,,1,JordanManual,Bitfinex,0.9998,0.9998,0.9998,BFX,1513274400,2017-12-28 01:09:55.862859,0,0.0
4520,0.9998,BFX,1,JordanManual,Bitfinex,0.9998,0.9998,0.9998,,1513278000,2017-12-26 23:21:24.889614,0,0.0
4521,0.9998,BFX,1,JordanManual,CCCAGG,0.9998,0.9998,0.9998,,1513278000,2017-12-26 23:21:23.208812,0,0.0
4522,0.9998,BFX,1,JordanManual,Bitfinex,0.9998,0.9998,0.9998,,1513281600,2017-12-26 23:21:24.889614,0,0.0
4523,0.9998,BFX,1,JordanManual,CCCAGG,0.9998,0.9998,0.9998,,1513281600,2017-12-26 23:21:23.208812,0,0.0
4524,0.9998,BFX,1,JordanManual,Bitfinex,0.9998,0.9998,0.9998,,1513285200,2017-12-26 23:21:24.889614,0,0.0
4525,0.9998,,1,JordanManual,Bitfinex,0.9998,0.9998,0.9998,BFX,1513285200,2017-12-28 01:09:55.862859,0,0.0
4526,0.9998,,1,JordanManual,CCCAGG,0.9998,0.9998,0.9998,BFX,1513285200,2017-12-28 01:14:48.478985,0,0.0
4527,0.9998,BFX,1,JordanManual,CCCAGG,0.9998,0.9998,0.9998,,1513285200,2017-12-26 23:21:23.208812,0,0.0
4528,0.9998,BFX,1,JordanManual,Bitfinex,0.9998,0.9998,0.9998,,1513288800,2017-12-26 23:21:24.889614,0,0.0
4529,0.9998,BFX,1,JordanManual,CCCAGG,0.9998,0.9998,0.9998,,1513288800,2017-12-26 23:21:23.208812,0,0.0
4530,0.9998,BFX,1,JordanManual,CCCAGG,0.9998,0.9998,0.9998,,1513292400,2017-12-26 23:21:23.208812,0,0.0
4531,0.9998,BFX,1,JordanManual,Bitfinex,0.9998,0.9998,0.9998,,1513292400,2017-12-26 23:21:24.889614,0,0.0
4532,0.9998,,1,JordanManual,CCCAGG,0.9998,0.9998,0.9998,BFX,1513296000,2017-12-28 01:14:48.478985,0,0.0
4533,0.9998,BFX,1,JordanManual,Bitfinex,0.9998,0.9998,0.9998,,1513296000,2017-12-26 23:21:24.889614,0,0.0
4534,0.9998,,1,JordanManual,Bitfinex,0.9998,0.9998,0.9998,BFX,1513296000,2017-12-28 01:09:55.862859,0,0.0
4535,0.9998,BFX,1,JordanManual,CCCAGG,0.9998,0.9998,0.9998,,1513296000,2017-12-26 23:21:23.208812,0,0.0
4536,0.9998,BFX,1,JordanManual,CCCAGG,0.9998,0.9998,0.9998,,1513299600,2017-12-26 23:21:23.208812,0,0.0
4537,0.9998,BFX,1,JordanManual,Bitfinex,0.9998,0.9998,0.9998,,1513299600,2017-12-26 23:21:24.889614,0,0.0
4538,0.9998,BFX,1,JordanManual,CCCAGG,0.9998,0.9998,0.9998,,1513303200,2017-12-26 23:21:23.208812,0,0.0
4539,0.9998,BFX,1,JordanManual,Bitfinex,0.9998,0.9998,0.9998,,1513303200,2017-12-26 23:21:24.889614,0,0.0
4540,0.9998,BFX,1,JordanManual,Bitfinex,0.9998,0.9998,0.9998,,1513306800,2017-12-26 23:21:24.889614,0,0.0
4541,0.9998,BFX,1,JordanManual,CCCAGG,0.9998,0.9998,0.9998,,1513306800,2017-12-26 23:21:23.208812,0,0.0
4542,0.9998,,1,JordanManual,Bitfinex,0.9998,0.9998,0.9998,BFX,1513306800,2017-12-28 01:09:55.862859,0,0.0
4543,0.9998,,1,JordanManual,CCCAGG,0.9998,0.9998,0.9998,BFX,1513306800,2017-12-28 01:14:48.478985,0,0.0
4544,0.9998,BFX,1,JordanManual,Bitfinex,0.9998,0.9998,0.9998,,1513310400,2017-12-26 23:21:24.889614,0,0.0
4545,0.9998,BFX,1,JordanManual,CCCAGG,0.9998,0.9998,0.9998,,1513310400,2017-12-26 23:21:23.208812,0,0.0
4546,0.9998,BFX,1,JordanManual,Bitfinex,0.9998,0.9998,0.9998,,1513314000,2017-12-26 23:21:24.889614,0,0.0
4547,0.9998,BFX,1,JordanManual,CCCAGG,0.9998,0.9998,0.9998,,1513314000,2017-12-26 23:21:23.208812,0,0.0
4548,0.9998,BFX,1,JordanManual,Bitfinex,0.9998,0.9998,0.9998,,1513317600,2017-12-26 23:21:24.889614,0,0.0
4549,0.9998,BFX,1,JordanManual,CCCAGG,0.9998,0.9998,0.9998,,1513317600,2017-12-26 23:21:23.208812,0,0.0
4550,0.9998,,1,JordanManual,Bitfinex,0.9998,0.9998,0.9998,BFX,1513317600,2017-12-28 01:09:55.862859,0,0.0
4551,0.9998,,1,JordanManual,CCCAGG,0.9998,0.9998,0.9998,BFX,1513317600,2017-12-28 01:14:48.478985,0,0.0
4552,0.9998,BFX,1,JordanManual,Bitfinex,0.9998,0.9998,0.9998,,1513321200,2017-12-26 23:21:24.889614,0,0.0
4553,0.9998,BFX,1,JordanManual,CCCAGG,0.9998,0.9998,0.9998,,1513321200,2017-12-26 23:21:23.208812,0,0.0
4554,0.9998,BFX,1,JordanManual,Bitfinex,0.9998,0.9998,0.9998,,1513324800,2017-12-26 23:21:24.889614,0,0.0
4555,0.9998,BFX,1,JordanManual,CCCAGG,0.9998,0.9998,0.9998,,1513324800,2017-12-26 23:21:23.208812,0,0.0
4556,0.9998,BFX,1,JordanManual,CCCAGG,0.9998,0.9998,0.9998,,1513328400,2017-12-26 23:21:23.208812,0,0.0
4557,0.9998,,1,JordanManual,CCCAGG,0.9998,0.9998,0.9998,BFX,1513328400,2017-12-28 01:14:48.478985,0,0.0
4558,0.9998,,1,JordanManual,Bitfinex,0.9998,0.9998,0.9998,BFX,1513328400,2017-12-28 01:09:55.862859,0,0.0
4559,0.9998,BFX,1,JordanManual,Bitfinex,0.9998,0.9998,0.9998,,1513328400,2017-12-26 23:21:24.889614,0,0.0
4560,0.9998,BFX,1,JordanManual,CCCAGG,0.9998,0.9998,0.9998,,1513332000,2017-12-26 23:21:23.208812,0,0.0
4561,0.9998,BFX,1,JordanManual,Bitfinex,0.9998,0.9998,0.9998,,1513332000,2017-12-26 23:21:24.889614,0,0.0
4562,0.9998,BFX,1,JordanManual,CCCAGG,0.9998,0.9998,0.9998,,1513335600,2017-12-26 23:21:23.208812,0,0.0
4563,0.9998,BFX,1,JordanManual,Bitfinex,0.9998,0.9998,0.9998,,1513335600,2017-12-26 23:21:24.889614,0,0.0
4564,0.9998,BFX,1,JordanManual,CCCAGG,0.9998,0.9998,0.9998,,1513339200,2017-12-26 23:21:23.208812,0,0.0
4565,0.9998,BFX,1,JordanManual,Bitfinex,0.9998,0.9998,0.9998,,1513339200,2017-12-26 23:21:24.889614,0,0.0
4566,0.9998,,1,JordanManual,CCCAGG,0.9998,0.9998,0.9998,BFX,1513339200,2017-12-28 01:14:48.478985,0,0.0
4567,0.9998,,1,JordanManual,Bitfinex,0.9998,0.9998,0.9998,BFX,1513339200,2017-12-28 01:09:55.862859,0,0.0
4568,0.9998,BFX,1,JordanManual,Bitfinex,0.9998,0.9998,0.9998,,1513342800,2017-12-26 23:21:24.889614,0,0.0
4569,0.9998,BFX,1,JordanManual,CCCAGG,0.9998,0.9998,0.9998,,1513342800,2017-12-26 23:21:23.208812,0,0.0
4570,0.9998,BFX,1,JordanManual,Bitfinex,0.9998,0.9998,0.9998,,1513346400,2017-12-26 23:21:24.889614,0,0.0
4571,0.9998,BFX,1,JordanManual,CCCAGG,0.9998,0.9998,0.9998,,1513346400,2017-12-26 23:21:23.208812,0,0.0
4572,0.9998,BFX,1,JordanManual,Bitfinex,0.9998,0.9998,0.9998,,1513350000,2017-12-26 23:21:24.889614,0,0.0
4573,0.9998,,1,JordanManual,Bitfinex,0.9998,0.9998,0.9998,BFX,1513350000,2017-12-28 01:09:55.862859,0,0.0
4574,0.9998,BFX,1,JordanManual,CCCAGG,0.9998,0.9998,0.9998,,1513350000,2017-12-26 23:21:23.208812,0,0.0
4575,0.9998,,1,JordanManual,CCCAGG,0.9998,0.9998,0.9998,BFX,1513350000,2017-12-28 01:14:48.478985,0,0.0
4576,0.9998,BFX,1,JordanManual,CCCAGG,0.9998,0.9998,0.9998,,1513353600,2017-12-26 23:21:23.208812,0,0.0
4577,0.9998,BFX,1,JordanManual,Bitfinex,0.9998,0.9998,0.9998,,1513353600,2017-12-26 23:21:24.889614,0,0.0
4578,0.9998,BFX,1,JordanManual,Bitfinex,0.9998,0.9998,0.9998,,1513357200,2017-12-26 23:21:24.889614,0,0.0
4579,0.9998,BFX,1,JordanManual,CCCAGG,0.9998,0.9998,0.9998,,1513357200,2017-12-26 23:21:23.208812,0,0.0
4580,0.9998,BFX,1,JordanManual,CCCAGG,0.9998,0.9998,0.9998,,1513360800,2017-12-26 23:21:23.208812,0,0.0
4581,0.9998,,1,JordanManual,Bitfinex,0.9998,0.9998,0.9998,BFX,1513360800,2017-12-28 01:09:55.862859,0,0.0
4582,0.9998,BFX,1,JordanManual,Bitfinex,0.9998,0.9998,0.9998,,1513360800,2017-12-26 23:21:24.889614,0,0.0
4583,0.9998,,1,JordanManual,CCCAGG,0.9998,0.9998,0.9998,BFX,1513360800,2017-12-28 01:14:48.478985,0,0.0
4584,0.9998,BFX,1,JordanManual,Bitfinex,0.9998,0.9998,0.9998,,1513364400,2017-12-26 23:21:24.889614,0,0.0
4585,0.9998,BFX,1,JordanManual,CCCAGG,0.9998,0.9998,0.9998,,1513364400,2017-12-26 23:21:23.208812,0,0.0
4586,0.9998,BFX,1,JordanManual,CCCAGG,0.9998,0.9998,0.9998,,1513368000,2017-12-26 23:21:23.208812,0,0.0
4587,0.9998,BFX,1,JordanManual,Bitfinex,0.9998,0.9998,0.9998,,1513368000,2017-12-26 23:21:24.889614,0,0.0
4588,0.9998,BFX,1,JordanManual,Bitfinex,0.9998,0.9998,0.9998,,1513371600,2017-12-26 23:21:24.889614,0,0.0
4589,0.9998,BFX,1,JordanManual,CCCAGG,0.9998,0.9998,0.9998,,1513371600,2017-12-26 23:21:23.208812,0,0.0
4590,0.9998,,1,JordanManual,CCCAGG,0.9998,0.9998,0.9998,BFX,1513371600,2017-12-28 01:14:48.478985,0,0.0
4591,0.9998,,1,JordanManual,Bitfinex,0.9998,0.9998,0.9998,BFX,1513371600,2017-12-28 01:09:55.862859,0,0.0
4592,0.9998,BFX,1,JordanManual,Bitfinex,0.9998,0.9998,0.9998,,1513375200,2017-12-26 23:21:24.889614,0,0.0
4593,0.9998,BFX,1,JordanManual,CCCAGG,0.9998,0.9998,0.9998,,1513375200,2017-12-26 23:21:23.208812,0,0.0
4594,0.9998,BFX,1,JordanManual,Bitfinex,0.9998,0.9998,0.9998,,1513378800,2017-12-26 23:21:24.889614,0,0.0
4595,0.9998,BFX,1,JordanManual,CCCAGG,0.9998,0.9998,0.9998,,1513378800,2017-12-26 23:21:23.208812,0,0.0
4596,0.9998,,1,JordanManual,CCCAGG,0.9998,0.9998,0.9998,BFX,1513382400,2017-12-28 01:14:48.478985,0,0.0
4597,0.9998,BFX,1,JordanManual,Bitfinex,0.9998,0.9998,0.9998,,1513382400,2017-12-26 23:21:24.889614,0,0.0
4598,0.9998,,1,JordanManual,Bitfinex,0.9998,0.9998,0.9998,BFX,1513382400,2017-12-28 01:09:55.862859,0,0.0
4599,0.9998,BFX,1,JordanManual,CCCAGG,0.9998,0.9998,0.9998,,1513382400,2017-12-26 23:21:23.208812,0,0.0
4600,0.9998,BFX,1,JordanManual,CCCAGG,0.9998,0.9998,0.9998,,1513386000,2017-12-26 23:21:23.208812,0,0.0
4601,0.9998,BFX,1,JordanManual,Bitfinex,0.9998,0.9998,0.9998,,1513386000,2017-12-26 23:21:24.889614,0,0.0
4602,0.9998,BFX,1,JordanManual,Bitfinex,0.9998,0.9998,0.9998,,1513389600,2017-12-26 23:21:24.889614,0,0.0
4603,0.9998,BFX,1,JordanManual,CCCAGG,0.9998,0.9998,0.9998,,1513389600,2017-12-26 23:21:23.208812,0,0.0
4604,0.9998,,1,JordanManual,CCCAGG,0.9998,0.9998,0.9998,BFX,1513393200,2017-12-28 01:14:48.478985,0,0.0
4605,0.9998,BFX,1,JordanManual,CCCAGG,0.9998,0.9998,0.9998,,1513393200,2017-12-26 23:21:23.208812,0,0.0
4606,0.9998,BFX,1,JordanManual,Bitfinex,0.9998,0.9998,0.9998,,1513393200,2017-12-26 23:21:24.889614,0,0.0
4607,0.9998,,1,JordanManual,Bitfinex,0.9998,0.9998,0.9998,BFX,1513393200,2017-12-28 01:09:55.862859,0,0.0
4608,0.9998,BFX,1,JordanManual,CCCAGG,0.9998,0.9998,0.9998,,1513396800,2017-12-26 23:21:23.208812,0,0.0
4609,0.9998,BFX,1,JordanManual,Bitfinex,0.9998,0.9998,0.9998,,1513396800,2017-12-26 23:21:24.889614,0,0.0
4610,0.9998,BFX,1,JordanManual,Bitfinex,0.9998,0.9998,0.9998,,1513400400,2017-12-26 23:21:24.889614,0,0.0
4611,0.9998,BFX,1,JordanManual,CCCAGG,0.9998,0.9998,0.9998,,1513400400,2017-12-26 23:21:23.208812,0,0.0
4612,0.9998,BFX,1,JordanManual,Bitfinex,0.9998,0.9998,0.9998,,1513404000,2017-12-26 23:21:24.889614,0,0.0
4613,0.9998,BFX,1,JordanManual,CCCAGG,0.9998,0.9998,0.9998,,1513404000,2017-12-26 23:21:23.208812,0,0.0
4614,0.9998,,1,JordanManual,Bitfinex,0.9998,0.9998,0.9998,BFX,1513404000,2017-12-28 01:09:55.862859,0,0.0
4615,0.9998,,1,JordanManual,CCCAGG,0.9998,0.9998,0.9998,BFX,1513404000,2017-12-28 01:14:48.478985,0,0.0
4616,0.9998,BFX,1,JordanManual,Bitfinex,0.9998,0.9998,0.9998,,1513407600,2017-12-26 23:21:24.889614,0,0.0
4617,0.9998,BFX,1,JordanManual,CCCAGG,0.9998,0.9998,0.9998,,1513407600,2017-12-26 23:21:23.208812,0,0.0
4618,0.9998,BFX,1,JordanManual,CCCAGG,0.9998,0.9998,0.9998,,1513411200,2017-12-26 23:21:23.208812,0,0.0
4619,0.9998,BFX,1,JordanManual,Bitfinex,0.9998,0.9998,0.9998,,1513411200,2017-12-26 23:21:24.889614,0,0.0
4620,0.9998,,1,JordanManual,CCCAGG,0.9998,0.9998,0.9998,BFX,1513414800,2017-12-28 01:14:48.478985,0,0.0
4621,0.9998,BFX,1,JordanManual,Bitfinex,0.9998,0.9998,0.9998,,1513414800,2017-12-26 23:21:24.889614,0,0.0
4622,0.9998,BFX,1,JordanManual,CCCAGG,0.9998,0.9998,0.9998,,1513414800,2017-12-26 23:21:23.208812,0,0.0
4623,0.9998,,1,JordanManual,Bitfinex,0.9998,0.9998,0.9998,BFX,1513414800,2017-12-28 01:09:55.862859,0,0.0
4624,0.9998,BFX,1,JordanManual,Bitfinex,0.9998,0.9998,0.9998,,1513418400,2017-12-26 23:21:24.889614,0,0.0
4625,0.9998,BFX,1,JordanManual,CCCAGG,0.9998,0.9998,0.9998,,1513418400,2017-12-26 23:21:23.208812,0,0.0
4626,0.9998,BFX,1,JordanManual,Bitfinex,0.9998,0.9998,0.9998,,1513422000,2017-12-26 23:21:24.889614,0,0.0
4627,0.9998,BFX,1,JordanManual,CCCAGG,0.9998,0.9998,0.9998,,1513422000,2017-12-26 23:21:23.208812,0,0.0
4628,0.9998,BFX,1,JordanManual,Bitfinex,0.9998,0.9998,0.9998,,1513425600,2017-12-26 23:21:24.889614,0,0.0
4629,0.9998,BFX,1,JordanManual,CCCAGG,0.9998,0.9998,0.9998,,1513425600,2017-12-26 23:21:23.208812,0,0.0
4630,0.9998,,1,JordanManual,Bitfinex,0.9998,0.9998,0.9998,BFX,1513425600,2017-12-28 01:09:55.862859,0,0.0
4631,0.9998,,1,JordanManual,CCCAGG,0.9998,0.9998,0.9998,BFX,1513425600,2017-12-28 01:14:48.478985,0,0.0
4632,0.9998,BFX,1,JordanManual,Bitfinex,0.9998,0.9998,0.9998,,1513429200,2017-12-26 23:21:24.889614,0,0.0
4633,0.9998,BFX,1,JordanManual,CCCAGG,0.9998,0.9998,0.9998,,1513429200,2017-12-26 23:21:23.208812,0,0.0
4634,0.9998,BFX,1,JordanManual,CCCAGG,0.9998,0.9998,0.9998,,1513432800,2017-12-26 23:21:23.208812,0,0.0
4635,0.9998,BFX,1,JordanManual,Bitfinex,0.9998,0.9998,0.9998,,1513432800,2017-12-26 23:21:24.889614,0,0.0
4636,0.9998,BFX,1,JordanManual,CCCAGG,0.9998,0.9998,0.9998,,1513436400,2017-12-26 23:21:23.208812,0,0.0
4637,0.9998,BFX,1,JordanManual,Bitfinex,0.9998,0.9998,0.9998,,1513436400,2017-12-26 23:21:24.889614,0,0.0
4638,0.9998,,1,JordanManual,CCCAGG,0.9998,0.9998,0.9998,BFX,1513436400,2017-12-28 01:14:48.478985,0,0.0
4639,0.9998,,1,JordanManual,Bitfinex,0.9998,0.9998,0.9998,BFX,1513436400,2017-12-28 01:09:55.862859,0,0.0
4640,0.9998,BFX,1,JordanManual,Bitfinex,0.9998,0.9998,0.9998,,1513440000,2017-12-26 23:21:24.889614,0,0.0
4641,0.9998,BFX,1,JordanManual,CCCAGG,0.9998,0.9998,0.9998,,1513440000,2017-12-26 23:21:23.208812,0,0.0
4642,0.9998,BFX,1,JordanManual,CCCAGG,0.9998,0.9998,0.9998,,1513443600,2017-12-26 23:21:23.208812,0,0.0
4643,0.9998,BFX,1,JordanManual,Bitfinex,0.9998,0.9998,0.9998,,1513443600,2017-12-26 23:21:24.889614,0,0.0
4644,0.9998,,1,JordanManual,CCCAGG,0.9998,0.9998,0.9998,BFX,1513447200,2017-12-28 01:14:48.478985,0,0.0
4645,0.9998,BFX,1,JordanManual,CCCAGG,0.9998,0.9998,0.9998,,1513447200,2017-12-26 23:21:23.208812,0,0.0
4646,0.9998,BFX,1,JordanManual,Bitfinex,0.9998,0.9998,0.9998,,1513447200,2017-12-26 23:21:24.889614,0,0.0
4647,0.9998,,1,JordanManual,Bitfinex,0.9998,0.9998,0.9998,BFX,1513447200,2017-12-28 01:09:55.862859,0,0.0
4648,0.9998,BFX,1,JordanManual,Bitfinex,0.9998,0.9998,0.9998,,1513450800,2017-12-26 23:21:24.889614,0,0.0
4649,0.9998,BFX,1,JordanManual,CCCAGG,0.9998,0.9998,0.9998,,1513450800,2017-12-26 23:21:23.208812,0,0.0
4650,0.9998,BFX,1,JordanManual,CCCAGG,0.9998,0.9998,0.9998,,1513454400,2017-12-26 23:21:23.208812,0,0.0
4651,0.9998,BFX,1,JordanManual,Bitfinex,0.9998,0.9998,0.9998,,1513454400,2017-12-26 23:21:24.889614,0,0.0
4652,0.9998,BFX,1,JordanManual,CCCAGG,0.9998,0.9998,0.9998,,1513458000,2017-12-26 23:21:23.208812,0,0.0
4653,0.9998,,1,JordanManual,Bitfinex,0.9998,0.9998,0.9998,BFX,1513458000,2017-12-28 01:09:55.862859,0,0.0
4654,0.9998,BFX,1,JordanManual,Bitfinex,0.9998,0.9998,0.9998,,1513458000,2017-12-26 23:21:24.889614,0,0.0
4655,0.9998,,1,JordanManual,CCCAGG,0.9998,0.9998,0.9998,BFX,1513458000,2017-12-28 01:14:48.478985,0,0.0
4656,0.9998,BFX,1,JordanManual,Bitfinex,0.9998,0.9998,0.9998,,1513461600,2017-12-26 23:21:24.889614,0,0.0
4657,0.9998,BFX,1,JordanManual,CCCAGG,0.9998,0.9998,0.9998,,1513461600,2017-12-26 23:21:23.208812,0,0.0
4658,0.9998,BFX,1,JordanManual,CCCAGG,0.9998,0.9998,0.9998,,1513465200,2017-12-26 23:21:23.208812,0,0.0
4659,0.9998,BFX,1,JordanManual,Bitfinex,0.9998,0.9998,0.9998,,1513465200,2017-12-26 23:21:24.889614,0,0.0
4660,0.9998,BFX,1,JordanManual,CCCAGG,0.9998,0.9998,0.9998,,1513468800,2017-12-26 23:21:23.208812,0,0.0
4661,0.9998,,1,JordanManual,CCCAGG,0.9998,0.9998,0.9998,BFX,1513468800,2017-12-28 01:14:48.478985,0,0.0
4662,0.9998,BFX,1,JordanManual,Bitfinex,0.9998,0.9998,0.9998,,1513468800,2017-12-26 23:21:24.889614,0,0.0
4663,0.9998,,1,JordanManual,Bitfinex,0.9998,0.9998,0.9998,BFX,1513468800,2017-12-28 01:09:55.862859,0,0.0
4664,0.9998,BFX,1,JordanManual,Bitfinex,0.9998,0.9998,0.9998,,1513472400,2017-12-26 23:21:24.889614,0,0.0
4665,0.9998,BFX,1,JordanManual,CCCAGG,0.9998,0.9998,0.9998,,1513472400,2017-12-26 23:21:23.208812,0,0.0
4666,0.9998,BFX,1,JordanManual,Bitfinex,0.9998,0.9998,0.9998,,1513476000,2017-12-26 23:21:24.889614,0,0.0
4667,0.9998,BFX,1,JordanManual,CCCAGG,0.9998,0.9998,0.9998,,1513476000,2017-12-26 23:21:23.208812,0,0.0
4668,0.9998,BFX,1,JordanManual,Bitfinex,0.9998,0.9998,0.9998,,1513479600,2017-12-26 23:21:24.889614,0,0.0
4669,0.9998,,1,JordanManual,Bitfinex,0.9998,0.9998,0.9998,BFX,1513479600,2017-12-28 01:09:55.862859,0,0.0
4670,0.9998,BFX,1,JordanManual,CCCAGG,0.9998,0.9998,0.9998,,1513479600,2017-12-26 23:21:23.208812,0,0.0
4671,0.9998,,1,JordanManual,CCCAGG,0.9998,0.9998,0.9998,BFX,1513479600,2017-12-28 01:14:48.478985,0,0.0
4672,0.9998,BFX,1,JordanManual,Bitfinex,0.9998,0.9998,0.9998,,1513483200,2017-12-26 23:21:24.889614,0,0.0
4673,0.9998,BFX,1,JordanManual,CCCAGG,0.9998,0.9998,0.9998,,1513483200,2017-12-26 23:21:23.208812,0,0.0
4674,0.9998,BFX,1,JordanManual,CCCAGG,0.9998,0.9998,0.9998,,1513486800,2017-12-26 23:21:23.208812,0,0.0
4675,0.9998,BFX,1,JordanManual,Bitfinex,0.9998,0.9998,0.9998,,1513486800,2017-12-26 23:21:24.889614,0,0.0
4676,0.9998,,1,JordanManual,CCCAGG,0.9998,0.9998,0.9998,BFX,1513490400,2017-12-28 01:14:48.478985,0,0.0
4677,0.9998,BFX,1,JordanManual,Bitfinex,0.9998,0.9998,0.9998,,1513490400,2017-12-26 23:21:24.889614,0,0.0
4678,0.9998,BFX,1,JordanManual,CCCAGG,0.9998,0.9998,0.9998,,1513490400,2017-12-26 23:21:23.208812,0,0.0
4679,0.9998,,1,JordanManual,Bitfinex,0.9998,0.9998,0.9998,BFX,1513490400,2017-12-28 01:09:55.862859,0,0.0
4680,0.9998,BFX,1,JordanManual,CCCAGG,0.9998,0.9998,0.9998,,1513494000,2017-12-26 23:21:23.208812,0,0.0
4681,0.9998,BFX,1,JordanManual,Bitfinex,0.9998,0.9998,0.9998,,1513494000,2017-12-26 23:21:24.889614,0,0.0
4682,0.9998,BFX,1,JordanManual,Bitfinex,0.9998,0.9998,0.9998,,1513497600,2017-12-26 23:21:24.889614,0,0.0
4683,0.9998,BFX,1,JordanManual,CCCAGG,0.9998,0.9998,0.9998,,1513497600,2017-12-26 23:21:23.208812,0,0.0
4684,0.9998,,1,JordanManual,CCCAGG,0.9998,0.9998,0.9998,BFX,1513501200,2017-12-28 01:14:48.478985,0,0.0
4685,0.9998,,1,JordanManual,Bitfinex,0.9998,0.9998,0.9998,BFX,1513501200,2017-12-28 01:09:55.862859,0,0.0
4686,0.9998,BFX,1,JordanManual,Bitfinex,0.9998,0.9998,0.9998,,1513501200,2017-12-26 23:21:24.889614,0,0.0
4687,0.9998,BFX,1,JordanManual,CCCAGG,0.9998,0.9998,0.9998,,1513501200,2017-12-26 23:21:23.208812,0,0.0
4688,0.9998,BFX,1,JordanManual,CCCAGG,0.9998,0.9998,0.9998,,1513504800,2017-12-26 23:21:23.208812,0,0.0
4689,0.9998,BFX,1,JordanManual,Bitfinex,0.9998,0.9998,0.9998,,1513504800,2017-12-26 23:21:24.889614,0,0.0
4690,0.9998,BFX,1,JordanManual,Bitfinex,0.9998,0.9998,0.9998,,1513508400,2017-12-26 23:21:24.889614,0,0.0
4691,0.9998,BFX,1,JordanManual,CCCAGG,0.9998,0.9998,0.9998,,1513508400,2017-12-26 23:21:23.208812,0,0.0
4692,0.9998,,1,JordanManual,CCCAGG,0.9998,0.9998,0.9998,BFX,1513512000,2017-12-28 01:14:48.478985,0,0.0
4693,0.9998,,1,JordanManual,Bitfinex,0.9998,0.9998,0.9998,BFX,1513512000,2017-12-28 01:09:55.862859,0,0.0
4694,0.9998,BFX,1,JordanManual,Bitfinex,0.9998,0.9998,0.9998,,1513512000,2017-12-26 23:21:24.889614,0,0.0
4695,0.9998,BFX,1,JordanManual,CCCAGG,0.9998,0.9998,0.9998,,1513512000,2017-12-26 23:21:23.208812,0,0.0
4696,0.9998,BFX,1,JordanManual,Bitfinex,0.9998,0.9998,0.9998,,1513515600,2017-12-26 23:21:24.889614,0,0.0
4697,0.9998,BFX,1,JordanManual,CCCAGG,0.9998,0.9998,0.9998,,1513515600,2017-12-26 23:21:23.208812,0,0.0
4698,0.9998,BFX,1,JordanManual,Bitfinex,0.9998,0.9998,0.9998,,1513519200,2017-12-26 23:21:24.889614,0,0.0
4699,0.9998,BFX,1,JordanManual,CCCAGG,0.9998,0.9998,0.9998,,1513519200,2017-12-26 23:21:23.208812,0,0.0
4700,0.9998,BFX,1,JordanManual,Bitfinex,0.9998,0.9998,0.9998,,1513522800,2017-12-26 23:21:24.889614,0,0.0
4701,0.9998,,1,JordanManual,CCCAGG,0.9998,0.9998,0.9998,BFX,1513522800,2017-12-28 01:14:48.478985,0,0.0
4702,0.9998,BFX,1,JordanManual,CCCAGG,0.9998,0.9998,0.9998,,1513522800,2017-12-26 23:21:23.208812,0,0.0
4703,0.9998,,1,JordanManual,Bitfinex,0.9998,0.9998,0.9998,BFX,1513522800,2017-12-28 01:09:55.862859,0,0.0
4704,0.9998,BFX,1,JordanManual,Bitfinex,0.9998,0.9998,0.9998,,1513526400,2017-12-26 23:21:24.889614,0,0.0
4705,0.9998,BFX,1,JordanManual,CCCAGG,0.9998,0.9998,0.9998,,1513526400,2017-12-26 23:21:23.208812,0,0.0
4706,0.9998,BFX,1,JordanManual,CCCAGG,0.9998,0.9998,0.9998,,1513530000,2017-12-26 23:21:23.208812,0,0.0
4707,0.9998,BFX,1,JordanManual,Bitfinex,0.9998,0.9998,0.9998,,1513530000,2017-12-26 23:21:24.889614,0,0.0
4708,0.9998,,1,JordanManual,CCCAGG,0.9998,0.9998,0.9998,BFX,1513533600,2017-12-28 01:14:48.478985,0,0.0
4709,0.9998,BFX,1,JordanManual,Bitfinex,0.9998,0.9998,0.9998,,1513533600,2017-12-26 23:21:24.889614,0,0.0
4710,0.9998,,1,JordanManual,Bitfinex,0.9998,0.9998,0.9998,BFX,1513533600,2017-12-28 01:09:55.862859,0,0.0
4711,0.9998,BFX,1,JordanManual,CCCAGG,0.9998,0.9998,0.9998,,1513533600,2017-12-26 23:21:23.208812,0,0.0
4712,0.9998,BFX,1,JordanManual,Bitfinex,0.9998,0.9998,0.9998,,1513537200,2017-12-26 23:21:24.889614,0,0.0
4713,0.9998,BFX,1,JordanManual,CCCAGG,0.9998,0.9998,0.9998,,1513537200,2017-12-26 23:21:23.208812,0,0.0
4714,0.9998,BFX,1,JordanManual,CCCAGG,0.9998,0.9998,0.9998,,1513540800,2017-12-26 23:21:23.208812,0,0.0
4715,0.9998,BFX,1,JordanManual,Bitfinex,0.9998,0.9998,0.9998,,1513540800,2017-12-26 23:21:24.889614,0,0.0
4716,0.9998,,1,JordanManual,Bitfinex,0.9998,0.9998,0.9998,BFX,1513544400,2017-12-28 01:09:55.862859,0,0.0
4717,0.9998,,1,JordanManual,CCCAGG,0.9998,0.9998,0.9998,BFX,1513544400,2017-12-28 01:14:48.478985,0,0.0
4718,0.9998,BFX,1,JordanManual,Bitfinex,0.9998,0.9998,0.9998,,1513544400,2017-12-26 23:21:24.889614,0,0.0
4719,0.9998,BFX,1,JordanManual,CCCAGG,0.9998,0.9998,0.9998,,1513544400,2017-12-26 23:21:23.208812,0,0.0
4720,0.9998,BFX,1,JordanManual,Bitfinex,0.9998,0.9998,0.9998,,1513548000,2017-12-26 23:21:24.889614,0,0.0
4721,0.9998,BFX,1,JordanManual,CCCAGG,0.9998,0.9998,0.9998,,1513548000,2017-12-26 23:21:23.208812,0,0.0
4722,0.9998,BFX,1,JordanManual,Bitfinex,0.9998,0.9998,0.9998,,1513551600,2017-12-26 23:21:24.889614,0,0.0
4723,0.9998,BFX,1,JordanManual,CCCAGG,0.9998,0.9998,0.9998,,1513551600,2017-12-26 23:21:23.208812,0,0.0
4724,0.9998,,1,JordanManual,CCCAGG,0.9998,0.9998,0.9998,BFX,1513555200,2017-12-28 01:14:48.478985,0,0.0
4725,0.9998,,1,JordanManual,Bitfinex,0.9998,0.9998,0.9998,BFX,1513555200,2017-12-28 01:09:55.862859,0,0.0
4726,0.9998,BFX,1,JordanManual,CCCAGG,0.9998,0.9998,0.9998,,1513555200,2017-12-26 23:21:23.208812,0,0.0
4727,0.9998,BFX,1,JordanManual,Bitfinex,0.9998,0.9998,0.9998,,1513555200,2017-12-26 23:21:24.889614,0,0.0
4728,0.9998,BFX,1,JordanManual,CCCAGG,0.9998,0.9998,0.9998,,1513558800,2017-12-26 23:21:23.208812,0,0.0
4729,0.9998,BFX,1,JordanManual,Bitfinex,0.9998,0.9998,0.9998,,1513558800,2017-12-26 23:21:24.889614,0,0.0
4730,0.9998,BFX,1,JordanManual,CCCAGG,0.9998,0.9998,0.9998,,1513562400,2017-12-26 23:21:23.208812,0,0.0
4731,0.9998,BFX,1,JordanManual,Bitfinex,0.9998,0.9998,0.9998,,1513562400,2017-12-26 23:21:24.889614,0,0.0
4732,0.9998,,1,JordanManual,Bitfinex,0.9998,0.9998,0.9998,BFX,1513566000,2017-12-28 01:09:55.862859,0,0.0
4733,0.9998,BFX,1,JordanManual,CCCAGG,0.9998,0.9998,0.9998,,1513566000,2017-12-26 23:21:23.208812,0,0.0
4734,0.9998,,1,JordanManual,CCCAGG,0.9998,0.9998,0.9998,BFX,1513566000,2017-12-28 01:14:48.478985,0,0.0
4735,0.9998,BFX,1,JordanManual,Bitfinex,0.9998,0.9998,0.9998,,1513566000,2017-12-26 23:21:24.889614,0,0.0
4736,0.9998,BFX,1,JordanManual,Bitfinex,0.9998,0.9998,0.9998,,1513569600,2017-12-26 23:21:24.889614,0,0.0
4737,0.9998,BFX,1,JordanManual,CCCAGG,0.9998,0.9998,0.9998,,1513569600,2017-12-26 23:21:23.208812,0,0.0
4738,0.9998,BFX,1,JordanManual,CCCAGG,0.9998,0.9998,0.9998,,1513573200,2017-12-26 23:21:23.208812,0,0.0
4739,0.9998,BFX,1,JordanManual,Bitfinex,0.9998,0.9998,0.9998,,1513573200,2017-12-26 23:21:24.889614,0,0.0
4740,0.9998,,1,JordanManual,CCCAGG,0.9998,0.9998,0.9998,BFX,1513576800,2017-12-28 01:14:48.478985,0,0.0
4741,0.9998,BFX,1,JordanManual,Bitfinex,0.9998,0.9998,0.9998,,1513576800,2017-12-26 23:21:24.889614,0,0.0
4742,0.9998,,1,JordanManual,Bitfinex,0.9998,0.9998,0.9998,BFX,1513576800,2017-12-28 01:09:55.862859,0,0.0
4743,0.9998,BFX,1,JordanManual,CCCAGG,0.9998,0.9998,0.9998,,1513576800,2017-12-26 23:21:23.208812,0,0.0
4744,0.9998,BFX,1,JordanManual,CCCAGG,0.9998,0.9998,0.9998,,1513580400,2017-12-26 23:21:23.208812,0,0.0
4745,0.9998,BFX,1,JordanManual,Bitfinex,0.9998,0.9998,0.9998,,1513580400,2017-12-26 23:21:24.889614,0,0.0
4746,0.9998,BFX,1,JordanManual,CCCAGG,0.9998,0.9998,0.9998,,1513584000,2017-12-26 23:21:23.208812,0,0.0
4747,0.9998,BFX,1,JordanManual,Bitfinex,0.9998,0.9998,0.9998,,1513584000,2017-12-26 23:21:24.889614,0,0.0
4748,0.9998,BFX,1,JordanManual,Bitfinex,0.9998,0.9998,0.9998,,1513587600,2017-12-26 23:21:24.889614,0,0.0
4749,0.9998,,1,JordanManual,Bitfinex,0.9998,0.9998,0.9998,BFX,1513587600,2017-12-28 01:09:55.862859,0,0.0
4750,0.9998,BFX,1,JordanManual,CCCAGG,0.9998,0.9998,0.9998,,1513587600,2017-12-26 23:21:23.208812,0,0.0
4751,0.9998,,1,JordanManual,CCCAGG,0.9998,0.9998,0.9998,BFX,1513587600,2017-12-28 01:14:48.478985,0,0.0
4752,0.9998,BFX,1,JordanManual,CCCAGG,0.9998,0.9998,0.9998,,1513591200,2017-12-26 23:21:23.208812,0,0.0
4753,0.9998,BFX,1,JordanManual,Bitfinex,0.9998,0.9998,0.9998,,1513591200,2017-12-26 23:21:24.889614,0,0.0
4754,0.9998,BFX,1,JordanManual,Bitfinex,0.9998,0.9998,0.9998,,1513594800,2017-12-26 23:21:24.889614,0,0.0
4755,0.9998,BFX,1,JordanManual,CCCAGG,0.9998,0.9998,0.9998,,1513594800,2017-12-26 23:21:23.208812,0,0.0
4756,0.9998,BFX,1,JordanManual,CCCAGG,0.9998,0.9998,0.9998,,1513598400,2017-12-26 23:21:23.208812,0,0.0
4757,0.9998,,1,JordanManual,Bitfinex,0.9998,0.9998,0.9998,BFX,1513598400,2017-12-28 01:09:55.862859,0,0.0
4758,0.9998,,1,JordanManual,CCCAGG,0.9998,0.9998,0.9998,BFX,1513598400,2017-12-28 01:14:48.478985,0,0.0
4759,0.9998,BFX,1,JordanManual,Bitfinex,0.9998,0.9998,0.9998,,1513598400,2017-12-26 23:21:24.889614,0,0.0
4760,0.9998,BFX,1,JordanManual,Bitfinex,0.9998,0.9998,0.9998,,1513602000,2017-12-26 23:21:24.889614,0,0.0
4761,0.9998,BFX,1,JordanManual,CCCAGG,0.9998,0.9998,0.9998,,1513602000,2017-12-26 23:21:23.208812,0,0.0
4762,0.9998,BFX,1,JordanManual,CCCAGG,0.9998,0.9998,0.9998,,1513605600,2017-12-26 23:21:23.208812,0,0.0
4763,0.9998,BFX,1,JordanManual,Bitfinex,0.9998,0.9998,0.9998,,1513605600,2017-12-26 23:21:24.889614,0,0.0
4764,0.9998,BFX,1,JordanManual,CCCAGG,0.9998,0.9998,0.9998,,1513609200,2017-12-26 23:21:23.208812,0,0.0
4765,0.9998,,1,JordanManual,CCCAGG,0.9998,0.9998,0.9998,BFX,1513609200,2017-12-28 01:14:48.478985,0,0.0
4766,0.9998,BFX,1,JordanManual,Bitfinex,0.9998,0.9998,0.9998,,1513609200,2017-12-26 23:21:24.889614,0,0.0
4767,0.9998,,1,JordanManual,Bitfinex,0.9998,0.9998,0.9998,BFX,1513609200,2017-12-28 01:09:55.862859,0,0.0
4768,0.9998,BFX,1,JordanManual,CCCAGG,0.9998,0.9998,0.9998,,1513612800,2017-12-26 23:21:23.208812,0,0.0
4769,0.9998,BFX,1,JordanManual,Bitfinex,0.9998,0.9998,0.9998,,1513612800,2017-12-26 23:21:24.889614,0,0.0
4770,0.9998,BFX,1,JordanManual,CCCAGG,0.9998,0.9998,0.9998,,1513616400,2017-12-26 23:21:23.208812,0,0.0
4771,0.9998,BFX,1,JordanManual,Bitfinex,0.9998,0.9998,0.9998,,1513616400,2017-12-26 23:21:24.889614,0,0.0
4772,0.9998,,1,JordanManual,Bitfinex,0.9998,0.9998,0.9998,BFX,1513620000,2017-12-28 01:09:55.862859,0,0.0
4773,0.9998,BFX,1,JordanManual,Bitfinex,0.9998,0.9998,0.9998,,1513620000,2017-12-26 23:21:24.889614,0,0.0
4774,0.9998,BFX,1,JordanManual,CCCAGG,0.9998,0.9998,0.9998,,1513620000,2017-12-26 23:21:23.208812,0,0.0
4775,0.9998,,1,JordanManual,CCCAGG,0.9998,0.9998,0.9998,BFX,1513620000,2017-12-28 01:14:48.478985,0,0.0
4776,0.9998,BFX,1,JordanManual,Bitfinex,0.9998,0.9998,0.9998,,1513623600,2017-12-26 23:21:24.889614,0,0.0
4777,0.9998,BFX,1,JordanManual,CCCAGG,0.9998,0.9998,0.9998,,1513623600,2017-12-26 23:21:23.208812,0,0.0
4778,0.9998,BFX,1,JordanManual,CCCAGG,0.9998,0.9998,0.9998,,1513627200,2017-12-26 23:21:23.208812,0,0.0
4779,0.9998,BFX,1,JordanManual,Bitfinex,0.9998,0.9998,0.9998,,1513627200,2017-12-26 23:21:24.889614,0,0.0
4780,0.9998,,1,JordanManual,Bitfinex,0.9998,0.9998,0.9998,BFX,1513630800,2017-12-28 01:09:55.862859,0,0.0
4781,0.9998,,1,JordanManual,CCCAGG,0.9998,0.9998,0.9998,BFX,1513630800,2017-12-28 01:14:48.478985,0,0.0
4782,0.9998,BFX,1,JordanManual,Bitfinex,0.9998,0.9998,0.9998,,1513630800,2017-12-26 23:21:24.889614,0,0.0
4783,0.9998,BFX,1,JordanManual,CCCAGG,0.9998,0.9998,0.9998,,1513630800,2017-12-26 23:21:23.208812,0,0.0
4784,0.9998,BFX,1,JordanManual,Bitfinex,0.9998,0.9998,0.9998,,1513634400,2017-12-26 23:21:24.889614,0,0.0
4785,0.9998,BFX,1,JordanManual,CCCAGG,0.9998,0.9998,0.9998,,1513634400,2017-12-26 23:21:23.208812,0,0.0
4786,0.9998,BFX,1,JordanManual,Bitfinex,0.9998,0.9998,0.9998,,1513638000,2017-12-26 23:21:24.889614,0,0.0
4787,0.9998,BFX,1,JordanManual,CCCAGG,0.9998,0.9998,0.9998,,1513638000,2017-12-26 23:21:23.208812,0,0.0
4788,0.9998,,1,JordanManual,CCCAGG,0.9998,0.9998,0.9998,BFX,1513641600,2017-12-28 01:14:48.478985,0,0.0
4789,0.9998,BFX,1,JordanManual,CCCAGG,0.9998,0.9998,0.9998,,1513641600,2017-12-26 23:21:23.208812,0,0.0
4790,0.9998,BFX,1,JordanManual,Bitfinex,0.9998,0.9998,0.9998,,1513641600,2017-12-26 23:21:24.889614,0,0.0
4791,0.9998,,1,JordanManual,Bitfinex,0.9998,0.9998,0.9998,BFX,1513641600,2017-12-28 01:09:55.862859,0,0.0
4792,0.9998,BFX,1,JordanManual,CCCAGG,0.9998,0.9998,0.9998,,1513645200,2017-12-26 23:21:23.208812,0,0.0
4793,0.9998,BFX,1,JordanManual,Bitfinex,0.9998,0.9998,0.9998,,1513645200,2017-12-26 23:21:24.889614,0,0.0
4794,0.9998,BFX,1,JordanManual,CCCAGG,0.9998,0.9998,0.9998,,1513648800,2017-12-26 23:21:23.208812,0,0.0
4795,0.9998,BFX,1,JordanManual,Bitfinex,0.9998,0.9998,0.9998,,1513648800,2017-12-26 23:21:24.889614,0,0.0
4796,0.9998,BFX,1,JordanManual,Bitfinex,0.9998,0.9998,0.9998,,1513652400,2017-12-26 23:21:24.889614,0,0.0
4797,0.9998,,1,JordanManual,Bitfinex,0.9998,0.9998,0.9998,BFX,1513652400,2017-12-28 01:09:55.862859,0,0.0
4798,0.9998,BFX,1,JordanManual,CCCAGG,0.9998,0.9998,0.9998,,1513652400,2017-12-26 23:21:23.208812,0,0.0
4799,0.9998,,1,JordanManual,CCCAGG,0.9998,0.9998,0.9998,BFX,1513652400,2017-12-28 01:14:48.478985,0,0.0
4800,0.9998,BFX,1,JordanManual,Bitfinex,0.9998,0.9998,0.9998,,1513656000,2017-12-26 23:21:24.889614,0,0.0
4801,0.9998,BFX,1,JordanManual,CCCAGG,0.9998,0.9998,0.9998,,1513656000,2017-12-26 23:21:23.208812,0,0.0
4802,0.9998,BFX,1,JordanManual,CCCAGG,0.9998,0.9998,0.9998,,1513659600,2017-12-26 23:21:23.208812,0,0.0
4803,0.9998,BFX,1,JordanManual,Bitfinex,0.9998,0.9998,0.9998,,1513659600,2017-12-26 23:21:24.889614,0,0.0
4804,0.9998,,1,JordanManual,Bitfinex,0.9998,0.9998,0.9998,BFX,1513663200,2017-12-28 01:09:55.862859,0,0.0
4805,0.9998,BFX,1,JordanManual,Bitfinex,0.9998,0.9998,0.9998,,1513663200,2017-12-26 23:21:24.889614,0,0.0
4806,0.9998,,1,JordanManual,CCCAGG,0.9998,0.9998,0.9998,BFX,1513663200,2017-12-28 01:14:48.478985,0,0.0
4807,0.9998,BFX,1,JordanManual,CCCAGG,0.9998,0.9998,0.9998,,1513663200,2017-12-26 23:21:23.208812,0,0.0
4808,0.9998,BFX,1,JordanManual,Bitfinex,0.9998,0.9998,0.9998,,1513666800,2017-12-26 23:21:24.889614,0,0.0
4809,0.9998,BFX,1,JordanManual,CCCAGG,0.9998,0.9998,0.9998,,1513666800,2017-12-26 23:21:23.208812,0,0.0
4810,0.9998,BFX,1,JordanManual,Bitfinex,0.9998,0.9998,0.9998,,1513670400,2017-12-26 23:21:24.889614,0,0.0
4811,0.9998,BFX,1,JordanManual,CCCAGG,0.9998,0.9998,0.9998,,1513670400,2017-12-26 23:21:23.208812,0,0.0
4812,0.9998,BFX,1,JordanManual,CCCAGG,0.9998,0.9998,0.9998,,1513674000,2017-12-26 23:21:23.208812,0,0.0
4813,0.9998,,1,JordanManual,CCCAGG,0.9998,0.9998,0.9998,BFX,1513674000,2017-12-28 01:14:48.478985,0,0.0
4814,0.9998,BFX,1,JordanManual,Bitfinex,0.9998,0.9998,0.9998,,1513674000,2017-12-26 23:21:24.889614,0,0.0
4815,0.9998,,1,JordanManual,Bitfinex,0.9998,0.9998,0.9998,BFX,1513674000,2017-12-28 01:09:55.862859,0,0.0
4816,0.9998,BFX,1,JordanManual,Bitfinex,0.9998,0.9998,0.9998,,1513677600,2017-12-26 23:21:24.889614,0,0.0
4817,0.9998,BFX,1,JordanManual,CCCAGG,0.9998,0.9998,0.9998,,1513677600,2017-12-26 23:21:23.208812,0,0.0
4818,0.9998,BFX,1,JordanManual,Bitfinex,0.9998,0.9998,0.9998,,1513681200,2017-12-26 23:21:24.889614,0,0.0
4819,0.9998,BFX,1,JordanManual,CCCAGG,0.9998,0.9998,0.9998,,1513681200,2017-12-26 23:21:23.208812,0,0.0
4820,0.9998,,1,JordanManual,CCCAGG,0.9998,0.9998,0.9998,BFX,1513684800,2017-12-28 01:14:48.478985,0,0.0
4821,0.9998,BFX,1,JordanManual,CCCAGG,0.9998,0.9998,0.9998,,1513684800,2017-12-26 23:21:23.208812,0,0.0
4822,0.9998,BFX,1,JordanManual,Bitfinex,0.9998,0.9998,0.9998,,1513684800,2017-12-26 23:21:24.889614,0,0.0
4823,0.9998,,1,JordanManual,Bitfinex,0.9998,0.9998,0.9998,BFX,1513684800,2017-12-28 01:09:55.862859,0,0.0
4824,0.9998,BFX,1,JordanManual,Bitfinex,0.9998,0.9998,0.9998,,1513688400,2017-12-26 23:21:24.889614,0,0.0
4825,0.9998,BFX,1,JordanManual,CCCAGG,0.9998,0.9998,0.9998,,1513688400,2017-12-26 23:21:23.208812,0,0.0
4826,0.9998,BFX,1,JordanManual,Bitfinex,0.9998,0.9998,0.9998,,1513692000,2017-12-26 23:21:24.889614,0,0.0
4827,0.9998,BFX,1,JordanManual,CCCAGG,0.9998,0.9998,0.9998,,1513692000,2017-12-26 23:21:23.208812,0,0.0
4828,0.9998,,1,JordanManual,Bitfinex,0.9998,0.9998,0.9998,BFX,1513695600,2017-12-28 01:09:55.862859,0,0.0
4829,0.9998,BFX,1,JordanManual,Bitfinex,0.9998,0.9998,0.9998,,1513695600,2017-12-26 23:21:24.889614,0,0.0
4830,0.9998,BFX,1,JordanManual,CCCAGG,0.9998,0.9998,0.9998,,1513695600,2017-12-26 23:21:23.208812,0,0.0
4831,0.9998,,1,JordanManual,CCCAGG,0.9998,0.9998,0.9998,BFX,1513695600,2017-12-28 01:14:48.478985,0,0.0
4832,0.9998,BFX,1,JordanManual,Bitfinex,0.9998,0.9998,0.9998,,1513699200,2017-12-26 23:21:24.889614,0,0.0
4833,0.9998,BFX,1,JordanManual,CCCAGG,0.9998,0.9998,0.9998,,1513699200,2017-12-26 23:21:23.208812,0,0.0
4834,0.9998,BFX,1,JordanManual,Bitfinex,0.9998,0.9998,0.9998,,1513702800,2017-12-26 23:21:24.889614,0,0.0
4835,0.9998,BFX,1,JordanManual,CCCAGG,0.9998,0.9998,0.9998,,1513702800,2017-12-26 23:21:23.208812,0,0.0
4836,0.9998,BFX,1,JordanManual,CCCAGG,0.9998,0.9998,0.9998,,1513706400,2017-12-26 23:21:23.208812,0,0.0
4837,0.9998,,1,JordanManual,Bitfinex,0.9998,0.9998,0.9998,BFX,1513706400,2017-12-28 01:09:55.862859,0,0.0
4838,0.9998,BFX,1,JordanManual,Bitfinex,0.9998,0.9998,0.9998,,1513706400,2017-12-26 23:21:24.889614,0,0.0
4839,0.9998,,1,JordanManual,CCCAGG,0.9998,0.9998,0.9998,BFX,1513706400,2017-12-28 01:14:48.478985,0,0.0
4840,0.9998,BFX,1,JordanManual,CCCAGG,0.9998,0.9998,0.9998,,1513710000,2017-12-26 23:21:23.208812,0,0.0
4841,0.9998,BFX,1,JordanManual,Bitfinex,0.9998,0.9998,0.9998,,1513710000,2017-12-26 23:21:24.889614,0,0.0
4842,0.9998,BFX,1,JordanManual,CCCAGG,0.9998,0.9998,0.9998,,1513713600,2017-12-26 23:21:23.208812,0,0.0
4843,0.9998,BFX,1,JordanManual,Bitfinex,0.9998,0.9998,0.9998,,1513713600,2017-12-26 23:21:24.889614,0,0.0
4844,0.9998,BFX,1,JordanManual,Bitfinex,0.9998,0.9998,0.9998,,1513717200,2017-12-26 23:21:24.889614,0,0.0
4845,0.9998,BFX,1,JordanManual,CCCAGG,0.9998,0.9998,0.9998,,1513717200,2017-12-26 23:21:23.208812,0,0.0
4846,0.9998,,1,JordanManual,Bitfinex,0.9998,0.9998,0.9998,BFX,1513717200,2017-12-28 01:09:55.862859,0,0.0
4847,0.9998,,1,JordanManual,CCCAGG,0.9998,0.9998,0.9998,BFX,1513717200,2017-12-28 01:14:48.478985,0,0.0
4848,0.9998,BFX,1,JordanManual,CCCAGG,0.9998,0.9998,0.9998,,1513720800,2017-12-26 23:21:23.208812,0,0.0
4849,0.9998,BFX,1,JordanManual,Bitfinex,0.9998,0.9998,0.9998,,1513720800,2017-12-26 23:21:24.889614,0,0.0
4850,0.9998,BFX,1,JordanManual,CCCAGG,0.9998,0.9998,0.9998,,1513724400,2017-12-26 23:21:23.208812,0,0.0
4851,0.9998,BFX,1,JordanManual,Bitfinex,0.9998,0.9998,0.9998,,1513724400,2017-12-26 23:21:24.889614,0,0.0
4852,0.9998,BFX,1,JordanManual,CCCAGG,0.9998,0.9998,0.9998,,1513728000,2017-12-26 23:21:23.208812,0,0.0
4853,0.9998,,1,JordanManual,CCCAGG,0.9998,0.9998,0.9998,BFX,1513728000,2017-12-28 01:14:48.478985,0,0.0
4854,0.9998,,1,JordanManual,Bitfinex,0.9998,0.9998,0.9998,BFX,1513728000,2017-12-28 01:09:55.862859,0,0.0
4855,0.9998,BFX,1,JordanManual,Bitfinex,0.9998,0.9998,0.9998,,1513728000,2017-12-26 23:21:24.889614,0,0.0
4856,0.9998,BFX,1,JordanManual,CCCAGG,0.9998,0.9998,0.9998,,1513731600,2017-12-26 23:21:23.208812,0,0.0
4857,0.9998,BFX,1,JordanManual,Bitfinex,0.9998,0.9998,0.9998,,1513731600,2017-12-26 23:21:24.889614,0,0.0
4858,0.9998,BFX,1,JordanManual,CCCAGG,0.9998,0.9998,0.9998,,1513735200,2017-12-26 23:21:23.208812,0,0.0
4859,0.9998,BFX,1,JordanManual,Bitfinex,0.9998,0.9998,0.9998,,1513735200,2017-12-26 23:21:24.889614,0,0.0
4860,0.9998,,1,JordanManual,CCCAGG,0.9998,0.9998,0.9998,BFX,1513738800,2017-12-28 01:14:48.478985,0,0.0
4861,0.9998,BFX,1,JordanManual,CCCAGG,0.9998,0.9998,0.9998,,1513738800,2017-12-26 23:21:23.208812,0,0.0
4862,0.9998,,1,JordanManual,Bitfinex,0.9998,0.9998,0.9998,BFX,1513738800,2017-12-28 01:09:55.862859,0,0.0
4863,0.9998,BFX,1,JordanManual,Bitfinex,0.9998,0.9998,0.9998,,1513738800,2017-12-26 23:21:24.889614,0,0.0
4864,0.9998,BFX,1,JordanManual,Bitfinex,0.9998,0.9998,0.9998,,1513742400,2017-12-26 23:21:24.889614,0,0.0
4865,0.9998,BFX,1,JordanManual,CCCAGG,0.9998,0.9998,0.9998,,1513742400,2017-12-26 23:21:23.208812,0,0.0
4866,0.9998,BFX,1,JordanManual,Bitfinex,0.9998,0.9998,0.9998,,1513746000,2017-12-26 23:21:24.889614,0,0.0
4867,0.9998,BFX,1,JordanManual,CCCAGG,0.9998,0.9998,0.9998,,1513746000,2017-12-26 23:21:23.208812,0,0.0
4868,0.9998,BFX,1,JordanManual,CCCAGG,0.9998,0.9998,0.9998,,1513749600,2017-12-26 23:21:23.208812,0,0.0
4869,0.9998,BFX,1,JordanManual,Bitfinex,0.9998,0.9998,0.9998,,1513749600,2017-12-26 23:21:24.889614,0,0.0
4870,0.9998,,1,JordanManual,Bitfinex,0.9998,0.9998,0.9998,BFX,1513749600,2017-12-28 01:09:55.862859,0,0.0
4871,0.9998,,1,JordanManual,CCCAGG,0.9998,0.9998,0.9998,BFX,1513749600,2017-12-28 01:14:48.478985,0,0.0
4872,0.9998,BFX,1,JordanManual,CCCAGG,0.9998,0.9998,0.9998,,1513753200,2017-12-26 23:21:23.208812,0,0.0
4873,0.9998,BFX,1,JordanManual,Bitfinex,0.9998,0.9998,0.9998,,1513753200,2017-12-26 23:21:24.889614,0,0.0
4874,0.9998,BFX,1,JordanManual,Bitfinex,0.9998,0.9998,0.9998,,1513756800,2017-12-26 23:21:24.889614,0,0.0
4875,0.9998,BFX,1,JordanManual,CCCAGG,0.9998,0.9998,0.9998,,1513756800,2017-12-26 23:21:23.208812,0,0.0
4876,0.9998,BFX,1,JordanManual,Bitfinex,0.9998,0.9998,0.9998,,1513760400,2017-12-26 23:21:24.889614,0,0.0
4877,0.9998,,1,JordanManual,Bitfinex,0.9998,0.9998,0.9998,BFX,1513760400,2017-12-28 01:09:55.862859,0,0.0
4878,0.9998,BFX,1,JordanManual,CCCAGG,0.9998,0.9998,0.9998,,1513760400,2017-12-26 23:21:23.208812,0,0.0
4879,0.9998,,1,JordanManual,CCCAGG,0.9998,0.9998,0.9998,BFX,1513760400,2017-12-28 01:14:48.478985,0,0.0
4880,0.9998,BFX,1,JordanManual,CCCAGG,0.9998,0.9998,0.9998,,1513764000,2017-12-26 23:21:23.208812,0,0.0
4881,0.9998,BFX,1,JordanManual,Bitfinex,0.9998,0.9998,0.9998,,1513764000,2017-12-26 23:21:24.889614,0,0.0
4882,0.9998,BFX,1,JordanManual,Bitfinex,0.9998,0.9998,0.9998,,1513767600,2017-12-26 23:21:24.889614,0,0.0
4883,0.9998,BFX,1,JordanManual,CCCAGG,0.9998,0.9998,0.9998,,1513767600,2017-12-26 23:21:23.208812,0,0.0
4884,0.9998,,1,JordanManual,CCCAGG,0.9998,0.9998,0.9998,BFX,1513771200,2017-12-28 01:14:48.478985,0,0.0
4885,0.9998,,1,JordanManual,Bitfinex,0.9998,0.9998,0.9998,BFX,1513771200,2017-12-28 01:09:55.862859,0,0.0
4886,0.9998,BFX,1,JordanManual,Bitfinex,0.9998,0.9998,0.9998,,1513771200,2017-12-26 23:21:24.889614,0,0.0
4887,0.9998,BFX,1,JordanManual,CCCAGG,0.9998,0.9998,0.9998,,1513771200,2017-12-26 23:21:23.208812,0,0.0
4888,0.9998,BFX,1,JordanManual,Bitfinex,0.9998,0.9998,0.9998,,1513774800,2017-12-26 23:21:24.889614,0,0.0
4889,0.9998,BFX,1,JordanManual,CCCAGG,0.9998,0.9998,0.9998,,1513774800,2017-12-26 23:21:23.208812,0,0.0
4890,0.9998,BFX,1,JordanManual,CCCAGG,0.9998,0.9998,0.9998,,1513778400,2017-12-26 23:21:23.208812,0,0.0
4891,0.9998,BFX,1,JordanManual,Bitfinex,0.9998,0.9998,0.9998,,1513778400,2017-12-26 23:21:24.889614,0,0.0
4892,0.9998,,1,JordanManual,CCCAGG,0.9998,0.9998,0.9998,BFX,1513782000,2017-12-28 01:14:48.478985,0,0.0
4893,0.9998,BFX,1,JordanManual,Bitfinex,0.9998,0.9998,0.9998,,1513782000,2017-12-26 23:21:24.889614,0,0.0
4894,0.9998,BFX,1,JordanManual,CCCAGG,0.9998,0.9998,0.9998,,1513782000,2017-12-26 23:21:23.208812,0,0.0
4895,0.9998,,1,JordanManual,Bitfinex,0.9998,0.9998,0.9998,BFX,1513782000,2017-12-28 01:09:55.862859,0,0.0
4896,0.9998,BFX,1,JordanManual,Bitfinex,0.9998,0.9998,0.9998,,1513785600,2017-12-26 23:21:24.889614,0,0.0
4897,0.9998,BFX,1,JordanManual,CCCAGG,0.9998,0.9998,0.9998,,1513785600,2017-12-26 23:21:23.208812,0,0.0
4898,0.9998,BFX,1,JordanManual,CCCAGG,0.9998,0.9998,0.9998,,1513789200,2017-12-26 23:21:23.208812,0,0.0
4899,0.9998,BFX,1,JordanManual,Bitfinex,0.9998,0.9998,0.9998,,1513789200,2017-12-26 23:21:24.889614,0,0.0
4900,0.9998,,1,JordanManual,Bitfinex,0.9998,0.9998,0.9998,BFX,1513792800,2017-12-28 01:09:55.862859,0,0.0
4901,0.9998,BFX,1,JordanManual,CCCAGG,0.9998,0.9998,0.9998,,1513792800,2017-12-26 23:21:23.208812,0,0.0
4902,0.9998,,1,JordanManual,CCCAGG,0.9998,0.9998,0.9998,BFX,1513792800,2017-12-28 01:14:48.478985,0,0.0
4903,0.9998,BFX,1,JordanManual,Bitfinex,0.9998,0.9998,0.9998,,1513792800,2017-12-26 23:21:24.889614,0,0.0
4904,0.9998,BFX,1,JordanManual,Bitfinex,0.9998,0.9998,0.9998,,1513796400,2017-12-26 23:21:24.889614,0,0.0
4905,0.9998,BFX,1,JordanManual,CCCAGG,0.9998,0.9998,0.9998,,1513796400,2017-12-26 23:21:23.208812,0,0.0
4906,0.9998,BFX,1,JordanManual,Bitfinex,0.9998,0.9998,0.9998,,1513800000,2017-12-26 23:21:24.889614,0,0.0
4907,0.9998,BFX,1,JordanManual,CCCAGG,0.9998,0.9998,0.9998,,1513800000,2017-12-26 23:21:23.208812,0,0.0
4908,0.9998,,1,JordanManual,Bitfinex,0.9998,0.9998,0.9998,BFX,1513803600,2017-12-28 01:09:55.862859,0,0.0
4909,0.9998,BFX,1,JordanManual,Bitfinex,0.9998,0.9998,0.9998,,1513803600,2017-12-26 23:21:24.889614,0,0.0
4910,0.9998,,1,JordanManual,CCCAGG,0.9998,0.9998,0.9998,BFX,1513803600,2017-12-28 01:14:48.478985,0,0.0
4911,0.9998,BFX,1,JordanManual,CCCAGG,0.9998,0.9998,0.9998,,1513803600,2017-12-26 23:21:23.208812,0,0.0
4912,0.9998,BFX,1,JordanManual,CCCAGG,0.9998,0.9998,0.9998,,1513807200,2017-12-26 23:21:23.208812,0,0.0
4913,0.9998,BFX,1,JordanManual,Bitfinex,0.9998,0.9998,0.9998,,1513807200,2017-12-26 23:21:24.889614,0,0.0
4914,0.9998,BFX,1,JordanManual,CCCAGG,0.9998,0.9998,0.9998,,1513810800,2017-12-26 23:21:23.208812,0,0.0
4915,0.9998,BFX,1,JordanManual,Bitfinex,0.9998,0.9998,0.9998,,1513810800,2017-12-26 23:21:24.889614,0,0.0
4916,0.9998,,1,JordanManual,CCCAGG,0.9998,0.9998,0.9998,BFX,1513814400,2017-12-28 01:14:48.478985,0,0.0
4917,0.9998,BFX,1,JordanManual,CCCAGG,0.9998,0.9998,0.9998,,1513814400,2017-12-26 23:21:23.208812,0,0.0
4918,0.9998,BFX,1,JordanManual,Bitfinex,0.9998,0.9998,0.9998,,1513814400,2017-12-26 23:21:24.889614,0,0.0
4919,0.9998,,1,JordanManual,Bitfinex,0.9998,0.9998,0.9998,BFX,1513814400,2017-12-28 01:09:55.862859,0,0.0
4920,0.9998,BFX,1,JordanManual,Bitfinex,0.9998,0.9998,0.9998,,1513818000,2017-12-26 23:21:24.889614,0,0.0
4921,0.9998,BFX,1,JordanManual,CCCAGG,0.9998,0.9998,0.9998,,1513818000,2017-12-26 23:21:23.208812,0,0.0
4922,0.9998,BFX,1,JordanManual,Bitfinex,0.9998,0.9998,0.9998,,1513821600,2017-12-26 23:21:24.889614,0,0.0
4923,0.9998,BFX,1,JordanManual,CCCAGG,0.9998,0.9998,0.9998,,1513821600,2017-12-26 23:21:23.208812,0,0.0
4924,0.9998,,1,JordanManual,Bitfinex,0.9998,0.9998,0.9998,BFX,1513825200,2017-12-28 01:09:55.862859,0,0.0
4925,0.9998,BFX,1,JordanManual,Bitfinex,0.9998,0.9998,0.9998,,1513825200,2017-12-26 23:21:24.889614,0,0.0
4926,0.9998,BFX,1,JordanManual,CCCAGG,0.9998,0.9998,0.9998,,1513825200,2017-12-26 23:21:23.208812,0,0.0
4927,0.9998,,1,JordanManual,CCCAGG,0.9998,0.9998,0.9998,BFX,1513825200,2017-12-28 01:14:48.478985,0,0.0
4928,0.9998,BFX,1,JordanManual,CCCAGG,0.9998,0.9998,0.9998,,1513828800,2017-12-26 23:21:23.208812,0,0.0
4929,0.9998,BFX,1,JordanManual,Bitfinex,0.9998,0.9998,0.9998,,1513828800,2017-12-26 23:21:24.889614,0,0.0
4930,0.9998,BFX,1,JordanManual,Bitfinex,0.9998,0.9998,0.9998,,1513832400,2017-12-26 23:21:24.889614,0,0.0
4931,0.9998,BFX,1,JordanManual,CCCAGG,0.9998,0.9998,0.9998,,1513832400,2017-12-26 23:21:23.208812,0,0.0
4932,0.9998,,1,JordanManual,Bitfinex,0.9998,0.9998,0.9998,BFX,1513836000,2017-12-28 01:09:55.862859,0,0.0
4933,0.9998,BFX,1,JordanManual,CCCAGG,0.9998,0.9998,0.9998,,1513836000,2017-12-26 23:21:23.208812,0,0.0
4934,0.9998,,1,JordanManual,CCCAGG,0.9998,0.9998,0.9998,BFX,1513836000,2017-12-28 01:14:48.478985,0,0.0
4935,0.9998,BFX,1,JordanManual,Bitfinex,0.9998,0.9998,0.9998,,1513836000,2017-12-26 23:21:24.889614,0,0.0
4936,0.9998,BFX,1,JordanManual,CCCAGG,0.9998,0.9998,0.9998,,1513839600,2017-12-26 23:21:23.208812,0,0.0
4937,0.9998,BFX,1,JordanManual,Bitfinex,0.9998,0.9998,0.9998,,1513839600,2017-12-26 23:21:24.889614,0,0.0
4938,0.9998,BFX,1,JordanManual,Bitfinex,0.9998,0.9998,0.9998,,1513843200,2017-12-26 23:21:24.889614,0,0.0
4939,0.9998,BFX,1,JordanManual,CCCAGG,0.9998,0.9998,0.9998,,1513843200,2017-12-26 23:21:23.208812,0,0.0
4940,0.9998,BFX,1,JordanManual,CCCAGG,0.9998,0.9998,0.9998,,1513846800,2017-12-26 23:21:23.208812,0,0.0
4941,0.9998,,1,JordanManual,CCCAGG,0.9998,0.9998,0.9998,BFX,1513846800,2017-12-28 01:14:48.478985,0,0.0
4942,0.9998,,1,JordanManual,Bitfinex,0.9998,0.9998,0.9998,BFX,1513846800,2017-12-28 01:09:55.862859,0,0.0
4943,0.9998,BFX,1,JordanManual,Bitfinex,0.9998,0.9998,0.9998,,1513846800,2017-12-26 23:21:24.889614,0,0.0
4944,0.9998,BFX,1,JordanManual,Bitfinex,0.9998,0.9998,0.9998,,1513850400,2017-12-26 23:21:24.889614,0,0.0
4945,0.9998,BFX,1,JordanManual,CCCAGG,0.9998,0.9998,0.9998,,1513850400,2017-12-26 23:21:23.208812,0,0.0
4946,0.9998,BFX,1,JordanManual,Bitfinex,0.9998,0.9998,0.9998,,1513854000,2017-12-26 23:21:24.889614,0,0.0
4947,0.9998,BFX,1,JordanManual,CCCAGG,0.9998,0.9998,0.9998,,1513854000,2017-12-26 23:21:23.208812,0,0.0
4948,0.9998,BFX,1,JordanManual,Bitfinex,0.9998,0.9998,0.9998,,1513857600,2017-12-26 23:21:24.889614,0,0.0
4949,0.9998,BFX,1,JordanManual,CCCAGG,0.9998,0.9998,0.9998,,1513857600,2017-12-26 23:21:23.208812,0,0.0
4950,0.9998,,1,JordanManual,CCCAGG,0.9998,0.9998,0.9998,BFX,1513857600,2017-12-28 01:14:48.478985,0,0.0
4951,0.9998,,1,JordanManual,Bitfinex,0.9998,0.9998,0.9998,BFX,1513857600,2017-12-28 01:09:55.862859,0,0.0
4952,0.9998,BFX,1,JordanManual,CCCAGG,0.9998,0.9998,0.9998,,1513861200,2017-12-26 23:21:23.208812,0,0.0
4953,0.9998,BFX,1,JordanManual,Bitfinex,0.9998,0.9998,0.9998,,1513861200,2017-12-26 23:21:24.889614,0,0.0
4954,0.9998,BFX,1,JordanManual,CCCAGG,0.9998,0.9998,0.9998,,1513864800,2017-12-26 23:21:23.208812,0,0.0
4955,0.9998,BFX,1,JordanManual,Bitfinex,0.9998,0.9998,0.9998,,1513864800,2017-12-26 23:21:24.889614,0,0.0
4956,0.9998,BFX,1,JordanManual,Bitfinex,0.9998,0.9998,0.9998,,1513868400,2017-12-26 23:21:24.889614,0,0.0
4957,0.9998,BFX,1,JordanManual,CCCAGG,0.9998,0.9998,0.9998,,1513868400,2017-12-26 23:21:23.208812,0,0.0
4958,0.9998,,1,JordanManual,Bitfinex,0.9998,0.9998,0.9998,BFX,1513868400,2017-12-28 01:09:55.862859,0,0.0
4959,0.9998,,1,JordanManual,CCCAGG,0.9998,0.9998,0.9998,BFX,1513868400,2017-12-28 01:14:48.478985,0,0.0
4960,0.9998,BFX,1,JordanManual,CCCAGG,0.9998,0.9998,0.9998,,1513872000,2017-12-26 23:21:23.208812,0,0.0
4961,0.9998,BFX,1,JordanManual,Bitfinex,0.9998,0.9998,0.9998,,1513872000,2017-12-26 23:21:24.889614,0,0.0
4962,0.9998,BFX,1,JordanManual,CCCAGG,0.9998,0.9998,0.9998,,1513875600,2017-12-26 23:21:23.208812,0,0.0
4963,0.9998,BFX,1,JordanManual,Bitfinex,0.9998,0.9998,0.9998,,1513875600,2017-12-26 23:21:24.889614,0,0.0
4964,0.9998,,1,JordanManual,Bitfinex,0.9998,0.9998,0.9998,BFX,1513879200,2017-12-28 01:09:55.862859,0,0.0
4965,0.9998,BFX,1,JordanManual,Bitfinex,0.9998,0.9998,0.9998,,1513879200,2017-12-26 23:21:24.889614,0,0.0
4966,0.9998,BFX,1,JordanManual,CCCAGG,0.9998,0.9998,0.9998,,1513879200,2017-12-26 23:21:23.208812,0,0.0
4967,0.9998,,1,JordanManual,CCCAGG,0.9998,0.9998,0.9998,BFX,1513879200,2017-12-28 01:14:48.478985,0,0.0
4968,0.9998,BFX,1,JordanManual,CCCAGG,0.9998,0.9998,0.9998,,1513882800,2017-12-26 23:21:23.208812,0,0.0
4969,0.9998,BFX,1,JordanManual,Bitfinex,0.9998,0.9998,0.9998,,1513882800,2017-12-26 23:21:24.889614,0,0.0
4970,0.9998,BFX,1,JordanManual,Bitfinex,0.9998,0.9998,0.9998,,1513886400,2017-12-26 23:21:24.889614,0,0.0
4971,0.9998,BFX,1,JordanManual,CCCAGG,0.9998,0.9998,0.9998,,1513886400,2017-12-26 23:21:23.208812,0,0.0
4972,0.9998,,1,JordanManual,Bitfinex,0.9998,0.9998,0.9998,BFX,1513890000,2017-12-28 01:09:55.862859,0,0.0
4973,0.9998,BFX,1,JordanManual,CCCAGG,0.9998,0.9998,0.9998,,1513890000,2017-12-26 23:21:23.208812,0,0.0
4974,0.9998,BFX,1,JordanManual,Bitfinex,0.9998,0.9998,0.9998,,1513890000,2017-12-26 23:21:24.889614,0,0.0
4975,0.9998,,1,JordanManual,CCCAGG,0.9998,0.9998,0.9998,BFX,1513890000,2017-12-28 01:14:48.478985,0,0.0
4976,0.9998,BFX,1,JordanManual,Bitfinex,0.9998,0.9998,0.9998,,1513893600,2017-12-26 23:21:24.889614,0,0.0
4977,0.9998,BFX,1,JordanManual,CCCAGG,0.9998,0.9998,0.9998,,1513893600,2017-12-26 23:21:23.208812,0,0.0
4978,0.9998,BFX,1,JordanManual,Bitfinex,0.9998,0.9998,0.9998,,1513897200,2017-12-26 23:21:24.889614,0,0.0
4979,0.9998,BFX,1,JordanManual,CCCAGG,0.9998,0.9998,0.9998,,1513897200,2017-12-26 23:21:23.208812,0,0.0
4980,0.9998,BFX,1,JordanManual,Bitfinex,0.9998,0.9998,0.9998,,1513900800,2017-12-26 23:21:24.889614,0,0.0
4981,0.9998,BFX,1,JordanManual,CCCAGG,0.9998,0.9998,0.9998,,1513900800,2017-12-26 23:21:23.208812,0,0.0
4982,0.9998,,1,JordanManual,Bitfinex,0.9998,0.9998,0.9998,BFX,1513900800,2017-12-28 01:09:55.862859,0,0.0
4983,0.9998,,1,JordanManual,CCCAGG,0.9998,0.9998,0.9998,BFX,1513900800,2017-12-28 01:14:48.478985,0,0.0
4984,0.9998,BFX,1,JordanManual,Bitfinex,0.9998,0.9998,0.9998,,1513904400,2017-12-26 23:21:24.889614,0,0.0
4985,0.9998,BFX,1,JordanManual,CCCAGG,0.9998,0.9998,0.9998,,1513904400,2017-12-26 23:21:23.208812,0,0.0
4986,0.9998,BFX,1,JordanManual,CCCAGG,0.9998,0.9998,0.9998,,1513908000,2017-12-26 23:21:23.208812,0,0.0
4987,0.9998,BFX,1,JordanManual,Bitfinex,0.9998,0.9998,0.9998,,1513908000,2017-12-26 23:21:24.889614,0,0.0
4988,0.9998,,1,JordanManual,CCCAGG,0.9998,0.9998,0.9998,BFX,1513911600,2017-12-28 01:14:48.478985,0,0.0
4989,0.9998,BFX,1,JordanManual,Bitfinex,0.9998,0.9998,0.9998,,1513911600,2017-12-26 23:21:24.889614,0,0.0
4990,0.9998,,1,JordanManual,Bitfinex,0.9998,0.9998,0.9998,BFX,1513911600,2017-12-28 01:09:55.862859,0,0.0
4991,0.9998,BFX,1,JordanManual,CCCAGG,0.9998,0.9998,0.9998,,1513911600,2017-12-26 23:21:23.208812,0,0.0
4992,0.9998,BFX,1,JordanManual,Bitfinex,0.9998,0.9998,0.9998,,1513915200,2017-12-26 23:21:24.889614,0,0.0
4993,0.9998,BFX,1,JordanManual,CCCAGG,0.9998,0.9998,0.9998,,1513915200,2017-12-26 23:21:23.208812,0,0.0
4994,0.9998,BFX,1,JordanManual,Bitfinex,0.9998,0.9998,0.9998,,1513918800,2017-12-26 23:21:24.889614,0,0.0
4995,0.9998,BFX,1,JordanManual,CCCAGG,0.9998,0.9998,0.9998,,1513918800,2017-12-26 23:21:23.208812,0,0.0
4996,0.9998,BFX,1,JordanManual,CCCAGG,0.9998,0.9998,0.9998,,1513922400,2017-12-26 23:21:23.208812,0,0.0
4997,0.9998,,1,JordanManual,CCCAGG,0.9998,0.9998,0.9998,BFX,1513922400,2017-12-28 01:14:48.478985,0,0.0
4998,0.9998,,1,JordanManual,Bitfinex,0.9998,0.9998,0.9998,BFX,1513922400,2017-12-28 01:09:55.862859,0,0.0
4999,0.9998,BFX,1,JordanManual,Bitfinex,0.9998,0.9998,0.9998,,1513922400,2017-12-26 23:21:24.889614,0,0.0
5000,0.9998,BFX,1,JordanManual,CCCAGG,0.9998,0.9998,0.9998,,1513926000,2017-12-26 23:21:23.208812,0,0.0
5001,0.9998,BFX,1,JordanManual,Bitfinex,0.9998,0.9998,0.9998,,1513926000,2017-12-26 23:21:24.889614,0,0.0
5002,0.9998,BFX,1,JordanManual,CCCAGG,0.9998,0.9998,0.9998,,1513929600,2017-12-26 23:21:23.208812,0,0.0
5003,0.9998,BFX,1,JordanManual,Bitfinex,0.9998,0.9998,0.9998,,1513929600,2017-12-26 23:21:24.889614,0,0.0
5004,0.9998,,1,JordanManual,Bitfinex,0.9998,0.9998,0.9998,BFX,1513933200,2017-12-28 01:09:55.862859,0,0.0
5005,0.9998,BFX,1,JordanManual,CCCAGG,0.9998,0.9998,0.9998,,1513933200,2017-12-26 23:21:23.208812,0,0.0
5006,0.9998,BFX,1,JordanManual,Bitfinex,0.9998,0.9998,0.9998,,1513933200,2017-12-26 23:21:24.889614,0,0.0
5007,0.9998,,1,JordanManual,CCCAGG,0.9998,0.9998,0.9998,BFX,1513933200,2017-12-28 01:14:48.478985,0,0.0
5008,0.9998,BFX,1,JordanManual,Bitfinex,0.9998,0.9998,0.9998,,1513936800,2017-12-26 23:21:24.889614,0,0.0
5009,0.9998,BFX,1,JordanManual,CCCAGG,0.9998,0.9998,0.9998,,1513936800,2017-12-26 23:21:23.208812,0,0.0
5010,0.9998,BFX,1,JordanManual,CCCAGG,0.9998,0.9998,0.9998,,1513940400,2017-12-26 23:21:23.208812,0,0.0
5011,0.9998,BFX,1,JordanManual,Bitfinex,0.9998,0.9998,0.9998,,1513940400,2017-12-26 23:21:24.889614,0,0.0
5012,0.9998,,1,JordanManual,Bitfinex,0.9998,0.9998,0.9998,BFX,1513944000,2017-12-28 01:09:55.862859,0,0.0
5013,0.9998,BFX,1,JordanManual,CCCAGG,0.9998,0.9998,0.9998,,1513944000,2017-12-26 23:21:23.208812,0,0.0
5014,0.9998,,1,JordanManual,CCCAGG,0.9998,0.9998,0.9998,BFX,1513944000,2017-12-28 01:14:48.478985,0,0.0
5015,0.9998,BFX,1,JordanManual,Bitfinex,0.9998,0.9998,0.9998,,1513944000,2017-12-26 23:21:24.889614,0,0.0
5016,0.9998,BFX,1,JordanManual,CCCAGG,0.9998,0.9998,0.9998,,1513947600,2017-12-26 23:21:23.208812,0,0.0
5017,0.9998,BFX,1,JordanManual,Bitfinex,0.9998,0.9998,0.9998,,1513947600,2017-12-26 23:21:24.889614,0,0.0
5018,0.9998,BFX,1,JordanManual,CCCAGG,0.9998,0.9998,0.9998,,1513951200,2017-12-26 23:21:23.208812,0,0.0
5019,0.9998,BFX,1,JordanManual,Bitfinex,0.9998,0.9998,0.9998,,1513951200,2017-12-26 23:21:24.889614,0,0.0
5020,0.9998,,1,JordanManual,Bitfinex,0.9998,0.9998,0.9998,BFX,1513954800,2017-12-28 01:09:55.862859,0,0.0
5021,0.9998,BFX,1,JordanManual,CCCAGG,0.9998,0.9998,0.9998,,1513954800,2017-12-26 23:21:23.208812,0,0.0
5022,0.9998,,1,JordanManual,CCCAGG,0.9998,0.9998,0.9998,BFX,1513954800,2017-12-28 01:14:48.478985,0,0.0
5023,0.9998,BFX,1,JordanManual,Bitfinex,0.9998,0.9998,0.9998,,1513954800,2017-12-26 23:21:24.889614,0,0.0
5024,0.9998,BFX,1,JordanManual,Bitfinex,0.9998,0.9998,0.9998,,1513958400,2017-12-26 23:21:24.889614,0,0.0
5025,0.9998,BFX,1,JordanManual,CCCAGG,0.9998,0.9998,0.9998,,1513958400,2017-12-26 23:21:23.208812,0,0.0
5026,0.9998,BFX,1,JordanManual,CCCAGG,0.9998,0.9998,0.9998,,1513962000,2017-12-26 23:21:23.208812,0,0.0
5027,0.9998,BFX,1,JordanManual,Bitfinex,0.9998,0.9998,0.9998,,1513962000,2017-12-26 23:21:24.889614,0,0.0
5028,0.9998,,1,JordanManual,CCCAGG,0.9998,0.9998,0.9998,BFX,1513965600,2017-12-28 01:14:48.478985,0,0.0
5029,0.9998,,1,JordanManual,Bitfinex,0.9998,0.9998,0.9998,BFX,1513965600,2017-12-28 01:09:55.862859,0,0.0
5030,0.9998,BFX,1,JordanManual,Bitfinex,0.9998,0.9998,0.9998,,1513965600,2017-12-26 23:21:24.889614,0,0.0
5031,0.9998,BFX,1,JordanManual,CCCAGG,0.9998,0.9998,0.9998,,1513965600,2017-12-26 23:21:23.208812,0,0.0
5032,0.9998,BFX,1,JordanManual,Bitfinex,0.9998,0.9998,0.9998,,1513969200,2017-12-26 23:21:24.889614,0,0.0
5033,0.9998,BFX,1,JordanManual,CCCAGG,0.9998,0.9998,0.9998,,1513969200,2017-12-26 23:21:23.208812,0,0.0
5034,0.9998,BFX,1,JordanManual,CCCAGG,0.9998,0.9998,0.9998,,1513972800,2017-12-26 23:21:23.208812,0,0.0
5035,0.9998,BFX,1,JordanManual,Bitfinex,0.9998,0.9998,0.9998,,1513972800,2017-12-26 23:21:24.889614,0,0.0
5036,0.9998,BFX,1,JordanManual,Bitfinex,0.9998,0.9998,0.9998,,1513976400,2017-12-26 23:21:24.889614,0,0.0
5037,0.9998,,1,JordanManual,Bitfinex,0.9998,0.9998,0.9998,BFX,1513976400,2017-12-28 01:09:55.862859,0,0.0
5038,0.9998,BFX,1,JordanManual,CCCAGG,0.9998,0.9998,0.9998,,1513976400,2017-12-26 23:21:23.208812,0,0.0
5039,0.9998,,1,JordanManual,CCCAGG,0.9998,0.9998,0.9998,BFX,1513976400,2017-12-28 01:14:48.478985,0,0.0
5040,0.9998,BFX,1,JordanManual,Bitfinex,0.9998,0.9998,0.9998,,1513980000,2017-12-26 23:21:24.889614,0,0.0
5041,0.9998,BFX,1,JordanManual,CCCAGG,0.9998,0.9998,0.9998,,1513980000,2017-12-26 23:21:23.208812,0,0.0
5042,0.9998,BFX,1,JordanManual,Bitfinex,0.9998,0.9998,0.9998,,1513983600,2017-12-26 23:21:24.889614,0,0.0
5043,0.9998,BFX,1,JordanManual,CCCAGG,0.9998,0.9998,0.9998,,1513983600,2017-12-26 23:21:23.208812,0,0.0
5044,0.9998,BFX,1,JordanManual,CCCAGG,0.9998,0.9998,0.9998,,1513987200,2017-12-26 23:21:23.208812,0,0.0
5045,0.9998,,1,JordanManual,Bitfinex,0.9998,0.9998,0.9998,BFX,1513987200,2017-12-28 01:09:55.862859,0,0.0
5046,0.9998,BFX,1,JordanManual,Bitfinex,0.9998,0.9998,0.9998,,1513987200,2017-12-26 23:21:24.889614,0,0.0
5047,0.9998,,1,JordanManual,CCCAGG,0.9998,0.9998,0.9998,BFX,1513987200,2017-12-28 01:14:48.478985,0,0.0
5048,0.9998,BFX,1,JordanManual,Bitfinex,0.9998,0.9998,0.9998,,1513990800,2017-12-26 23:21:24.889614,0,0.0
5049,0.9998,BFX,1,JordanManual,CCCAGG,0.9998,0.9998,0.9998,,1513990800,2017-12-26 23:21:23.208812,0,0.0
5050,0.9998,BFX,1,JordanManual,CCCAGG,0.9998,0.9998,0.9998,,1513994400,2017-12-26 23:21:23.208812,0,0.0
5051,0.9998,BFX,1,JordanManual,Bitfinex,0.9998,0.9998,0.9998,,1513994400,2017-12-26 23:21:24.889614,0,0.0
5052,0.9998,,1,JordanManual,Bitfinex,0.9998,0.9998,0.9998,BFX,1513998000,2017-12-28 01:09:55.862859,0,0.0
5053,0.9998,,1,JordanManual,CCCAGG,0.9998,0.9998,0.9998,BFX,1513998000,2017-12-28 01:14:48.478985,0,0.0
5054,0.9998,BFX,1,JordanManual,CCCAGG,0.9998,0.9998,0.9998,,1513998000,2017-12-26 23:21:23.208812,0,0.0
5055,0.9998,BFX,1,JordanManual,Bitfinex,0.9998,0.9998,0.9998,,1513998000,2017-12-26 23:21:24.889614,0,0.0
5056,0.9998,BFX,1,JordanManual,CCCAGG,0.9998,0.9998,0.9998,,1514001600,2017-12-26 23:21:23.208812,0,0.0
5057,0.9998,BFX,1,JordanManual,Bitfinex,0.9998,0.9998,0.9998,,1514001600,2017-12-26 23:21:24.889614,0,0.0
5058,0.9998,BFX,1,JordanManual,Bitfinex,0.9998,0.9998,0.9998,,1514005200,2017-12-26 23:21:24.889614,0,0.0
5059,0.9998,BFX,1,JordanManual,CCCAGG,0.9998,0.9998,0.9998,,1514005200,2017-12-26 23:21:23.208812,0,0.0
5060,0.9998,,1,JordanManual,Bitfinex,0.9998,0.9998,0.9998,BFX,1514008800,2017-12-28 01:09:55.862859,0,0.0
5061,0.9998,,1,JordanManual,CCCAGG,0.9998,0.9998,0.9998,BFX,1514008800,2017-12-28 01:14:48.478985,0,0.0
5062,0.9998,BFX,1,JordanManual,CCCAGG,0.9998,0.9998,0.9998,,1514008800,2017-12-26 23:21:23.208812,0,0.0
5063,0.9998,BFX,1,JordanManual,Bitfinex,0.9998,0.9998,0.9998,,1514008800,2017-12-26 23:21:24.889614,0,0.0
5064,0.9998,BFX,1,JordanManual,Bitfinex,0.9998,0.9998,0.9998,,1514012400,2017-12-26 23:21:24.889614,0,0.0
5065,0.9998,BFX,1,JordanManual,CCCAGG,0.9998,0.9998,0.9998,,1514012400,2017-12-26 23:21:23.208812,0,0.0
5066,0.9998,BFX,1,JordanManual,CCCAGG,0.9998,0.9998,0.9998,,1514016000,2017-12-26 23:21:23.208812,0,0.0
5067,0.9998,BFX,1,JordanManual,Bitfinex,0.9998,0.9998,0.9998,,1514016000,2017-12-26 23:21:24.889614,0,0.0
5068,0.9998,,1,JordanManual,CCCAGG,0.9998,0.9998,0.9998,BFX,1514019600,2017-12-28 01:14:48.478985,0,0.0
5069,0.9998,BFX,1,JordanManual,CCCAGG,0.9998,0.9998,0.9998,,1514019600,2017-12-26 23:21:23.208812,0,0.0
5070,0.9998,BFX,1,JordanManual,Bitfinex,0.9998,0.9998,0.9998,,1514019600,2017-12-26 23:21:24.889614,0,0.0
5071,0.9998,,1,JordanManual,Bitfinex,0.9998,0.9998,0.9998,BFX,1514019600,2017-12-28 01:09:55.862859,0,0.0
5072,0.9998,BFX,1,JordanManual,CCCAGG,0.9998,0.9998,0.9998,,1514023200,2017-12-26 23:21:23.208812,0,0.0
5073,0.9998,BFX,1,JordanManual,Bitfinex,0.9998,0.9998,0.9998,,1514023200,2017-12-26 23:21:24.889614,0,0.0
5074,0.9998,BFX,1,JordanManual,Bitfinex,0.9998,0.9998,0.9998,,1514026800,2017-12-26 23:21:24.889614,0,0.0
5075,0.9998,BFX,1,JordanManual,CCCAGG,0.9998,0.9998,0.9998,,1514026800,2017-12-26 23:21:23.208812,0,0.0
5076,0.9998,BFX,1,JordanManual,Bitfinex,0.9998,0.9998,0.9998,,1514030400,2017-12-26 23:21:24.889614,0,0.0
5077,0.9998,,1,JordanManual,CCCAGG,0.9998,0.9998,0.9998,BFX,1514030400,2017-12-28 01:14:48.478985,0,0.0
5078,0.9998,BFX,1,JordanManual,CCCAGG,0.9998,0.9998,0.9998,,1514030400,2017-12-26 23:21:23.208812,0,0.0
5079,0.9998,,1,JordanManual,Bitfinex,0.9998,0.9998,0.9998,BFX,1514030400,2017-12-28 01:09:55.862859,0,0.0
5080,0.9998,BFX,1,JordanManual,CCCAGG,0.9998,0.9998,0.9998,,1514034000,2017-12-26 23:21:23.208812,0,0.0
5081,0.9998,BFX,1,JordanManual,Bitfinex,0.9998,0.9998,0.9998,,1514034000,2017-12-26 23:21:24.889614,0,0.0
5082,0.9998,BFX,1,JordanManual,Bitfinex,0.9998,0.9998,0.9998,,1514037600,2017-12-26 23:21:24.889614,0,0.0
5083,0.9998,BFX,1,JordanManual,CCCAGG,0.9998,0.9998,0.9998,,1514037600,2017-12-26 23:21:23.208812,0,0.0
5084,0.9998,BFX,1,JordanManual,Bitfinex,0.9998,0.9998,0.9998,,1514041200,2017-12-26 23:21:24.889614,0,0.0
5085,0.9998,,1,JordanManual,Bitfinex,0.9998,0.9998,0.9998,BFX,1514041200,2017-12-28 01:09:55.862859,0,0.0
5086,0.9998,BFX,1,JordanManual,CCCAGG,0.9998,0.9998,0.9998,,1514041200,2017-12-26 23:21:23.208812,0,0.0
5087,0.9998,,1,JordanManual,CCCAGG,0.9998,0.9998,0.9998,BFX,1514041200,2017-12-28 01:14:48.478985,0,0.0
5088,0.9998,BFX,1,JordanManual,Bitfinex,0.9998,0.9998,0.9998,,1514044800,2017-12-26 23:21:24.889614,0,0.0
5089,0.9998,BFX,1,JordanManual,CCCAGG,0.9998,0.9998,0.9998,,1514044800,2017-12-26 23:21:23.208812,0,0.0
5090,0.9998,BFX,1,JordanManual,Bitfinex,0.9998,0.9998,0.9998,,1514048400,2017-12-26 23:21:24.889614,0,0.0
5091,0.9998,BFX,1,JordanManual,CCCAGG,0.9998,0.9998,0.9998,,1514048400,2017-12-26 23:21:23.208812,0,0.0
5092,0.9998,,1,JordanManual,CCCAGG,0.9998,0.9998,0.9998,BFX,1514052000,2017-12-28 01:14:48.478985,0,0.0
5093,0.9998,BFX,1,JordanManual,CCCAGG,0.9998,0.9998,0.9998,,1514052000,2017-12-26 23:21:23.208812,0,0.0
5094,0.9998,BFX,1,JordanManual,Bitfinex,0.9998,0.9998,0.9998,,1514052000,2017-12-26 23:21:24.889614,0,0.0
5095,0.9998,,1,JordanManual,Bitfinex,0.9998,0.9998,0.9998,BFX,1514052000,2017-12-28 01:09:55.862859,0,0.0
5096,0.9998,BFX,1,JordanManual,Bitfinex,0.9998,0.9998,0.9998,,1514055600,2017-12-26 23:21:24.889614,0,0.0
5097,0.9998,BFX,1,JordanManual,CCCAGG,0.9998,0.9998,0.9998,,1514055600,2017-12-26 23:21:23.208812,0,0.0
5098,0.9998,BFX,1,JordanManual,Bitfinex,0.9998,0.9998,0.9998,,1514059200,2017-12-26 23:21:24.889614,0,0.0
5099,0.9998,BFX,1,JordanManual,CCCAGG,0.9998,0.9998,0.9998,,1514059200,2017-12-26 23:21:23.208812,0,0.0
5100,0.9998,BFX,1,JordanManual,CCCAGG,0.9998,0.9998,0.9998,,1514062800,2017-12-26 23:21:23.208812,0,0.0
5101,0.9998,,1,JordanManual,CCCAGG,0.9998,0.9998,0.9998,BFX,1514062800,2017-12-28 01:14:48.478985,0,0.0
5102,0.9998,BFX,1,JordanManual,Bitfinex,0.9998,0.9998,0.9998,,1514062800,2017-12-26 23:21:24.889614,0,0.0
5103,0.9998,,1,JordanManual,Bitfinex,0.9998,0.9998,0.9998,BFX,1514062800,2017-12-28 01:09:55.862859,0,0.0
5104,0.9998,BFX,1,JordanManual,CCCAGG,0.9998,0.9998,0.9998,,1514066400,2017-12-26 23:21:23.208812,0,0.0
5105,0.9998,BFX,1,JordanManual,Bitfinex,0.9998,0.9998,0.9998,,1514066400,2017-12-26 23:21:24.889614,0,0.0
5106,0.9998,BFX,1,JordanManual,Bitfinex,0.9998,0.9998,0.9998,,1514070000,2017-12-26 23:21:24.889614,0,0.0
5107,0.9998,BFX,1,JordanManual,CCCAGG,0.9998,0.9998,0.9998,,1514070000,2017-12-26 23:21:23.208812,0,0.0
5108,0.9998,,1,JordanManual,Bitfinex,0.9998,0.9998,0.9998,BFX,1514073600,2017-12-28 01:09:55.862859,0,0.0
5109,0.9998,BFX,1,JordanManual,Bitfinex,0.9998,0.9998,0.9998,,1514073600,2017-12-26 23:21:24.889614,0,0.0
5110,0.9998,,1,JordanManual,CCCAGG,0.9998,0.9998,0.9998,BFX,1514073600,2017-12-28 01:14:48.478985,0,0.0
5111,0.9998,BFX,1,JordanManual,CCCAGG,0.9998,0.9998,0.9998,,1514073600,2017-12-26 23:21:23.208812,0,0.0
5112,0.9998,BFX,1,JordanManual,Bitfinex,0.9998,0.9998,0.9998,,1514077200,2017-12-26 23:21:24.889614,0,0.0
5113,0.9998,BFX,1,JordanManual,CCCAGG,0.9998,0.9998,0.9998,,1514077200,2017-12-26 23:21:23.208812,0,0.0
5114,0.9998,BFX,1,JordanManual,CCCAGG,0.9998,0.9998,0.9998,,1514080800,2017-12-26 23:21:23.208812,0,0.0
5115,0.9998,BFX,1,JordanManual,Bitfinex,0.9998,0.9998,0.9998,,1514080800,2017-12-26 23:21:24.889614,0,0.0
5116,0.9998,BFX,1,JordanManual,Bitfinex,0.9998,0.9998,0.9998,,1514084400,2017-12-26 23:21:24.889614,0,0.0
5117,0.9998,BFX,1,JordanManual,CCCAGG,0.9998,0.9998,0.9998,,1514084400,2017-12-26 23:21:23.208812,0,0.0
5118,0.9998,,1,JordanManual,CCCAGG,0.9998,0.9998,0.9998,BFX,1514084400,2017-12-28 01:14:48.478985,0,0.0
5119,0.9998,,1,JordanManual,Bitfinex,0.9998,0.9998,0.9998,BFX,1514084400,2017-12-28 01:09:55.862859,0,0.0
5120,0.9998,BFX,1,JordanManual,CCCAGG,0.9998,0.9998,0.9998,,1514088000,2017-12-26 23:21:23.208812,0,0.0
5121,0.9998,BFX,1,JordanManual,Bitfinex,0.9998,0.9998,0.9998,,1514088000,2017-12-26 23:21:24.889614,0,0.0
5122,0.9998,BFX,1,JordanManual,Bitfinex,0.9998,0.9998,0.9998,,1514091600,2017-12-26 23:21:24.889614,0,0.0
5123,0.9998,BFX,1,JordanManual,CCCAGG,0.9998,0.9998,0.9998,,1514091600,2017-12-26 23:21:23.208812,0,0.0
5124,0.9998,BFX,1,JordanManual,Bitfinex,0.9998,0.9998,0.9998,,1514095200,2017-12-26 23:21:24.889614,0,0.0
5125,0.9998,,1,JordanManual,Bitfinex,0.9998,0.9998,0.9998,BFX,1514095200,2017-12-28 01:09:55.862859,0,0.0
5126,0.9998,BFX,1,JordanManual,CCCAGG,0.9998,0.9998,0.9998,,1514095200,2017-12-26 23:21:23.208812,0,0.0
5127,0.9998,,1,JordanManual,CCCAGG,0.9998,0.9998,0.9998,BFX,1514095200,2017-12-28 01:14:48.478985,0,0.0
5128,0.9998,BFX,1,JordanManual,Bitfinex,0.9998,0.9998,0.9998,,1514098800,2017-12-26 23:21:24.889614,0,0.0
5129,0.9998,BFX,1,JordanManual,CCCAGG,0.9998,0.9998,0.9998,,1514098800,2017-12-26 23:21:23.208812,0,0.0
5130,0.9998,BFX,1,JordanManual,Bitfinex,0.9998,0.9998,0.9998,,1514102400,2017-12-26 23:21:24.889614,0,0.0
5131,0.9998,BFX,1,JordanManual,CCCAGG,0.9998,0.9998,0.9998,,1514102400,2017-12-26 23:21:23.208812,0,0.0
5132,0.9998,BFX,1,JordanManual,Bitfinex,0.9998,0.9998,0.9998,,1514106000,2017-12-26 23:21:24.889614,0,0.0
5133,0.9998,BFX,1,JordanManual,CCCAGG,0.9998,0.9998,0.9998,,1514106000,2017-12-26 23:21:23.208812,0,0.0
5134,0.9998,,1,JordanManual,Bitfinex,0.9998,0.9998,0.9998,BFX,1514106000,2017-12-28 01:09:55.862859,0,0.0
5135,0.9998,,1,JordanManual,CCCAGG,0.9998,0.9998,0.9998,BFX,1514106000,2017-12-28 01:14:48.478985,0,0.0
5136,0.9998,BFX,1,JordanManual,Bitfinex,0.9998,0.9998,0.9998,,1514109600,2017-12-26 23:21:24.889614,0,0.0
5137,0.9998,BFX,1,JordanManual,CCCAGG,0.9998,0.9998,0.9998,,1514109600,2017-12-26 23:21:23.208812,0,0.0
5138,0.9998,BFX,1,JordanManual,CCCAGG,0.9998,0.9998,0.9998,,1514113200,2017-12-26 23:21:23.208812,0,0.0
5139,0.9998,BFX,1,JordanManual,Bitfinex,0.9998,0.9998,0.9998,,1514113200,2017-12-26 23:21:24.889614,0,0.0
5140,0.9998,,1,JordanManual,CCCAGG,0.9998,0.9998,0.9998,BFX,1514116800,2017-12-28 01:14:48.478985,0,0.0
5141,0.9998,BFX,1,JordanManual,CCCAGG,0.9998,0.9998,0.9998,,1514116800,2017-12-26 23:21:23.208812,0,0.0
5142,0.9998,BFX,1,JordanManual,Bitfinex,0.9998,0.9998,0.9998,,1514116800,2017-12-26 23:21:24.889614,0,0.0
5143,0.9998,,1,JordanManual,Bitfinex,0.9998,0.9998,0.9998,BFX,1514116800,2017-12-28 01:09:55.862859,0,0.0
5144,0.9998,BFX,1,JordanManual,Bitfinex,0.9998,0.9998,0.9998,,1514120400,2017-12-26 23:21:24.889614,0,0.0
5145,0.9998,BFX,1,JordanManual,CCCAGG,0.9998,0.9998,0.9998,,1514120400,2017-12-26 23:21:23.208812,0,0.0
5146,0.9998,BFX,1,JordanManual,CCCAGG,0.9998,0.9998,0.9998,,1514124000,2017-12-26 23:21:23.208812,0,0.0
5147,0.9998,BFX,1,JordanManual,Bitfinex,0.9998,0.9998,0.9998,,1514124000,2017-12-26 23:21:24.889614,0,0.0
5148,0.9998,,1,JordanManual,Bitfinex,0.9998,0.9998,0.9998,BFX,1514127600,2017-12-28 01:09:55.862859,0,0.0
5149,0.9998,BFX,1,JordanManual,Bitfinex,0.9998,0.9998,0.9998,,1514127600,2017-12-26 23:21:24.889614,0,0.0
5150,0.9998,,1,JordanManual,CCCAGG,0.9998,0.9998,0.9998,BFX,1514127600,2017-12-28 01:14:48.478985,0,0.0
5151,0.9998,BFX,1,JordanManual,CCCAGG,0.9998,0.9998,0.9998,,1514127600,2017-12-26 23:21:23.208812,0,0.0
5152,0.9998,BFX,1,JordanManual,CCCAGG,0.9998,0.9998,0.9998,,1514131200,2017-12-26 23:21:23.208812,0,0.0
5153,0.9998,BFX,1,JordanManual,Bitfinex,0.9998,0.9998,0.9998,,1514131200,2017-12-26 23:21:24.889614,0,0.0
5154,0.9998,BFX,1,JordanManual,Bitfinex,0.9998,0.9998,0.9998,,1514134800,2017-12-26 23:21:24.889614,0,0.0
5155,0.9998,BFX,1,JordanManual,CCCAGG,0.9998,0.9998,0.9998,,1514134800,2017-12-26 23:21:23.208812,0,0.0
5156,0.9998,,1,JordanManual,Bitfinex,0.9998,0.9998,0.9998,BFX,1514138400,2017-12-28 01:09:55.862859,0,0.0
5157,0.9998,BFX,1,JordanManual,Bitfinex,0.9998,0.9998,0.9998,,1514138400,2017-12-26 23:21:24.889614,0,0.0
5158,0.9998,,1,JordanManual,CCCAGG,0.9998,0.9998,0.9998,BFX,1514138400,2017-12-28 01:14:48.478985,0,0.0
5159,0.9998,BFX,1,JordanManual,CCCAGG,0.9998,0.9998,0.9998,,1514138400,2017-12-26 23:21:23.208812,0,0.0
5160,0.9998,BFX,1,JordanManual,Bitfinex,0.9998,0.9998,0.9998,,1514142000,2017-12-26 23:21:24.889614,0,0.0
5161,0.9998,BFX,1,JordanManual,CCCAGG,0.9998,0.9998,0.9998,,1514142000,2017-12-26 23:21:23.208812,0,0.0
5162,0.9998,BFX,1,JordanManual,Bitfinex,0.9998,0.9998,0.9998,,1514145600,2017-12-26 23:21:24.889614,0,0.0
5163,0.9998,BFX,1,JordanManual,CCCAGG,0.9998,0.9998,0.9998,,1514145600,2017-12-26 23:21:23.208812,0,0.0
5164,0.9998,,1,JordanManual,Bitfinex,0.9998,0.9998,0.9998,BFX,1514149200,2017-12-28 01:09:55.862859,0,0.0
5165,0.9998,,1,JordanManual,CCCAGG,0.9998,0.9998,0.9998,BFX,1514149200,2017-12-28 01:14:48.478985,0,0.0
5166,0.9998,BFX,1,JordanManual,CCCAGG,0.9998,0.9998,0.9998,,1514149200,2017-12-26 23:21:23.208812,0,0.0
5167,0.9998,BFX,1,JordanManual,Bitfinex,0.9998,0.9998,0.9998,,1514149200,2017-12-26 23:21:24.889614,0,0.0
5168,0.9998,BFX,1,JordanManual,CCCAGG,0.9998,0.9998,0.9998,,1514152800,2017-12-26 23:21:23.208812,0,0.0
5169,0.9998,BFX,1,JordanManual,Bitfinex,0.9998,0.9998,0.9998,,1514152800,2017-12-26 23:21:24.889614,0,0.0
5170,0.9998,BFX,1,JordanManual,Bitfinex,0.9998,0.9998,0.9998,,1514156400,2017-12-26 23:21:24.889614,0,0.0
5171,0.9998,BFX,1,JordanManual,CCCAGG,0.9998,0.9998,0.9998,,1514156400,2017-12-26 23:21:23.208812,0,0.0
5172,0.9998,BFX,1,JordanManual,Bitfinex,0.9998,0.9998,0.9998,,1514160000,2017-12-26 23:21:24.889614,0,0.0
5173,0.9998,,1,JordanManual,Bitfinex,0.9998,0.9998,0.9998,BFX,1514160000,2017-12-28 01:09:55.862859,0,0.0
5174,0.9998,BFX,1,JordanManual,CCCAGG,0.9998,0.9998,0.9998,,1514160000,2017-12-26 23:21:23.208812,0,0.0
5175,0.9998,,1,JordanManual,CCCAGG,0.9998,0.9998,0.9998,BFX,1514160000,2017-12-28 01:14:48.478985,0,0.0
5176,0.9998,BFX,1,JordanManual,CCCAGG,0.9998,0.9998,0.9998,,1514163600,2017-12-26 23:21:23.208812,0,0.0
5177,0.9998,BFX,1,JordanManual,Bitfinex,0.9998,0.9998,0.9998,,1514163600,2017-12-26 23:21:24.889614,0,0.0
5178,0.9998,BFX,1,JordanManual,Bitfinex,0.9998,0.9998,0.9998,,1514167200,2017-12-26 23:21:24.889614,0,0.0
5179,0.9998,BFX,1,JordanManual,CCCAGG,0.9998,0.9998,0.9998,,1514167200,2017-12-26 23:21:23.208812,0,0.0
5180,0.9998,,1,JordanManual,CCCAGG,0.9998,0.9998,0.9998,BFX,1514170800,2017-12-28 01:14:48.478985,0,0.0
5181,0.9998,BFX,1,JordanManual,CCCAGG,0.9998,0.9998,0.9998,,1514170800,2017-12-26 23:21:23.208812,0,0.0
5182,0.9998,,1,JordanManual,Bitfinex,0.9998,0.9998,0.9998,BFX,1514170800,2017-12-28 01:09:55.862859,0,0.0
5183,0.9998,BFX,1,JordanManual,Bitfinex,0.9998,0.9998,0.9998,,1514170800,2017-12-26 23:21:24.889614,0,0.0
5184,0.9998,BFX,1,JordanManual,CCCAGG,0.9998,0.9998,0.9998,,1514174400,2017-12-26 23:21:23.208812,0,0.0
5185,0.9998,BFX,1,JordanManual,Bitfinex,0.9998,0.9998,0.9998,,1514174400,2017-12-26 23:21:24.889614,0,0.0
5186,0.9998,BFX,1,JordanManual,Bitfinex,0.9998,0.9998,0.9998,,1514178000,2017-12-26 23:21:24.889614,0,0.0
5187,0.9998,BFX,1,JordanManual,CCCAGG,0.9998,0.9998,0.9998,,1514178000,2017-12-26 23:21:23.208812,0,0.0
5188,0.9998,BFX,1,JordanManual,Bitfinex,0.9998,0.9998,0.9998,,1514181600,2017-12-26 23:21:24.889614,0,0.0
5189,0.9998,,1,JordanManual,Bitfinex,0.9998,0.9998,0.9998,BFX,1514181600,2017-12-28 01:09:55.862859,0,0.0
5190,0.9998,BFX,1,JordanManual,CCCAGG,0.9998,0.9998,0.9998,,1514181600,2017-12-26 23:21:23.208812,0,0.0
5191,0.9998,,1,JordanManual,CCCAGG,0.9998,0.9998,0.9998,BFX,1514181600,2017-12-28 01:14:48.478985,0,0.0
5192,0.9998,BFX,1,JordanManual,Bitfinex,0.9998,0.9998,0.9998,,1514185200,2017-12-26 23:21:24.889614,0,0.0
5193,0.9998,BFX,1,JordanManual,CCCAGG,0.9998,0.9998,0.9998,,1514185200,2017-12-26 23:21:23.208812,0,0.0
5194,0.9998,BFX,1,JordanManual,Bitfinex,0.9998,0.9998,0.9998,,1514188800,2017-12-26 23:21:24.889614,0,0.0
5195,0.9998,BFX,1,JordanManual,CCCAGG,0.9998,0.9998,0.9998,,1514188800,2017-12-26 23:21:23.208812,0,0.0
5196,0.9998,,1,JordanManual,Bitfinex,0.9998,0.9998,0.9998,BFX,1514192400,2017-12-28 01:09:55.862859,0,0.0
5197,0.9998,BFX,1,JordanManual,CCCAGG,0.9998,0.9998,0.9998,,1514192400,2017-12-26 23:21:23.208812,0,0.0
5198,0.9998,BFX,1,JordanManual,Bitfinex,0.9998,0.9998,0.9998,,1514192400,2017-12-26 23:21:24.889614,0,0.0
5199,0.9998,,1,JordanManual,CCCAGG,0.9998,0.9998,0.9998,BFX,1514192400,2017-12-28 01:14:48.478985,0,0.0
5200,0.9998,BFX,1,JordanManual,CCCAGG,0.9998,0.9998,0.9998,,1514196000,2017-12-26 23:21:23.208812,0,0.0
5201,0.9998,BFX,1,JordanManual,Bitfinex,0.9998,0.9998,0.9998,,1514196000,2017-12-26 23:21:24.889614,0,0.0
5202,0.9998,BFX,1,JordanManual,Bitfinex,0.9998,0.9998,0.9998,,1514199600,2017-12-26 23:21:24.889614,0,0.0
5203,0.9998,BFX,1,JordanManual,CCCAGG,0.9998,0.9998,0.9998,,1514199600,2017-12-26 23:21:23.208812,0,0.0
5204,0.9998,BFX,1,JordanManual,CCCAGG,0.9998,0.9998,0.9998,,1514203200,2017-12-26 23:21:23.208812,0,0.0
5205,0.9998,,1,JordanManual,CCCAGG,0.9998,0.9998,0.9998,BFX,1514203200,2017-12-28 01:14:48.478985,0,0.0
5206,0.9998,BFX,1,JordanManual,Bitfinex,0.9998,0.9998,0.9998,,1514203200,2017-12-26 23:21:24.889614,0,0.0
5207,0.9998,,1,JordanManual,Bitfinex,0.9998,0.9998,0.9998,BFX,1514203200,2017-12-28 01:09:55.862859,0,0.0
5208,0.9998,BFX,1,JordanManual,CCCAGG,0.9998,0.9998,0.9998,,1514206800,2017-12-26 23:21:23.208812,0,0.0
5209,0.9998,BFX,1,JordanManual,Bitfinex,0.9998,0.9998,0.9998,,1514206800,2017-12-26 23:21:24.889614,0,0.0
5210,0.9998,BFX,1,JordanManual,Bitfinex,0.9998,0.9998,0.9998,,1514210400,2017-12-26 23:21:24.889614,0,0.0
5211,0.9998,BFX,1,JordanManual,CCCAGG,0.9998,0.9998,0.9998,,1514210400,2017-12-26 23:21:23.208812,0,0.0
5212,0.9998,,1,JordanManual,CCCAGG,0.9998,0.9998,0.9998,BFX,1514214000,2017-12-28 01:14:48.478985,0,0.0
5213,0.9998,BFX,1,JordanManual,CCCAGG,0.9998,0.9998,0.9998,,1514214000,2017-12-26 23:21:23.208812,0,0.0
5214,0.9998,BFX,1,JordanManual,Bitfinex,0.9998,0.9998,0.9998,,1514214000,2017-12-26 23:21:24.889614,0,0.0
5215,0.9998,,1,JordanManual,Bitfinex,0.9998,0.9998,0.9998,BFX,1514214000,2017-12-28 01:09:55.862859,0,0.0
5216,0.9998,BFX,1,JordanManual,CCCAGG,0.9998,0.9998,0.9998,,1514217600,2017-12-26 23:21:23.208812,0,0.0
5217,0.9998,BFX,1,JordanManual,Bitfinex,0.9998,0.9998,0.9998,,1514217600,2017-12-26 23:21:24.889614,0,0.0
5218,0.9998,BFX,1,JordanManual,Bitfinex,0.9998,0.9998,0.9998,,1514221200,2017-12-26 23:21:24.889614,0,0.0
5219,0.9998,BFX,1,JordanManual,CCCAGG,0.9998,0.9998,0.9998,,1514221200,2017-12-26 23:21:23.208812,0,0.0
5220,0.9998,,1,JordanManual,CCCAGG,0.9998,0.9998,0.9998,BFX,1514224800,2017-12-28 01:14:48.478985,0,0.0
5221,0.9998,BFX,1,JordanManual,Bitfinex,0.9998,0.9998,0.9998,,1514224800,2017-12-26 23:21:24.889614,0,0.0
5222,0.9998,BFX,1,JordanManual,CCCAGG,0.9998,0.9998,0.9998,,1514224800,2017-12-26 23:21:23.208812,0,0.0
5223,0.9998,,1,JordanManual,Bitfinex,0.9998,0.9998,0.9998,BFX,1514224800,2017-12-28 01:09:55.862859,0,0.0
5224,0.9998,BFX,1,JordanManual,Bitfinex,0.9998,0.9998,0.9998,,1514228400,2017-12-26 23:21:24.889614,0,0.0
5225,0.9998,BFX,1,JordanManual,CCCAGG,0.9998,0.9998,0.9998,,1514228400,2017-12-26 23:21:23.208812,0,0.0
5226,0.9998,BFX,1,JordanManual,Bitfinex,0.9998,0.9998,0.9998,,1514232000,2017-12-26 23:21:24.889614,0,0.0
5227,0.9998,BFX,1,JordanManual,CCCAGG,0.9998,0.9998,0.9998,,1514232000,2017-12-26 23:21:23.208812,0,0.0
5228,0.9998,,1,JordanManual,CCCAGG,0.9998,0.9998,0.9998,BFX,1514235600,2017-12-28 01:14:48.478985,0,0.0
5229,0.9998,BFX,1,JordanManual,CCCAGG,0.9998,0.9998,0.9998,,1514235600,2017-12-26 23:21:23.208812,0,0.0
5230,0.9998,,1,JordanManual,Bitfinex,0.9998,0.9998,0.9998,BFX,1514235600,2017-12-28 01:09:55.862859,0,0.0
5231,0.9998,BFX,1,JordanManual,Bitfinex,0.9998,0.9998,0.9998,,1514235600,2017-12-26 23:21:24.889614,0,0.0
5232,0.9998,BFX,1,JordanManual,CCCAGG,0.9998,0.9998,0.9998,,1514239200,2017-12-26 23:21:23.208812,0,0.0
5233,0.9998,BFX,1,JordanManual,Bitfinex,0.9998,0.9998,0.9998,,1514239200,2017-12-26 23:21:24.889614,0,0.0
5234,0.9998,BFX,1,JordanManual,Bitfinex,0.9998,0.9998,0.9998,,1514242800,2017-12-26 23:21:24.889614,0,0.0
5235,0.9998,BFX,1,JordanManual,CCCAGG,0.9998,0.9998,0.9998,,1514242800,2017-12-26 23:21:23.208812,0,0.0
5236,0.9998,BFX,1,JordanManual,Bitfinex,0.9998,0.9998,0.9998,,1514246400,2017-12-26 23:21:24.889614,0,0.0
5237,0.9998,BFX,1,JordanManual,CCCAGG,0.9998,0.9998,0.9998,,1514246400,2017-12-26 23:21:23.208812,0,0.0
5238,0.9998,,1,JordanManual,Bitfinex,0.9998,0.9998,0.9998,BFX,1514246400,2017-12-28 01:09:55.862859,0,0.0
5239,0.9998,,1,JordanManual,CCCAGG,0.9998,0.9998,0.9998,BFX,1514246400,2017-12-28 01:14:48.478985,0,0.0
5240,0.9998,BFX,1,JordanManual,CCCAGG,0.9998,0.9998,0.9998,,1514250000,2017-12-26 23:21:23.208812,0,0.0
5241,0.9998,BFX,1,JordanManual,Bitfinex,0.9998,0.9998,0.9998,,1514250000,2017-12-26 23:21:24.889614,0,0.0
5242,0.9998,BFX,1,JordanManual,CCCAGG,0.9998,0.9998,0.9998,,1514253600,2017-12-26 23:21:23.208812,0,0.0
5243,0.9998,BFX,1,JordanManual,Bitfinex,0.9998,0.9998,0.9998,,1514253600,2017-12-26 23:21:24.889614,0,0.0
5244,0.9998,BFX,1,JordanManual,Bitfinex,0.9998,0.9998,0.9998,,1514257200,2017-12-26 23:21:24.889614,0,0.0
5245,0.9998,,1,JordanManual,Bitfinex,0.9998,0.9998,0.9998,BFX,1514257200,2017-12-28 01:09:55.862859,0,0.0
5246,0.9998,,1,JordanManual,CCCAGG,0.9998,0.9998,0.9998,BFX,1514257200,2017-12-28 01:14:48.478985,0,0.0
5247,0.9998,BFX,1,JordanManual,CCCAGG,0.9998,0.9998,0.9998,,1514257200,2017-12-26 23:21:23.208812,0,0.0
5248,0.9998,BFX,1,JordanManual,CCCAGG,0.9998,0.9998,0.9998,,1514260800,2017-12-26 23:21:23.208812,0,0.0
5249,0.9998,BFX,1,JordanManual,Bitfinex,0.9998,0.9998,0.9998,,1514260800,2017-12-26 23:21:24.889614,0,0.0
5250,0.9998,BFX,1,JordanManual,Bitfinex,0.9998,0.9998,0.9998,,1514264400,2017-12-26 23:21:24.889614,0,0.0
5251,0.9998,BFX,1,JordanManual,CCCAGG,0.9998,0.9998,0.9998,,1514264400,2017-12-26 23:21:23.208812,0,0.0
5252,0.9998,BFX,1,JordanManual,CCCAGG,0.9998,0.9998,0.9998,,1514268000,2017-12-26 23:21:23.208812,0,0.0
5253,0.9998,BFX,1,JordanManual,Bitfinex,0.9998,0.9998,0.9998,,1514268000,2017-12-26 23:21:24.889614,0,0.0
5254,0.9998,,1,JordanManual,Bitfinex,0.9998,0.9998,0.9998,BFX,1514268000,2017-12-28 01:09:55.862859,0,0.0
5255,0.9998,,1,JordanManual,CCCAGG,0.9998,0.9998,0.9998,BFX,1514268000,2017-12-28 01:14:48.478985,0,0.0
5256,0.9998,BFX,1,JordanManual,Bitfinex,0.9998,0.9998,0.9998,,1514271600,2017-12-26 23:21:24.889614,0,0.0
5257,0.9998,BFX,1,JordanManual,CCCAGG,0.9998,0.9998,0.9998,,1514271600,2017-12-26 23:21:23.208812,0,0.0
5258,0.9998,BFX,1,JordanManual,Bitfinex,0.9998,0.9998,0.9998,,1514275200,2017-12-26 23:21:24.889614,0,0.0
5259,0.9998,BFX,1,JordanManual,CCCAGG,0.9998,0.9998,0.9998,,1514275200,2017-12-26 23:21:23.208812,0,0.0
5260,0.9998,,1,JordanManual,CCCAGG,0.9998,0.9998,0.9998,BFX,1514278800,2017-12-28 01:14:48.478985,0,0.0
5261,0.9998,BFX,1,JordanManual,Bitfinex,0.9998,0.9998,0.9998,,1514278800,2017-12-26 23:21:24.889614,0,0.0
5262,0.9998,,1,JordanManual,Bitfinex,0.9998,0.9998,0.9998,BFX,1514278800,2017-12-28 01:09:55.862859,0,0.0
5263,0.9998,BFX,1,JordanManual,CCCAGG,0.9998,0.9998,0.9998,,1514278800,2017-12-26 23:21:23.208812,0,0.0
5264,0.9998,BFX,1,JordanManual,CCCAGG,0.9998,0.9998,0.9998,,1514282400,2017-12-26 23:21:23.208812,0,0.0
5265,0.9998,BFX,1,JordanManual,Bitfinex,0.9998,0.9998,0.9998,,1514282400,2017-12-26 23:21:24.889614,0,0.0
5266,0.9998,BFX,1,JordanManual,Bitfinex,0.9998,0.9998,0.9998,,1514286000,2017-12-26 23:21:24.889614,0,0.0
5267,0.9998,BFX,1,JordanManual,CCCAGG,0.9998,0.9998,0.9998,,1514286000,2017-12-26 23:21:23.208812,0,0.0
5268,0.9998,,1,JordanManual,Bitfinex,0.9998,0.9998,0.9998,BFX,1514289600,2017-12-28 01:09:55.862859,0,0.0
5269,0.9998,BFX,1,JordanManual,CCCAGG,0.9998,0.9998,0.9998,,1514289600,2017-12-26 23:21:23.208812,0,0.0
5270,0.9998,BFX,1,JordanManual,Bitfinex,0.9998,0.9998,0.9998,,1514289600,2017-12-26 23:21:24.889614,0,0.0
5271,0.9998,,1,JordanManual,CCCAGG,0.9998,0.9998,0.9998,BFX,1514289600,2017-12-28 01:14:48.478985,0,0.0
5272,0.9998,BFX,1,JordanManual,CCCAGG,0.9998,0.9998,0.9998,,1514293200,2017-12-26 23:21:23.208812,0,0.0
5273,0.9998,BFX,1,JordanManual,Bitfinex,0.9998,0.9998,0.9998,,1514293200,2017-12-26 23:21:24.889614,0,0.0
5274,0.9998,BFX,1,JordanManual,CCCAGG,0.9998,0.9998,0.9998,,1514296800,2017-12-26 23:21:23.208812,0,0.0
5275,0.9998,BFX,1,JordanManual,Bitfinex,0.9998,0.9998,0.9998,,1514296800,2017-12-26 23:21:24.889614,0,0.0
5276,0.9998,,1,JordanManual,Bitfinex,0.9998,0.9998,0.9998,BFX,1514300400,2017-12-28 01:09:55.862859,0,0.0
5277,0.9998,,1,JordanManual,CCCAGG,0.9998,0.9998,0.9998,BFX,1514300400,2017-12-28 01:14:48.478985,0,0.0
5278,0.9998,BFX,1,JordanManual,Bitfinex,0.9998,0.9998,0.9998,,1514300400,2017-12-26 23:21:24.889614,0,0.0
5279,0.9998,BFX,1,JordanManual,CCCAGG,0.9998,0.9998,0.9998,,1514300400,2017-12-26 23:21:23.208812,0,0.0
5280,0.9998,BFX,1,JordanManual,CCCAGG,0.9998,0.9998,0.9998,,1514304000,2017-12-26 23:21:23.208812,0,0.0
5281,0.9998,BFX,1,JordanManual,Bitfinex,0.9998,0.9998,0.9998,,1514304000,2017-12-26 23:21:24.889614,0,0.0
5282,0.9998,BFX,1,JordanManual,Bitfinex,0.9998,0.9998,0.9998,,1514307600,2017-12-26 23:21:24.889614,0,0.0
5283,0.9998,BFX,1,JordanManual,CCCAGG,0.9998,0.9998,0.9998,,1514307600,2017-12-26 23:21:23.208812,0,0.0
5284,0.9998,,1,JordanManual,CCCAGG,0.9998,0.9998,0.9998,BFX,1514311200,2017-12-28 01:14:48.478985,0,0.0
5285,0.9998,,1,JordanManual,Bitfinex,0.9998,0.9998,0.9998,BFX,1514311200,2017-12-28 01:09:55.862859,0,0.0
5286,0.9998,BFX,1,JordanManual,Bitfinex,0.9998,0.9998,0.9998,,1514311200,2017-12-26 23:21:24.889614,0,0.0
5287,0.9998,BFX,1,JordanManual,CCCAGG,0.9998,0.9998,0.9998,,1514311200,2017-12-26 23:21:23.208812,0,0.0
5288,0.9998,BFX,1,JordanManual,Bitfinex,0.9998,0.9998,0.9998,,1514314800,2017-12-26 23:21:24.889614,0,0.0
5289,0.9998,BFX,1,JordanManual,CCCAGG,0.9998,0.9998,0.9998,,1514314800,2017-12-26 23:21:23.208812,0,0.0
5290,0.9998,BFX,1,JordanManual,Bitfinex,0.9998,0.9998,0.9998,,1514318400,2017-12-26 23:21:24.889614,0,0.0
5291,0.9998,BFX,1,JordanManual,CCCAGG,0.9998,0.9998,0.9998,,1514318400,2017-12-26 23:21:23.208812,0,0.0
5292,0.9998,BFX,1,JordanManual,Bitfinex,0.9998,0.9998,0.9998,,1514322000,2017-12-26 23:21:24.889614,0,0.0
5293,0.9998,,1,JordanManual,CCCAGG,0.9998,0.9998,0.9998,BFX,1514322000,2017-12-28 01:14:48.478985,0,0.0
5294,0.9998,BFX,1,JordanManual,CCCAGG,0.9998,0.9998,0.9998,,1514322000,2017-12-26 23:21:23.208812,0,0.0
5295,0.9998,,1,JordanManual,Bitfinex,0.9998,0.9998,0.9998,BFX,1514322000,2017-12-28 01:09:55.862859,0,0.0
5296,0.9998,BFX,1,JordanManual,Bitfinex,0.9998,0.9998,0.9998,,1514325600,2017-12-26 23:21:24.889614,0,0.0
5297,0.9998,BFX,1,JordanManual,CCCAGG,0.9998,0.9998,0.9998,,1514325600,2017-12-26 23:21:23.208812,0,0.0
5298,0.9998,BFX,1,JordanManual,Bitfinex,0.9998,0.9998,0.9998,,1514329200,2017-12-26 23:21:24.889614,0,0.0
5299,0.9998,BFX,1,JordanManual,CCCAGG,0.9998,0.9998,0.9998,,1514329200,2017-12-26 23:21:23.208812,0,0.0
5300,0.9998,,1,JordanManual,CCCAGG,0.9998,0.9998,0.9998,BFX,1514332800,2017-12-28 01:14:48.478985,0,0.0
5301,0.9998,,1,JordanManual,Bitfinex,0.9998,0.9998,0.9998,BFX,1514332800,2017-12-28 01:09:55.862859,0,0.0
5302,0.9998,BFX,1,JordanManual,CCCAGG,0.9998,0.9998,0.9998,,1514332800,2017-12-26 23:21:23.208812,0,0.0
5303,0.9998,BFX,1,JordanManual,Bitfinex,0.9998,0.9998,0.9998,,1514332800,2017-12-26 23:21:24.889614,0,0.0
5304,0.9998,BFX,1,JordanManual,CCCAGG,0.9998,0.9998,0.9998,,1514336400,2017-12-26 23:21:23.208812,0,0.0
5305,0.9998,BFX,1,JordanManual,Bitfinex,0.9998,0.9998,0.9998,,1514336400,2017-12-26 23:21:24.889614,0,0.0
5306,0.9998,BFX,1,JordanManual,CCCAGG,0.9998,0.9998,0.9998,,1514340000,2017-12-26 23:21:23.208812,0,0.0
5307,0.9998,BFX,1,JordanManual,Bitfinex,0.9998,0.9998,0.9998,,1514340000,2017-12-26 23:21:24.889614,0,0.0
5308,0.9998,,1,JordanManual,Bitfinex,0.9998,0.9998,0.9998,BFX,1514343600,2017-12-28 01:09:55.862859,0,0.0
5309,0.9998,BFX,1,JordanManual,CCCAGG,0.9998,0.9998,0.9998,,1514343600,2017-12-26 23:21:23.208812,0,0.0
5310,0.9998,BFX,1,JordanManual,Bitfinex,0.9998,0.9998,0.9998,,1514343600,2017-12-26 23:21:24.889614,0,0.0
5311,0.9998,,1,JordanManual,CCCAGG,0.9998,0.9998,0.9998,BFX,1514343600,2017-12-28 01:14:48.478985,0,0.0
5312,0.9998,BFX,1,JordanManual,CCCAGG,0.9998,0.9998,0.9998,,1514347200,2017-12-26 23:21:23.208812,0,0.0
5313,0.9998,BFX,1,JordanManual,Bitfinex,0.9998,0.9998,0.9998,,1514347200,2017-12-26 23:21:24.889614,0,0.0
5314,0.9998,BFX,1,JordanManual,CCCAGG,0.9998,0.9998,0.9998,,1514350800,2017-12-26 23:21:23.208812,0,0.0
5315,0.9998,BFX,1,JordanManual,Bitfinex,0.9998,0.9998,0.9998,,1514350800,2017-12-26 23:21:24.889614,0,0.0
5316,0.9998,BFX,1,JordanManual,CCCAGG,0.9998,0.9998,0.9998,,1514354400,2017-12-26 23:21:23.208812,0,0.0
5317,0.9998,,1,JordanManual,Bitfinex,0.9998,0.9998,0.9998,BFX,1514354400,2017-12-28 01:09:55.862859,0,0.0
5318,0.9998,BFX,1,JordanManual,Bitfinex,0.9998,0.9998,0.9998,,1514354400,2017-12-26 23:21:24.889614,0,0.0
5319,0.9998,,1,JordanManual,CCCAGG,0.9998,0.9998,0.9998,BFX,1514354400,2017-12-28 01:14:48.478985,0,0.0
5320,0.9998,,1,JordanManual,CCCAGG,0.9998,0.9998,0.9998,BFX,1514365200,2017-12-28 01:14:48.478985,0,0.0
5321,0.9998,,1,JordanManual,Bitfinex,0.9998,0.9998,0.9998,BFX,1514365200,2017-12-28 01:09:55.862859,0,0.0
5322,0.9998,,1,JordanManual,Bitfinex,0.9998,0.9998,0.9998,BFX,1514376000,2017-12-28 01:09:55.862859,0,0.0
5323,0.9998,,1,JordanManual,CCCAGG,0.9998,0.9998,0.9998,BFX,1514376000,2017-12-28 01:14:48.478985,0,0.0
5324,0.9998,,1,JordanManual,Bitfinex,0.9998,0.9998,0.9998,BFX,1514386800,2017-12-28 01:09:55.862859,0,0.0
5325,0.9998,,1,JordanManual,CCCAGG,0.9998,0.9998,0.9998,BFX,1514386800,2017-12-28 01:14:48.478985,0,0.0
5326,0.9998,,1,JordanManual,CCCAGG,0.9998,0.9998,0.9998,BFX,1514397600,2017-12-28 01:14:48.478985,0,0.0
5327,0.9998,,1,JordanManual,Bitfinex,0.9998,0.9998,0.9998,BFX,1514397600,2017-12-28 01:09:55.862859,0,0.0
5328,0.9998,,1,JordanManual,CCCAGG,0.9998,0.9998,0.9998,BFX,1514408400,2017-12-28 01:14:48.478985,0,0.0
5329,0.9998,,1,JordanManual,Bitfinex,0.9998,0.9998,0.9998,BFX,1514408400,2017-12-28 01:09:55.862859,0,0.0
5330,0.9998,,1,JordanManual,CCCAGG,0.9998,0.9998,0.9998,BFX,1514419200,2017-12-28 01:14:48.478985,0,0.0
5331,0.9998,,1,JordanManual,Bitfinex,0.9998,0.9998,0.9998,BFX,1514419200,2017-12-28 01:09:55.862859,0,0.0
5332,0.9998,,1,JordanManual,Bitfinex,0.9998,0.9998,0.9998,BFX,1514430000,2017-12-28 01:09:55.862859,0,0.0
5333,0.9998,,1,JordanManual,CCCAGG,0.9998,0.9998,0.9998,BFX,1514430000,2017-12-28 01:14:48.478985,0,0.0
5334,0.9998,,1,JordanManual,Bitfinex,0.9998,0.9998,0.9998,BFX,1514440800,2017-12-28 01:09:55.862859,0,0.0
5335,0.9998,,1,JordanManual,CCCAGG,0.9998,0.9998,0.9998,BFX,1514440800,2017-12-28 01:14:48.478985,0,0.0
5336,0.9998,,1,JordanManual,Bitfinex,0.9998,0.9998,0.9998,BFX,1514451600,2017-12-28 08:18:53.285292,0,0.0
5337,0.9998,,1,JordanManual,CCCAGG,0.9998,0.9998,0.9998,BFX,1514451600,2017-12-28 08:19:06.819717,0,0.0
5338,0.9998,,1,JordanManual,CCCAGG,0.9998,0.9998,0.9998,BFX,1514462400,2017-12-28 08:19:06.819717,0,0.0
5339,0.9998,,1,JordanManual,Bitfinex,0.9998,0.9998,0.9998,BFX,1514462400,2017-12-28 08:18:53.285292,0,0.0
5340,0.9998,,1,JordanManual,CCCAGG,0.9998,0.9998,0.9998,BFX,1514473200,2017-12-28 08:19:06.819717,0,0.0
5341,0.9998,,1,JordanManual,Bitfinex,0.9998,0.9998,0.9998,BFX,1514473200,2017-12-28 08:18:53.285292,0,0.0
