Id,close,coin,coin_units,computer_name,exchange,high,low,open,symbol,time,timestamp_api_call,volumefrom,volumeto
0,0.0,CLINT,1,JordanManual,CCCAGG,0.0,0.0,0.0,,1507154400,2017-12-26 23:28:30.889609,0.0,0.0
1,0.0,CLINT,1,JordanManual,CCCAGG,0.0,0.0,0.0,,1507158000,2017-12-26 23:28:30.889609,0.0,0.0
2,0.0,CLINT,1,JordanManual,CCCAGG,0.0,0.0,0.0,,1507161600,2017-12-26 23:28:30.889609,0.0,0.0
3,0.0,CLINT,1,JordanManual,CCCAGG,0.0,0.0,0.0,,1507165200,2017-12-26 23:28:30.889609,0.0,0.0
4,0.0,CLINT,1,JordanManual,CCCAGG,0.0,0.0,0.0,,1507168800,2017-12-26 23:28:30.889609,0.0,0.0
5,0.0,CLINT,1,JordanManual,CCCAGG,0.0,0.0,0.0,,1507172400,2017-12-26 23:28:30.889609,0.0,0.0
6,0.0,CLINT,1,JordanManual,CCCAGG,0.0,0.0,0.0,,1507176000,2017-12-26 23:28:30.889609,0.0,0.0
7,0.0,CLINT,1,JordanManual,CCCAGG,0.0,0.0,0.0,,1507179600,2017-12-26 23:28:30.889609,0.0,0.0
8,0.0,CLINT,1,JordanManual,CCCAGG,0.0,0.0,0.0,,1507183200,2017-12-26 23:28:30.889609,0.0,0.0
9,0.0,CLINT,1,JordanManual,CCCAGG,0.0,0.0,0.0,,1507186800,2017-12-26 23:28:30.889609,0.0,0.0
10,0.0,CLINT,1,JordanManual,CCCAGG,0.0,0.0,0.0,,1507190400,2017-12-26 23:28:30.889609,0.0,0.0
11,0.0,CLINT,1,JordanManual,CCCAGG,0.0,0.0,0.0,,1507194000,2017-12-26 23:28:30.889609,0.0,0.0
12,0.0,CLINT,1,JordanManual,CCCAGG,0.0,0.0,0.0,,1507197600,2017-12-26 23:28:30.889609,0.0,0.0
13,0.0,CLINT,1,JordanManual,CCCAGG,0.0,0.0,0.0,,1507201200,2017-12-26 23:28:30.889609,0.0,0.0
14,0.0,CLINT,1,JordanManual,CCCAGG,0.0,0.0,0.0,,1507204800,2017-12-26 23:28:30.889609,0.0,0.0
15,0.0,CLINT,1,JordanManual,CCCAGG,0.0,0.0,0.0,,1507208400,2017-12-26 23:28:30.889609,0.0,0.0
16,0.0,CLINT,1,JordanManual,CCCAGG,0.0,0.0,0.0,,1507212000,2017-12-26 23:28:30.889609,0.0,0.0
17,0.0,CLINT,1,JordanManual,CCCAGG,0.0,0.0,0.0,,1507215600,2017-12-26 23:28:30.889609,0.0,0.0
18,0.0,CLINT,1,JordanManual,CCCAGG,0.0,0.0,0.0,,1507219200,2017-12-26 23:28:30.889609,0.0,0.0
19,0.0,CLINT,1,JordanManual,CCCAGG,0.0,0.0,0.0,,1507222800,2017-12-26 23:28:30.889609,0.0,0.0
20,0.0,CLINT,1,JordanManual,CCCAGG,0.0,0.0,0.0,,1507226400,2017-12-26 23:28:30.889609,0.0,0.0
21,0.0,CLINT,1,JordanManual,CCCAGG,0.0,0.0,0.0,,1507230000,2017-12-26 23:28:30.889609,0.0,0.0
22,0.0,CLINT,1,JordanManual,CCCAGG,0.0,0.0,0.0,,1507233600,2017-12-26 23:28:30.889609,0.0,0.0
23,0.0,CLINT,1,JordanManual,CCCAGG,0.0,0.0,0.0,,1507237200,2017-12-26 23:28:30.889609,0.0,0.0
24,0.0,CLINT,1,JordanManual,CCCAGG,0.0,0.0,0.0,,1507240800,2017-12-26 23:28:30.889609,0.0,0.0
25,0.0,CLINT,1,JordanManual,CCCAGG,0.0,0.0,0.0,,1507244400,2017-12-26 23:28:30.889609,0.0,0.0
26,0.0,CLINT,1,JordanManual,CCCAGG,0.0,0.0,0.0,,1507248000,2017-12-26 23:28:30.889609,0.0,0.0
27,0.0,CLINT,1,JordanManual,CCCAGG,0.0,0.0,0.0,,1507251600,2017-12-26 23:28:30.889609,0.0,0.0
28,0.0,CLINT,1,JordanManual,CCCAGG,0.0,0.0,0.0,,1507255200,2017-12-26 23:28:30.889609,0.0,0.0
29,0.0,CLINT,1,JordanManual,CCCAGG,0.0,0.0,0.0,,1507258800,2017-12-26 23:28:30.889609,0.0,0.0
30,0.0,CLINT,1,JordanManual,CCCAGG,0.0,0.0,0.0,,1507262400,2017-12-26 23:28:30.889609,0.0,0.0
31,0.0,CLINT,1,JordanManual,CCCAGG,0.0,0.0,0.0,,1507266000,2017-12-26 23:28:30.889609,0.0,0.0
32,0.0,CLINT,1,JordanManual,CCCAGG,0.0,0.0,0.0,,1507269600,2017-12-26 23:28:30.889609,0.0,0.0
33,0.0,CLINT,1,JordanManual,CCCAGG,0.0,0.0,0.0,,1507273200,2017-12-26 23:28:30.889609,0.0,0.0
34,0.0,CLINT,1,JordanManual,CCCAGG,0.0,0.0,0.0,,1507276800,2017-12-26 23:28:30.889609,0.0,0.0
35,0.006336,,1,JordanManual,CCCAGG,0.006354,0.006266,0.006266,CLINT,1507280400,2017-12-28 08:19:08.878898,209.0,1.33
36,0.0,CLINT,1,JordanManual,CCCAGG,0.0,0.0,0.0,,1507280400,2017-12-26 23:28:30.889609,0.0,0.0
37,0.0,CLINT,1,JordanManual,CCCAGG,0.0,0.0,0.0,,1507284000,2017-12-26 23:28:30.889609,0.0,0.0
38,0.0,CLINT,1,JordanManual,CCCAGG,0.0,0.0,0.0,,1507287600,2017-12-26 23:28:30.889609,0.0,0.0
39,0.0,CLINT,1,JordanManual,CCCAGG,0.0,0.0,0.0,,1507291200,2017-12-26 23:28:30.889609,0.0,0.0
40,0.006456,,1,JordanManual,CCCAGG,0.006456,0.006277,0.006326,CLINT,1507291200,2017-12-28 08:19:08.878898,100.0,0.6456
41,0.0,CLINT,1,JordanManual,CCCAGG,0.0,0.0,0.0,,1507294800,2017-12-26 23:28:30.889609,0.0,0.0
42,0.0,CLINT,1,JordanManual,CCCAGG,0.0,0.0,0.0,,1507298400,2017-12-26 23:28:30.889609,0.0,0.0
43,0.0,CLINT,1,JordanManual,CCCAGG,0.0,0.0,0.0,,1507302000,2017-12-26 23:28:30.889609,0.0,0.0
44,0.006391,,1,JordanManual,CCCAGG,0.00645,0.006391,0.00645,CLINT,1507302000,2017-12-28 08:19:08.878898,0.0,0.0
45,0.0,CLINT,1,JordanManual,CCCAGG,0.0,0.0,0.0,,1507305600,2017-12-26 23:28:30.889609,0.0,0.0
46,0.0,CLINT,1,JordanManual,CCCAGG,0.0,0.0,0.0,,1507309200,2017-12-26 23:28:30.889609,0.0,0.0
47,0.006382,,1,JordanManual,CCCAGG,0.006388,0.006382,0.006388,CLINT,1507312800,2017-12-28 08:19:08.878898,0.0,0.0
48,0.0,CLINT,1,JordanManual,CCCAGG,0.0,0.0,0.0,,1507312800,2017-12-26 23:28:30.889609,0.0,0.0
49,0.0,CLINT,1,JordanManual,CCCAGG,0.0,0.0,0.0,,1507316400,2017-12-26 23:28:30.889609,0.0,0.0
50,0.0,CLINT,1,JordanManual,CCCAGG,0.0,0.0,0.0,,1507320000,2017-12-26 23:28:30.889609,0.0,0.0
51,0.0,CLINT,1,JordanManual,CCCAGG,0.0,0.0,0.0,,1507323600,2017-12-26 23:28:30.889609,0.0,0.0
52,0.006427,,1,JordanManual,CCCAGG,0.006427,0.006388,0.006388,CLINT,1507323600,2017-12-28 08:19:08.878898,0.0,0.0
53,0.0,CLINT,1,JordanManual,CCCAGG,0.0,0.0,0.0,,1507327200,2017-12-26 23:28:30.889609,0.0,0.0
54,0.0,CLINT,1,JordanManual,CCCAGG,0.0,0.0,0.0,,1507330800,2017-12-26 23:28:30.889609,0.0,0.0
55,0.0,CLINT,1,JordanManual,CCCAGG,0.0,0.0,0.0,,1507334400,2017-12-26 23:28:30.889609,0.0,0.0
56,0.00642,,1,JordanManual,CCCAGG,0.006444,0.00642,0.006444,CLINT,1507334400,2017-12-28 08:19:08.878898,0.0,0.0
57,0.0,CLINT,1,JordanManual,CCCAGG,0.0,0.0,0.0,,1507338000,2017-12-26 23:28:30.889609,0.0,0.0
58,0.0,CLINT,1,JordanManual,CCCAGG,0.0,0.0,0.0,,1507341600,2017-12-26 23:28:30.889609,0.0,0.0
59,0.0,CLINT,1,JordanManual,CCCAGG,0.0,0.0,0.0,,1507345200,2017-12-26 23:28:30.889609,0.0,0.0
60,0.00626,,1,JordanManual,CCCAGG,0.006435,0.00626,0.006425,CLINT,1507345200,2017-12-28 08:19:08.878898,400.0,2.5
61,0.0,CLINT,1,JordanManual,CCCAGG,0.0,0.0,0.0,,1507348800,2017-12-26 23:28:30.889609,0.0,0.0
62,0.0,CLINT,1,JordanManual,CCCAGG,0.0,0.0,0.0,,1507352400,2017-12-26 23:28:30.889609,0.0,0.0
63,0.0,CLINT,1,JordanManual,CCCAGG,0.0,0.0,0.0,,1507356000,2017-12-26 23:28:30.889609,0.0,0.0
64,0.006395,,1,JordanManual,CCCAGG,0.006395,0.006216,0.006216,CLINT,1507356000,2017-12-28 08:19:08.878898,199.03,1.2721
65,0.0,CLINT,1,JordanManual,CCCAGG,0.0,0.0,0.0,,1507359600,2017-12-26 23:28:30.889609,0.0,0.0
66,0.0,CLINT,1,JordanManual,CCCAGG,0.0,0.0,0.0,,1507363200,2017-12-26 23:28:30.889609,0.0,0.0
67,0.006363,,1,JordanManual,CCCAGG,0.006394,0.006363,0.006394,CLINT,1507366800,2017-12-28 08:19:08.878898,0.0,0.0
68,0.0,CLINT,1,JordanManual,CCCAGG,0.0,0.0,0.0,,1507366800,2017-12-26 23:28:30.889609,0.0,0.0
69,0.0,CLINT,1,JordanManual,CCCAGG,0.0,0.0,0.0,,1507370400,2017-12-26 23:28:30.889609,0.0,0.0
70,0.0,CLINT,1,JordanManual,CCCAGG,0.0,0.0,0.0,,1507374000,2017-12-26 23:28:30.889609,0.0,0.0
71,0.0,CLINT,1,JordanManual,CCCAGG,0.0,0.0,0.0,,1507377600,2017-12-26 23:28:30.889609,0.0,0.0
72,0.006216,,1,JordanManual,CCCAGG,0.006382,0.006208,0.006382,CLINT,1507377600,2017-12-28 08:19:08.878898,165.46,1.03
73,0.0,CLINT,1,JordanManual,CCCAGG,0.0,0.0,0.0,,1507381200,2017-12-26 23:28:30.889609,0.0,0.0
74,0.0,CLINT,1,JordanManual,CCCAGG,0.0,0.0,0.0,,1507384800,2017-12-26 23:28:30.889609,0.0,0.0
75,0.0,CLINT,1,JordanManual,CCCAGG,0.0,0.0,0.0,,1507388400,2017-12-26 23:28:30.889609,0.0,0.0
76,0.006237,,1,JordanManual,CCCAGG,0.006237,0.00621,0.00622,CLINT,1507388400,2017-12-28 08:19:08.878898,0.0,0.0
77,0.0,CLINT,1,JordanManual,CCCAGG,0.0,0.0,0.0,,1507392000,2017-12-26 23:28:30.889609,0.0,0.0
78,0.0,CLINT,1,JordanManual,CCCAGG,0.0,0.0,0.0,,1507395600,2017-12-26 23:28:30.889609,0.0,0.0
79,0.006212,,1,JordanManual,CCCAGG,0.006226,0.006211,0.006226,CLINT,1507399200,2017-12-28 08:19:08.878898,0.0,0.0
80,0.0,CLINT,1,JordanManual,CCCAGG,0.0,0.0,0.0,,1507399200,2017-12-26 23:28:30.889609,0.0,0.0
81,0.0,CLINT,1,JordanManual,CCCAGG,0.0,0.0,0.0,,1507402800,2017-12-26 23:28:30.889609,0.0,0.0
82,0.0,CLINT,1,JordanManual,CCCAGG,0.0,0.0,0.0,,1507406400,2017-12-26 23:28:30.889609,0.0,0.0
83,0.0,CLINT,1,JordanManual,CCCAGG,0.0,0.0,0.0,,1507410000,2017-12-26 23:28:30.889609,0.0,0.0
84,0.006343,,1,JordanManual,CCCAGG,0.006369,0.006223,0.006223,CLINT,1507410000,2017-12-28 08:19:08.878898,0.0,0.0
85,0.0,CLINT,1,JordanManual,CCCAGG,0.0,0.0,0.0,,1507413600,2017-12-26 23:28:30.889609,0.0,0.0
86,0.0,CLINT,1,JordanManual,CCCAGG,0.0,0.0,0.0,,1507417200,2017-12-26 23:28:30.889609,0.0,0.0
87,0.0,CLINT,1,JordanManual,CCCAGG,0.0,0.0,0.0,,1507420800,2017-12-26 23:28:30.889609,0.0,0.0
88,0.006343,,1,JordanManual,CCCAGG,0.006366,0.006343,0.006364,CLINT,1507420800,2017-12-28 08:19:08.878898,0.0,0.0
89,0.0,CLINT,1,JordanManual,CCCAGG,0.0,0.0,0.0,,1507424400,2017-12-26 23:28:30.889609,0.0,0.0
90,0.0,CLINT,1,JordanManual,CCCAGG,0.0,0.0,0.0,,1507428000,2017-12-26 23:28:30.889609,0.0,0.0
91,0.006348,,1,JordanManual,CCCAGG,0.006355,0.006336,0.006355,CLINT,1507431600,2017-12-28 08:19:08.878898,0.0,0.0
92,0.0,CLINT,1,JordanManual,CCCAGG,0.0,0.0,0.0,,1507431600,2017-12-26 23:28:30.889609,0.0,0.0
93,0.0,CLINT,1,JordanManual,CCCAGG,0.0,0.0,0.0,,1507435200,2017-12-26 23:28:30.889609,0.0,0.0
94,0.0,CLINT,1,JordanManual,CCCAGG,0.0,0.0,0.0,,1507438800,2017-12-26 23:28:30.889609,0.0,0.0
95,0.006377,,1,JordanManual,CCCAGG,0.006377,0.006365,0.006375,CLINT,1507442400,2017-12-28 08:19:08.878898,0.0,0.0
96,0.0,CLINT,1,JordanManual,CCCAGG,0.0,0.0,0.0,,1507442400,2017-12-26 23:28:30.889609,0.0,0.0
97,0.0,CLINT,1,JordanManual,CCCAGG,0.0,0.0,0.0,,1507446000,2017-12-26 23:28:30.889609,0.0,0.0
98,0.0,CLINT,1,JordanManual,CCCAGG,0.0,0.0,0.0,,1507449600,2017-12-26 23:28:30.889609,0.0,0.0
99,0.006389,,1,JordanManual,CCCAGG,0.006399,0.006376,0.006376,CLINT,1507453200,2017-12-28 08:19:08.878898,0.0,0.0
100,0.0,CLINT,1,JordanManual,CCCAGG,0.0,0.0,0.0,,1507453200,2017-12-26 23:28:30.889609,0.0,0.0
101,0.0,CLINT,1,JordanManual,CCCAGG,0.0,0.0,0.0,,1507456800,2017-12-26 23:28:30.889609,0.0,0.0
102,0.0,CLINT,1,JordanManual,CCCAGG,0.0,0.0,0.0,,1507460400,2017-12-26 23:28:30.889609,0.0,0.0
103,0.006483,,1,JordanManual,CCCAGG,0.006483,0.006395,0.006395,CLINT,1507464000,2017-12-28 08:19:08.878898,0.0,0.0
104,0.0,CLINT,1,JordanManual,CCCAGG,0.0,0.0,0.0,,1507464000,2017-12-26 23:28:30.889609,0.0,0.0
105,0.0,CLINT,1,JordanManual,CCCAGG,0.0,0.0,0.0,,1507467600,2017-12-26 23:28:30.889609,0.0,0.0
106,0.0,CLINT,1,JordanManual,CCCAGG,0.0,0.0,0.0,,1507471200,2017-12-26 23:28:30.889609,0.0,0.0
107,0.006264,,1,JordanManual,CCCAGG,0.006502,0.006259,0.006502,CLINT,1507474800,2017-12-28 08:19:08.878898,152.85,0.9588
108,0.0,CLINT,1,JordanManual,CCCAGG,0.0,0.0,0.0,,1507474800,2017-12-26 23:28:30.889609,0.0,0.0
109,0.0,CLINT,1,JordanManual,CCCAGG,0.0,0.0,0.0,,1507478400,2017-12-26 23:28:30.889609,0.0,0.0
110,0.0,CLINT,1,JordanManual,CCCAGG,0.0,0.0,0.0,,1507482000,2017-12-26 23:28:30.889609,0.0,0.0
111,0.0,CLINT,1,JordanManual,CCCAGG,0.0,0.0,0.0,,1507485600,2017-12-26 23:28:30.889609,0.0,0.0
112,0.006285,,1,JordanManual,CCCAGG,0.0063,0.006235,0.006235,CLINT,1507485600,2017-12-28 08:19:08.878898,0.0,0.0
113,0.0,CLINT,1,JordanManual,CCCAGG,0.0,0.0,0.0,,1507489200,2017-12-26 23:28:30.889609,0.0,0.0
114,0.0,CLINT,1,JordanManual,CCCAGG,0.0,0.0,0.0,,1507492800,2017-12-26 23:28:30.889609,0.0,0.0
115,0.0,CLINT,1,JordanManual,CCCAGG,0.0,0.0,0.0,,1507496400,2017-12-26 23:28:30.889609,0.0,0.0
116,0.006318,,1,JordanManual,CCCAGG,0.006329,0.006289,0.006289,CLINT,1507496400,2017-12-28 08:19:08.878898,0.0,0.0
117,0.0,CLINT,1,JordanManual,CCCAGG,0.0,0.0,0.0,,1507500000,2017-12-26 23:28:30.889609,0.0,0.0
118,0.0,CLINT,1,JordanManual,CCCAGG,0.0,0.0,0.0,,1507503600,2017-12-26 23:28:30.889609,0.0,0.0
119,0.0,CLINT,1,JordanManual,CCCAGG,0.0,0.0,0.0,,1507507200,2017-12-26 23:28:30.889609,0.0,0.0
120,0.006328,,1,JordanManual,CCCAGG,0.006328,0.006288,0.006288,CLINT,1507507200,2017-12-28 08:19:08.878898,0.0,0.0
121,0.0,CLINT,1,JordanManual,CCCAGG,0.0,0.0,0.0,,1507510800,2017-12-26 23:28:30.889609,0.0,0.0
122,0.0,CLINT,1,JordanManual,CCCAGG,0.0,0.0,0.0,,1507514400,2017-12-26 23:28:30.889609,0.0,0.0
123,0.0,CLINT,1,JordanManual,CCCAGG,0.0,0.0,0.0,,1507518000,2017-12-26 23:28:30.889609,0.0,0.0
124,0.006305,,1,JordanManual,CCCAGG,0.006348,0.006287,0.006348,CLINT,1507518000,2017-12-28 08:19:08.878898,0.0,0.0
125,0.0,CLINT,1,JordanManual,CCCAGG,0.0,0.0,0.0,,1507521600,2017-12-26 23:28:30.889609,0.0,0.0
126,0.0,CLINT,1,JordanManual,CCCAGG,0.0,0.0,0.0,,1507525200,2017-12-26 23:28:30.889609,0.0,0.0
127,0.006266,,1,JordanManual,CCCAGG,0.006281,0.006244,0.006244,CLINT,1507528800,2017-12-28 08:19:08.878898,0.0,0.0
128,0.0,CLINT,1,JordanManual,CCCAGG,0.0,0.0,0.0,,1507528800,2017-12-26 23:28:30.889609,0.0,0.0
129,0.0,CLINT,1,JordanManual,CCCAGG,0.0,0.0,0.0,,1507532400,2017-12-26 23:28:30.889609,0.0,0.0
130,0.0,CLINT,1,JordanManual,CCCAGG,0.0,0.0,0.0,,1507536000,2017-12-26 23:28:30.889609,0.0,0.0
131,0.0,CLINT,1,JordanManual,CCCAGG,0.0,0.0,0.0,,1507539600,2017-12-26 23:28:30.889609,0.0,0.0
132,0.006298,,1,JordanManual,CCCAGG,0.006299,0.006284,0.006284,CLINT,1507539600,2017-12-28 08:19:08.878898,0.0,0.0
133,0.0,CLINT,1,JordanManual,CCCAGG,0.0,0.0,0.0,,1507543200,2017-12-26 23:28:30.889609,0.0,0.0
134,0.0,CLINT,1,JordanManual,CCCAGG,0.0,0.0,0.0,,1507546800,2017-12-26 23:28:30.889609,0.0,0.0
135,0.00639,,1,JordanManual,CCCAGG,0.00639,0.006296,0.006296,CLINT,1507550400,2017-12-28 08:19:08.878898,0.0,0.0
136,0.0,CLINT,1,JordanManual,CCCAGG,0.0,0.0,0.0,,1507550400,2017-12-26 23:28:30.889609,0.0,0.0
137,0.0,CLINT,1,JordanManual,CCCAGG,0.0,0.0,0.0,,1507554000,2017-12-26 23:28:30.889609,0.0,0.0
138,0.0,CLINT,1,JordanManual,CCCAGG,0.0,0.0,0.0,,1507557600,2017-12-26 23:28:30.889609,0.0,0.0
139,0.006455,,1,JordanManual,CCCAGG,0.006455,0.00637,0.00637,CLINT,1507561200,2017-12-28 08:19:08.878898,0.0,0.0
140,0.0,CLINT,1,JordanManual,CCCAGG,0.0,0.0,0.0,,1507561200,2017-12-26 23:28:30.889609,0.0,0.0
141,0.0,CLINT,1,JordanManual,CCCAGG,0.0,0.0,0.0,,1507564800,2017-12-26 23:28:30.889609,0.0,0.0
142,0.0,CLINT,1,JordanManual,CCCAGG,0.0,0.0,0.0,,1507568400,2017-12-26 23:28:30.889609,0.0,0.0
143,0.006638,,1,JordanManual,CCCAGG,0.006638,0.00652,0.00652,CLINT,1507572000,2017-12-28 08:19:08.878898,0.0,0.0
144,0.0,CLINT,1,JordanManual,CCCAGG,0.0,0.0,0.0,,1507572000,2017-12-26 23:28:30.889609,0.0,0.0
145,0.0,CLINT,1,JordanManual,CCCAGG,0.0,0.0,0.0,,1507575600,2017-12-26 23:28:30.889609,0.0,0.0
146,0.0,CLINT,1,JordanManual,CCCAGG,0.0,0.0,0.0,,1507579200,2017-12-26 23:28:30.889609,0.0,0.0
147,0.0,CLINT,1,JordanManual,CCCAGG,0.0,0.0,0.0,,1507582800,2017-12-26 23:28:30.889609,0.0,0.0
148,0.006545,,1,JordanManual,CCCAGG,0.006592,0.006511,0.006592,CLINT,1507582800,2017-12-28 08:19:08.878898,0.0,0.0
149,0.0,CLINT,1,JordanManual,CCCAGG,0.0,0.0,0.0,,1507586400,2017-12-26 23:28:30.889609,0.0,0.0
150,0.0,CLINT,1,JordanManual,CCCAGG,0.0,0.0,0.0,,1507590000,2017-12-26 23:28:30.889609,0.0,0.0
151,0.0,CLINT,1,JordanManual,CCCAGG,0.0,0.0,0.0,,1507593600,2017-12-26 23:28:30.889609,0.0,0.0
152,0.006605,,1,JordanManual,CCCAGG,0.006662,0.006593,0.006662,CLINT,1507593600,2017-12-28 08:19:08.878898,0.0,0.0
153,0.0,CLINT,1,JordanManual,CCCAGG,0.0,0.0,0.0,,1507597200,2017-12-26 23:28:30.889609,0.0,0.0
154,0.0,CLINT,1,JordanManual,CCCAGG,0.0,0.0,0.0,,1507600800,2017-12-26 23:28:30.889609,0.0,0.0
155,0.0,CLINT,1,JordanManual,CCCAGG,0.0,0.0,0.0,,1507604400,2017-12-26 23:28:30.889609,0.0,0.0
156,0.007344,,1,JordanManual,CCCAGG,0.007344,0.006559,0.006559,CLINT,1507604400,2017-12-28 08:19:08.878898,299.48,2.19
157,0.0,CLINT,1,JordanManual,CCCAGG,0.0,0.0,0.0,,1507608000,2017-12-26 23:28:30.889609,0.0,0.0
158,0.0,CLINT,1,JordanManual,CCCAGG,0.0,0.0,0.0,,1507611600,2017-12-26 23:28:30.889609,0.0,0.0
159,0.0,CLINT,1,JordanManual,CCCAGG,0.0,0.0,0.0,,1507615200,2017-12-26 23:28:30.889609,0.0,0.0
160,0.007287,,1,JordanManual,CCCAGG,0.00736,0.007287,0.00736,CLINT,1507615200,2017-12-28 08:19:08.878898,0.0,0.0
161,0.0,CLINT,1,JordanManual,CCCAGG,0.0,0.0,0.0,,1507618800,2017-12-26 23:28:30.889609,0.0,0.0
162,0.0,CLINT,1,JordanManual,CCCAGG,0.0,0.0,0.0,,1507622400,2017-12-26 23:28:30.889609,0.0,0.0
163,0.0,CLINT,1,JordanManual,CCCAGG,0.0,0.0,0.0,,1507626000,2017-12-26 23:28:30.889609,0.0,0.0
164,0.007297,,1,JordanManual,CCCAGG,0.007313,0.007268,0.007268,CLINT,1507626000,2017-12-28 08:19:08.878898,0.0,0.0
165,0.0,CLINT,1,JordanManual,CCCAGG,0.0,0.0,0.0,,1507629600,2017-12-26 23:28:30.889609,0.0,0.0
166,0.0,CLINT,1,JordanManual,CCCAGG,0.0,0.0,0.0,,1507633200,2017-12-26 23:28:30.889609,0.0,0.0
167,0.006713,,1,JordanManual,CCCAGG,0.007354,0.006713,0.007354,CLINT,1507636800,2017-12-28 08:19:08.878898,1105.41,7.49
168,0.0,CLINT,1,JordanManual,CCCAGG,0.0,0.0,0.0,,1507636800,2017-12-26 23:28:30.889609,0.0,0.0
169,0.0,CLINT,1,JordanManual,CCCAGG,0.0,0.0,0.0,,1507640400,2017-12-26 23:28:30.889609,0.0,0.0
170,0.0,CLINT,1,JordanManual,CCCAGG,0.0,0.0,0.0,,1507644000,2017-12-26 23:28:30.889609,0.0,0.0
171,0.006853,,1,JordanManual,CCCAGG,0.006853,0.006721,0.006721,CLINT,1507647600,2017-12-28 08:19:08.878898,0.0,0.0
172,0.0,CLINT,1,JordanManual,CCCAGG,0.0,0.0,0.0,,1507647600,2017-12-26 23:28:30.889609,0.0,0.0
173,0.0,CLINT,1,JordanManual,CCCAGG,0.0,0.0,0.0,,1507651200,2017-12-26 23:28:30.889609,0.0,0.0
174,0.0,CLINT,1,JordanManual,CCCAGG,0.0,0.0,0.0,,1507654800,2017-12-26 23:28:30.889609,0.0,0.0
175,0.006837,,1,JordanManual,CCCAGG,0.006837,0.006829,0.006829,CLINT,1507658400,2017-12-28 08:19:08.878898,100.0,0.6829
176,0.0,CLINT,1,JordanManual,CCCAGG,0.0,0.0,0.0,,1507658400,2017-12-26 23:28:30.889609,0.0,0.0
177,0.0,CLINT,1,JordanManual,CCCAGG,0.0,0.0,0.0,,1507662000,2017-12-26 23:28:30.889609,0.0,0.0
178,0.0,CLINT,1,JordanManual,CCCAGG,0.0,0.0,0.0,,1507665600,2017-12-26 23:28:30.889609,0.0,0.0
179,0.0,CLINT,1,JordanManual,CCCAGG,0.0,0.0,0.0,,1507669200,2017-12-26 23:28:30.889609,0.0,0.0
180,0.006669,,1,JordanManual,CCCAGG,0.006772,0.006669,0.006772,CLINT,1507669200,2017-12-28 08:19:08.878898,0.0,0.0
181,0.0,CLINT,1,JordanManual,CCCAGG,0.0,0.0,0.0,,1507672800,2017-12-26 23:28:30.889609,0.0,0.0
182,0.0,CLINT,1,JordanManual,CCCAGG,0.0,0.0,0.0,,1507676400,2017-12-26 23:28:30.889609,0.0,0.0
183,0.006687,,1,JordanManual,CCCAGG,0.006687,0.006632,0.006632,CLINT,1507680000,2017-12-28 08:19:08.878898,0.0,0.0
184,0.0,CLINT,1,JordanManual,CCCAGG,0.0,0.0,0.0,,1507680000,2017-12-26 23:28:30.889609,0.0,0.0
185,0.0,CLINT,1,JordanManual,CCCAGG,0.0,0.0,0.0,,1507683600,2017-12-26 23:28:30.889609,0.0,0.0
186,0.0,CLINT,1,JordanManual,CCCAGG,0.0,0.0,0.0,,1507687200,2017-12-26 23:28:30.889609,0.0,0.0
187,0.0,CLINT,1,JordanManual,CCCAGG,0.0,0.0,0.0,,1507690800,2017-12-26 23:28:30.889609,0.0,0.0
188,0.006662,,1,JordanManual,CCCAGG,0.006662,0.006634,0.006634,CLINT,1507690800,2017-12-28 08:19:08.878898,0.0,0.0
189,0.0,CLINT,1,JordanManual,CCCAGG,0.0,0.0,0.0,,1507694400,2017-12-26 23:28:30.889609,0.0,0.0
190,0.0,CLINT,1,JordanManual,CCCAGG,0.0,0.0,0.0,,1507698000,2017-12-26 23:28:30.889609,0.0,0.0
191,0.0,CLINT,1,JordanManual,CCCAGG,0.0,0.0,0.0,,1507701600,2017-12-26 23:28:30.889609,0.0,0.0
192,0.006744,,1,JordanManual,CCCAGG,0.006744,0.006675,0.006675,CLINT,1507701600,2017-12-28 08:19:08.878898,0.0,0.0
193,0.0,CLINT,1,JordanManual,CCCAGG,0.0,0.0,0.0,,1507705200,2017-12-26 23:28:30.889609,0.0,0.0
194,0.0,CLINT,1,JordanManual,CCCAGG,0.0,0.0,0.0,,1507708800,2017-12-26 23:28:30.889609,0.0,0.0
195,0.0,CLINT,1,JordanManual,CCCAGG,0.0,0.0,0.0,,1507712400,2017-12-26 23:28:30.889609,0.0,0.0
196,0.006709,,1,JordanManual,CCCAGG,0.006745,0.006709,0.006727,CLINT,1507712400,2017-12-28 08:19:08.878898,0.0,0.0
197,0.0,CLINT,1,JordanManual,CCCAGG,0.0,0.0,0.0,,1507716000,2017-12-26 23:28:30.889609,0.0,0.0
198,0.0,CLINT,1,JordanManual,CCCAGG,0.0,0.0,0.0,,1507719600,2017-12-26 23:28:30.889609,0.0,0.0
199,0.006689,,1,JordanManual,CCCAGG,0.006691,0.006665,0.006665,CLINT,1507723200,2017-12-28 08:19:08.878898,0.0,0.0
200,0.0,CLINT,1,JordanManual,CCCAGG,0.0,0.0,0.0,,1507723200,2017-12-26 23:28:30.889609,0.0,0.0
201,0.0,CLINT,1,JordanManual,CCCAGG,0.0,0.0,0.0,,1507726800,2017-12-26 23:28:30.889609,0.0,0.0
202,0.0,CLINT,1,JordanManual,CCCAGG,0.0,0.0,0.0,,1507730400,2017-12-26 23:28:30.889609,0.0,0.0
203,0.006774,,1,JordanManual,CCCAGG,0.006789,0.006774,0.006778,CLINT,1507734000,2017-12-28 08:19:08.878898,0.0,0.0
204,0.0,CLINT,1,JordanManual,CCCAGG,0.0,0.0,0.0,,1507734000,2017-12-26 23:28:30.889609,0.0,0.0
205,0.0,CLINT,1,JordanManual,CCCAGG,0.0,0.0,0.0,,1507737600,2017-12-26 23:28:30.889609,0.0,0.0
206,0.0,CLINT,1,JordanManual,CCCAGG,0.0,0.0,0.0,,1507741200,2017-12-26 23:28:30.889609,0.0,0.0
207,0.006761,,1,JordanManual,CCCAGG,0.006779,0.006761,0.006775,CLINT,1507744800,2017-12-28 08:19:08.878898,0.0,0.0
208,0.0,CLINT,1,JordanManual,CCCAGG,0.0,0.0,0.0,,1507744800,2017-12-26 23:28:30.889609,0.0,0.0
209,0.0,CLINT,1,JordanManual,CCCAGG,0.0,0.0,0.0,,1507748400,2017-12-26 23:28:30.889609,0.0,0.0
210,0.0,CLINT,1,JordanManual,CCCAGG,0.0,0.0,0.0,,1507752000,2017-12-26 23:28:30.889609,0.0,0.0
211,0.006706,,1,JordanManual,CCCAGG,0.006727,0.006679,0.006727,CLINT,1507755600,2017-12-28 08:19:08.878898,700.0,4.68
212,0.0,CLINT,1,JordanManual,CCCAGG,0.0,0.0,0.0,,1507755600,2017-12-26 23:28:30.889609,0.0,0.0
213,0.0,CLINT,1,JordanManual,CCCAGG,0.0,0.0,0.0,,1507759200,2017-12-26 23:28:30.889609,0.0,0.0
214,0.0,CLINT,1,JordanManual,CCCAGG,0.0,0.0,0.0,,1507762800,2017-12-26 23:28:30.889609,0.0,0.0
215,0.006752,,1,JordanManual,CCCAGG,0.006752,0.006726,0.006726,CLINT,1507766400,2017-12-28 08:19:08.878898,0.0,0.0
216,0.0,CLINT,1,JordanManual,CCCAGG,0.0,0.0,0.0,,1507766400,2017-12-26 23:28:30.889609,0.0,0.0
217,0.0,CLINT,1,JordanManual,CCCAGG,0.0,0.0,0.0,,1507770000,2017-12-26 23:28:30.889609,0.0,0.0
218,0.0,CLINT,1,JordanManual,CCCAGG,0.0,0.0,0.0,,1507773600,2017-12-26 23:28:30.889609,0.0,0.0
219,0.0,CLINT,1,JordanManual,CCCAGG,0.0,0.0,0.0,,1507777200,2017-12-26 23:28:30.889609,0.0,0.0
220,0.006811,,1,JordanManual,CCCAGG,0.006811,0.006736,0.006754,CLINT,1507777200,2017-12-28 08:19:08.878898,0.0,0.0
221,0.0,CLINT,1,JordanManual,CCCAGG,0.0,0.0,0.0,,1507780800,2017-12-26 23:28:30.889609,0.0,0.0
222,0.0,CLINT,1,JordanManual,CCCAGG,0.0,0.0,0.0,,1507784400,2017-12-26 23:28:30.889609,0.0,0.0
223,0.0,CLINT,1,JordanManual,CCCAGG,0.0,0.0,0.0,,1507788000,2017-12-26 23:28:30.889609,0.0,0.0
224,0.007121,,1,JordanManual,CCCAGG,0.007121,0.006816,0.006816,CLINT,1507788000,2017-12-28 08:19:08.878898,0.0,0.0
225,0.0,CLINT,1,JordanManual,CCCAGG,0.0,0.0,0.0,,1507791600,2017-12-26 23:28:30.889609,0.0,0.0
226,0.0,CLINT,1,JordanManual,CCCAGG,0.0,0.0,0.0,,1507795200,2017-12-26 23:28:30.889609,0.0,0.0
227,0.007199,,1,JordanManual,CCCAGG,0.007229,0.007166,0.007166,CLINT,1507798800,2017-12-28 08:19:08.878898,0.0,0.0
228,0.0,CLINT,1,JordanManual,CCCAGG,0.0,0.0,0.0,,1507798800,2017-12-26 23:28:30.889609,0.0,0.0
229,0.0,CLINT,1,JordanManual,CCCAGG,0.0,0.0,0.0,,1507802400,2017-12-26 23:28:30.889609,0.0,0.0
230,0.0,CLINT,1,JordanManual,CCCAGG,0.0,0.0,0.0,,1507806000,2017-12-26 23:28:30.889609,0.0,0.0
231,0.0,CLINT,1,JordanManual,CCCAGG,0.0,0.0,0.0,,1507809600,2017-12-26 23:28:30.889609,0.0,0.0
232,0.007243,,1,JordanManual,CCCAGG,0.007247,0.007214,0.007247,CLINT,1507809600,2017-12-28 08:19:08.878898,0.0,0.0
233,0.0,CLINT,1,JordanManual,CCCAGG,0.0,0.0,0.0,,1507813200,2017-12-26 23:28:30.889609,0.0,0.0
234,0.0,CLINT,1,JordanManual,CCCAGG,0.0,0.0,0.0,,1507816800,2017-12-26 23:28:30.889609,0.0,0.0
235,0.0,CLINT,1,JordanManual,CCCAGG,0.0,0.0,0.0,,1507820400,2017-12-26 23:28:30.889609,0.0,0.0
236,0.007337,,1,JordanManual,CCCAGG,0.007445,0.007337,0.007395,CLINT,1507820400,2017-12-28 08:19:08.878898,1168.79,8.64
237,0.0,CLINT,1,JordanManual,CCCAGG,0.0,0.0,0.0,,1507824000,2017-12-26 23:28:30.889609,0.0,0.0
238,0.0,CLINT,1,JordanManual,CCCAGG,0.0,0.0,0.0,,1507827600,2017-12-26 23:28:30.889609,0.0,0.0
239,0.007393,,1,JordanManual,CCCAGG,0.007408,0.007373,0.007408,CLINT,1507831200,2017-12-28 08:19:08.878898,0.0,0.0
240,0.0,CLINT,1,JordanManual,CCCAGG,0.0,0.0,0.0,,1507831200,2017-12-26 23:28:30.889609,0.0,0.0
241,0.0,CLINT,1,JordanManual,CCCAGG,0.0,0.0,0.0,,1507834800,2017-12-26 23:28:30.889609,0.0,0.0
242,0.0,CLINT,1,JordanManual,CCCAGG,0.0,0.0,0.0,,1507838400,2017-12-26 23:28:30.889609,0.0,0.0
243,0.007551,,1,JordanManual,CCCAGG,0.007551,0.007352,0.007352,CLINT,1507842000,2017-12-28 08:19:08.878898,0.0,0.0
244,0.0,CLINT,1,JordanManual,CCCAGG,0.0,0.0,0.0,,1507842000,2017-12-26 23:28:30.889609,0.0,0.0
245,0.0,CLINT,1,JordanManual,CCCAGG,0.0,0.0,0.0,,1507845600,2017-12-26 23:28:30.889609,0.0,0.0
246,0.0,CLINT,1,JordanManual,CCCAGG,0.0,0.0,0.0,,1507849200,2017-12-26 23:28:30.889609,0.0,0.0
247,0.0,CLINT,1,JordanManual,CCCAGG,0.0,0.0,0.0,,1507852800,2017-12-26 23:28:30.889609,0.0,0.0
248,0.0079,,1,JordanManual,CCCAGG,0.0079,0.007519,0.007519,CLINT,1507852800,2017-12-28 08:19:08.878898,0.0,0.0
249,0.0,CLINT,1,JordanManual,CCCAGG,0.0,0.0,0.0,,1507856400,2017-12-26 23:28:30.889609,0.0,0.0
250,0.0,CLINT,1,JordanManual,CCCAGG,0.0,0.0,0.0,,1507860000,2017-12-26 23:28:30.889609,0.0,0.0
251,0.007667,,1,JordanManual,CCCAGG,0.007989,0.007667,0.007971,CLINT,1507863600,2017-12-28 08:19:08.878898,156.77,1.25
252,0.0,CLINT,1,JordanManual,CCCAGG,0.0,0.0,0.0,,1507863600,2017-12-26 23:28:30.889609,0.0,0.0
253,0.0,CLINT,1,JordanManual,CCCAGG,0.0,0.0,0.0,,1507867200,2017-12-26 23:28:30.889609,0.0,0.0
254,0.0,CLINT,1,JordanManual,CCCAGG,0.0,0.0,0.0,,1507870800,2017-12-26 23:28:30.889609,0.0,0.0
255,0.007857,,1,JordanManual,CCCAGG,0.007857,0.007732,0.007732,CLINT,1507874400,2017-12-28 08:19:08.878898,0.0,0.0
256,0.0,CLINT,1,JordanManual,CCCAGG,0.0,0.0,0.0,,1507874400,2017-12-26 23:28:30.889609,0.0,0.0
257,0.0,CLINT,1,JordanManual,CCCAGG,0.0,0.0,0.0,,1507878000,2017-12-26 23:28:30.889609,0.0,0.0
258,0.0,CLINT,1,JordanManual,CCCAGG,0.0,0.0,0.0,,1507881600,2017-12-26 23:28:30.889609,0.0,0.0
259,0.0,CLINT,1,JordanManual,CCCAGG,0.0,0.0,0.0,,1507885200,2017-12-26 23:28:30.889609,0.0,0.0
260,0.007855,,1,JordanManual,CCCAGG,0.007967,0.007841,0.007967,CLINT,1507885200,2017-12-28 08:19:08.878898,0.0,0.0
261,0.0,CLINT,1,JordanManual,CCCAGG,0.0,0.0,0.0,,1507888800,2017-12-26 23:28:30.889609,0.0,0.0
262,0.0,CLINT,1,JordanManual,CCCAGG,0.0,0.0,0.0,,1507892400,2017-12-26 23:28:30.889609,0.0,0.0
263,0.007997,,1,JordanManual,CCCAGG,0.007997,0.007738,0.007738,CLINT,1507896000,2017-12-28 08:19:08.878898,0.0,0.0
264,0.0,CLINT,1,JordanManual,CCCAGG,0.0,0.0,0.0,,1507896000,2017-12-26 23:28:30.889609,0.0,0.0
265,0.0,CLINT,1,JordanManual,CCCAGG,0.0,0.0,0.0,,1507899600,2017-12-26 23:28:30.889609,0.0,0.0
266,0.0,CLINT,1,JordanManual,CCCAGG,0.0,0.0,0.0,,1507903200,2017-12-26 23:28:30.889609,0.0,0.0
267,0.0,CLINT,1,JordanManual,CCCAGG,0.0,0.0,0.0,,1507906800,2017-12-26 23:28:30.889609,0.0,0.0
268,0.007941,,1,JordanManual,CCCAGG,0.007975,0.007933,0.007975,CLINT,1507906800,2017-12-28 08:19:08.878898,0.0,0.0
269,0.0,CLINT,1,JordanManual,CCCAGG,0.0,0.0,0.0,,1507910400,2017-12-26 23:28:30.889609,0.0,0.0
270,0.0,CLINT,1,JordanManual,CCCAGG,0.0,0.0,0.0,,1507914000,2017-12-26 23:28:30.889609,0.0,0.0
271,0.007822,,1,JordanManual,CCCAGG,0.007879,0.00768,0.007879,CLINT,1507917600,2017-12-28 08:19:08.878898,0.0,0.0
272,0.0,CLINT,1,JordanManual,CCCAGG,0.0,0.0,0.0,,1507917600,2017-12-26 23:28:30.889609,0.0,0.0
273,0.0,CLINT,1,JordanManual,CCCAGG,0.0,0.0,0.0,,1507921200,2017-12-26 23:28:30.889609,0.0,0.0
274,0.0,CLINT,1,JordanManual,CCCAGG,0.0,0.0,0.0,,1507924800,2017-12-26 23:28:30.889609,0.0,0.0
275,0.007836,,1,JordanManual,CCCAGG,0.007836,0.007775,0.007775,CLINT,1507928400,2017-12-28 08:19:08.878898,0.0,0.0
276,0.0,CLINT,1,JordanManual,CCCAGG,0.0,0.0,0.0,,1507928400,2017-12-26 23:28:30.889609,0.0,0.0
277,0.0,CLINT,1,JordanManual,CCCAGG,0.0,0.0,0.0,,1507932000,2017-12-26 23:28:30.889609,0.0,0.0
278,0.0,CLINT,1,JordanManual,CCCAGG,0.0,0.0,0.0,,1507935600,2017-12-26 23:28:30.889609,0.0,0.0
279,0.0,CLINT,1,JordanManual,CCCAGG,0.0,0.0,0.0,,1507939200,2017-12-26 23:28:30.889609,0.0,0.0
280,0.007882,,1,JordanManual,CCCAGG,0.007882,0.007781,0.007781,CLINT,1507939200,2017-12-28 08:19:08.878898,0.0,0.0
281,0.0,CLINT,1,JordanManual,CCCAGG,0.0,0.0,0.0,,1507942800,2017-12-26 23:28:30.889609,0.0,0.0
282,0.0,CLINT,1,JordanManual,CCCAGG,0.0,0.0,0.0,,1507946400,2017-12-26 23:28:30.889609,0.0,0.0
283,0.0,CLINT,1,JordanManual,CCCAGG,0.0,0.0,0.0,,1507950000,2017-12-26 23:28:30.889609,0.0,0.0
284,0.007795,,1,JordanManual,CCCAGG,0.007892,0.007795,0.007892,CLINT,1507950000,2017-12-28 08:19:08.878898,0.0,0.0
285,0.0,CLINT,1,JordanManual,CCCAGG,0.0,0.0,0.0,,1507953600,2017-12-26 23:28:30.889609,0.0,0.0
286,0.0,CLINT,1,JordanManual,CCCAGG,0.0,0.0,0.0,,1507957200,2017-12-26 23:28:30.889609,0.0,0.0
287,0.007836,,1,JordanManual,CCCAGG,0.007836,0.007776,0.007776,CLINT,1507960800,2017-12-28 08:19:08.878898,0.0,0.0
288,0.0,CLINT,1,JordanManual,CCCAGG,0.0,0.0,0.0,,1507960800,2017-12-26 23:28:30.889609,0.0,0.0
289,0.0,CLINT,1,JordanManual,CCCAGG,0.0,0.0,0.0,,1507964400,2017-12-26 23:28:30.889609,0.0,0.0
290,0.0,CLINT,1,JordanManual,CCCAGG,0.0,0.0,0.0,,1507968000,2017-12-26 23:28:30.889609,0.0,0.0
291,0.0,CLINT,1,JordanManual,CCCAGG,0.0,0.0,0.0,,1507971600,2017-12-26 23:28:30.889609,0.0,0.0
292,0.007923,,1,JordanManual,CCCAGG,0.007923,0.007824,0.007824,CLINT,1507971600,2017-12-28 08:19:08.878898,0.0,0.0
293,0.0,CLINT,1,JordanManual,CCCAGG,0.0,0.0,0.0,,1507975200,2017-12-26 23:28:30.889609,0.0,0.0
294,0.0,CLINT,1,JordanManual,CCCAGG,0.0,0.0,0.0,,1507978800,2017-12-26 23:28:30.889609,0.0,0.0
295,0.007982,,1,JordanManual,CCCAGG,0.007982,0.007897,0.007897,CLINT,1507982400,2017-12-28 08:19:08.878898,0.0,0.0
296,0.0,CLINT,1,JordanManual,CCCAGG,0.0,0.0,0.0,,1507982400,2017-12-26 23:28:30.889609,0.0,0.0
297,0.0,CLINT,1,JordanManual,CCCAGG,0.0,0.0,0.0,,1507986000,2017-12-26 23:28:30.889609,0.0,0.0
298,0.0,CLINT,1,JordanManual,CCCAGG,0.0,0.0,0.0,,1507989600,2017-12-26 23:28:30.889609,0.0,0.0
299,0.007991,,1,JordanManual,CCCAGG,0.008004,0.007937,0.007937,CLINT,1507993200,2017-12-28 08:19:08.878898,0.0,0.0
300,0.0,CLINT,1,JordanManual,CCCAGG,0.0,0.0,0.0,,1507993200,2017-12-26 23:28:30.889609,0.0,0.0
301,0.0,CLINT,1,JordanManual,CCCAGG,0.0,0.0,0.0,,1507996800,2017-12-26 23:28:30.889609,0.0,0.0
302,0.0,CLINT,1,JordanManual,CCCAGG,0.0,0.0,0.0,,1508000400,2017-12-26 23:28:30.889609,0.0,0.0
303,0.0,CLINT,1,JordanManual,CCCAGG,0.0,0.0,0.0,,1508004000,2017-12-26 23:28:30.889609,0.0,0.0
304,0.007922,,1,JordanManual,CCCAGG,0.007937,0.00792,0.00792,CLINT,1508004000,2017-12-28 08:19:08.878898,0.0,0.0
305,0.0,CLINT,1,JordanManual,CCCAGG,0.0,0.0,0.0,,1508007600,2017-12-26 23:28:30.889609,0.0,0.0
306,0.0,CLINT,1,JordanManual,CCCAGG,0.0,0.0,0.0,,1508011200,2017-12-26 23:28:30.889609,0.0,0.0
307,0.0,CLINT,1,JordanManual,CCCAGG,0.0,0.0,0.0,,1508014800,2017-12-26 23:28:30.889609,0.0,0.0
308,0.008096,,1,JordanManual,CCCAGG,0.008096,0.007959,0.007959,CLINT,1508014800,2017-12-28 08:19:08.878898,0.0,0.0
309,0.0,CLINT,1,JordanManual,CCCAGG,0.0,0.0,0.0,,1508018400,2017-12-26 23:28:30.889609,0.0,0.0
310,0.0,CLINT,1,JordanManual,CCCAGG,0.0,0.0,0.0,,1508022000,2017-12-26 23:28:30.889609,0.0,0.0
311,0.008146,,1,JordanManual,CCCAGG,0.008146,0.008068,0.008068,CLINT,1508025600,2017-12-28 08:19:08.878898,1052.26,8.57
312,0.0,CLINT,1,JordanManual,CCCAGG,0.0,0.0,0.0,,1508025600,2017-12-26 23:28:30.889609,0.0,0.0
313,0.0,CLINT,1,JordanManual,CCCAGG,0.0,0.0,0.0,,1508029200,2017-12-26 23:28:30.889609,0.0,0.0
314,0.0,CLINT,1,JordanManual,CCCAGG,0.0,0.0,0.0,,1508032800,2017-12-26 23:28:30.889609,0.0,0.0
315,0.0,CLINT,1,JordanManual,CCCAGG,0.0,0.0,0.0,,1508036400,2017-12-26 23:28:30.889609,0.0,0.0
316,0.008033,,1,JordanManual,CCCAGG,0.008042,0.008003,0.008042,CLINT,1508036400,2017-12-28 08:19:08.878898,0.0,0.0
317,0.0,CLINT,1,JordanManual,CCCAGG,0.0,0.0,0.0,,1508040000,2017-12-26 23:28:30.889609,0.0,0.0
318,0.0,CLINT,1,JordanManual,CCCAGG,0.0,0.0,0.0,,1508043600,2017-12-26 23:28:30.889609,0.0,0.0
319,0.007764,,1,JordanManual,CCCAGG,0.008018,0.007764,0.008018,CLINT,1508047200,2017-12-28 08:19:08.878898,1438.85,11.17
320,0.0,CLINT,1,JordanManual,CCCAGG,0.0,0.0,0.0,,1508047200,2017-12-26 23:28:30.889609,0.0,0.0
321,0.0,CLINT,1,JordanManual,CCCAGG,0.0,0.0,0.0,,1508050800,2017-12-26 23:28:30.889609,0.0,0.0
322,0.0,CLINT,1,JordanManual,CCCAGG,0.0,0.0,0.0,,1508054400,2017-12-26 23:28:30.889609,0.0,0.0
323,0.007582,,1,JordanManual,CCCAGG,0.007738,0.007582,0.00771,CLINT,1508058000,2017-12-28 08:19:08.878898,0.0,0.0
324,0.0,CLINT,1,JordanManual,CCCAGG,0.0,0.0,0.0,,1508058000,2017-12-26 23:28:30.889609,0.0,0.0
325,0.0,CLINT,1,JordanManual,CCCAGG,0.0,0.0,0.0,,1508061600,2017-12-26 23:28:30.889609,0.0,0.0
326,0.0,CLINT,1,JordanManual,CCCAGG,0.0,0.0,0.0,,1508065200,2017-12-26 23:28:30.889609,0.0,0.0
327,0.008406,,1,JordanManual,CCCAGG,0.008406,0.007634,0.007634,CLINT,1508068800,2017-12-28 08:19:08.878898,1.84,0.01541
328,0.0,CLINT,1,JordanManual,CCCAGG,0.0,0.0,0.0,,1508068800,2017-12-26 23:28:30.889609,0.0,0.0
329,0.0,CLINT,1,JordanManual,CCCAGG,0.0,0.0,0.0,,1508072400,2017-12-26 23:28:30.889609,0.0,0.0
330,0.0,CLINT,1,JordanManual,CCCAGG,0.0,0.0,0.0,,1508076000,2017-12-26 23:28:30.889609,0.0,0.0
331,0.0,CLINT,1,JordanManual,CCCAGG,0.0,0.0,0.0,,1508079600,2017-12-26 23:28:30.889609,0.0,0.0
332,0.008318,,1,JordanManual,CCCAGG,0.008355,0.008309,0.008355,CLINT,1508079600,2017-12-28 08:19:08.878898,0.0,0.0
333,0.0,CLINT,1,JordanManual,CCCAGG,0.0,0.0,0.0,,1508083200,2017-12-26 23:28:30.889609,0.0,0.0
334,0.0,CLINT,1,JordanManual,CCCAGG,0.0,0.0,0.0,,1508086800,2017-12-26 23:28:30.889609,0.0,0.0
335,0.0,CLINT,1,JordanManual,CCCAGG,0.0,0.0,0.0,,1508090400,2017-12-26 23:28:30.889609,0.0,0.0
336,0.008315,,1,JordanManual,CCCAGG,0.00834,0.008315,0.00834,CLINT,1508090400,2017-12-28 08:19:08.878898,0.6149,0.005128
337,0.0,CLINT,1,JordanManual,CCCAGG,0.0,0.0,0.0,,1508094000,2017-12-26 23:28:30.889609,0.0,0.0
338,0.0,CLINT,1,JordanManual,CCCAGG,0.0,0.0,0.0,,1508097600,2017-12-26 23:28:30.889609,0.0,0.0
339,0.008589,,1,JordanManual,CCCAGG,0.008622,0.008406,0.008406,CLINT,1508101200,2017-12-28 08:19:08.878898,0.0,0.0
340,0.0,CLINT,1,JordanManual,CCCAGG,0.0,0.0,0.0,,1508101200,2017-12-26 23:28:30.889609,0.0,0.0
341,0.0,CLINT,1,JordanManual,CCCAGG,0.0,0.0,0.0,,1508104800,2017-12-26 23:28:30.889609,0.0,0.0
342,0.0,CLINT,1,JordanManual,CCCAGG,0.0,0.0,0.0,,1508108400,2017-12-26 23:28:30.889609,0.0,0.0
343,0.008582,,1,JordanManual,CCCAGG,0.008582,0.008573,0.008573,CLINT,1508112000,2017-12-28 08:19:08.878898,0.0,0.0
344,0.0,CLINT,1,JordanManual,CCCAGG,0.0,0.0,0.0,,1508112000,2017-12-26 23:28:30.889609,0.0,0.0
345,0.0,CLINT,1,JordanManual,CCCAGG,0.0,0.0,0.0,,1508115600,2017-12-26 23:28:30.889609,0.0,0.0
346,0.0,CLINT,1,JordanManual,CCCAGG,0.0,0.0,0.0,,1508119200,2017-12-26 23:28:30.889609,0.0,0.0
347,0.0,CLINT,1,JordanManual,CCCAGG,0.0,0.0,0.0,,1508122800,2017-12-26 23:28:30.889609,0.0,0.0
348,0.008541,,1,JordanManual,CCCAGG,0.008541,0.008476,0.008481,CLINT,1508122800,2017-12-28 08:19:08.878898,0.0,0.0
349,0.0,CLINT,1,JordanManual,CCCAGG,0.0,0.0,0.0,,1508126400,2017-12-26 23:28:30.889609,0.0,0.0
350,0.0,CLINT,1,JordanManual,CCCAGG,0.0,0.0,0.0,,1508130000,2017-12-26 23:28:30.889609,0.0,0.0
351,0.0,CLINT,1,JordanManual,CCCAGG,0.0,0.0,0.0,,1508133600,2017-12-26 23:28:30.889609,0.0,0.0
352,0.008486,,1,JordanManual,CCCAGG,0.008547,0.008486,0.008547,CLINT,1508133600,2017-12-28 08:19:08.878898,0.0,0.0
353,0.0,CLINT,1,JordanManual,CCCAGG,0.0,0.0,0.0,,1508137200,2017-12-26 23:28:30.889609,0.0,0.0
354,0.0,CLINT,1,JordanManual,CCCAGG,0.0,0.0,0.0,,1508140800,2017-12-26 23:28:30.889609,0.0,0.0
355,0.0,CLINT,1,JordanManual,CCCAGG,0.0,0.0,0.0,,1508144400,2017-12-26 23:28:30.889609,0.0,0.0
356,0.008679,,1,JordanManual,CCCAGG,0.008679,0.00853,0.00853,CLINT,1508144400,2017-12-28 08:19:08.878898,0.0,0.0
357,0.0,CLINT,1,JordanManual,CCCAGG,0.0,0.0,0.0,,1508148000,2017-12-26 23:28:30.889609,0.0,0.0
358,0.0,CLINT,1,JordanManual,CCCAGG,0.0,0.0,0.0,,1508151600,2017-12-26 23:28:30.889609,0.0,0.0
359,0.0,CLINT,1,JordanManual,CCCAGG,0.0,0.0,0.0,,1508155200,2017-12-26 23:28:30.889609,0.0,0.0
360,0.008609,,1,JordanManual,CCCAGG,0.00863,0.008589,0.00863,CLINT,1508155200,2017-12-28 08:19:08.878898,0.0,0.0
361,0.0,CLINT,1,JordanManual,CCCAGG,0.0,0.0,0.0,,1508158800,2017-12-26 23:28:30.889609,0.0,0.0
362,0.0,CLINT,1,JordanManual,CCCAGG,0.0,0.0,0.0,,1508162400,2017-12-26 23:28:30.889609,0.0,0.0
363,0.0,CLINT,1,JordanManual,CCCAGG,0.0,0.0,0.0,,1508166000,2017-12-26 23:28:30.889609,0.0,0.0
364,0.008603,,1,JordanManual,CCCAGG,0.008607,0.00853,0.008607,CLINT,1508166000,2017-12-28 08:19:08.878898,0.0,0.0
365,0.0,CLINT,1,JordanManual,CCCAGG,0.0,0.0,0.0,,1508169600,2017-12-26 23:28:30.889609,0.0,0.0
366,0.0,CLINT,1,JordanManual,CCCAGG,0.0,0.0,0.0,,1508173200,2017-12-26 23:28:30.889609,0.0,0.0
367,0.008594,,1,JordanManual,CCCAGG,0.008657,0.008594,0.008601,CLINT,1508176800,2017-12-28 08:19:08.878898,0.0,0.0
368,0.0,CLINT,1,JordanManual,CCCAGG,0.0,0.0,0.0,,1508176800,2017-12-26 23:28:30.889609,0.0,0.0
369,0.0,CLINT,1,JordanManual,CCCAGG,0.0,0.0,0.0,,1508180400,2017-12-26 23:28:30.889609,0.0,0.0
370,0.0,CLINT,1,JordanManual,CCCAGG,0.0,0.0,0.0,,1508184000,2017-12-26 23:28:30.889609,0.0,0.0
371,0.0,CLINT,1,JordanManual,CCCAGG,0.0,0.0,0.0,,1508187600,2017-12-26 23:28:30.889609,0.0,0.0
372,0.007948,,1,JordanManual,CCCAGG,0.007997,0.007883,0.007997,CLINT,1508187600,2017-12-28 08:19:08.878898,7000.0,55.18
373,0.0,CLINT,1,JordanManual,CCCAGG,0.0,0.0,0.0,,1508191200,2017-12-26 23:28:30.889609,0.0,0.0
374,0.0,CLINT,1,JordanManual,CCCAGG,0.0,0.0,0.0,,1508194800,2017-12-26 23:28:30.889609,0.0,0.0
375,0.0,CLINT,1,JordanManual,CCCAGG,0.0,0.0,0.0,,1508198400,2017-12-26 23:28:30.889609,0.0,0.0
376,0.007778,,1,JordanManual,CCCAGG,0.007945,0.007745,0.007945,CLINT,1508198400,2017-12-28 08:19:08.878898,0.0,0.0
377,0.0,CLINT,1,JordanManual,CCCAGG,0.0,0.0,0.0,,1508202000,2017-12-26 23:28:30.889609,0.0,0.0
378,0.0,CLINT,1,JordanManual,CCCAGG,0.0,0.0,0.0,,1508205600,2017-12-26 23:28:30.889609,0.0,0.0
379,0.0,CLINT,1,JordanManual,CCCAGG,0.0,0.0,0.0,,1508209200,2017-12-26 23:28:30.889609,0.0,0.0
380,0.007745,,1,JordanManual,CCCAGG,0.007809,0.007745,0.007782,CLINT,1508209200,2017-12-28 08:19:08.878898,0.0,0.0
381,0.0,CLINT,1,JordanManual,CCCAGG,0.0,0.0,0.0,,1508212800,2017-12-26 23:28:30.889609,0.0,0.0
382,0.0,CLINT,1,JordanManual,CCCAGG,0.0,0.0,0.0,,1508216400,2017-12-26 23:28:30.889609,0.0,0.0
383,0.0,CLINT,1,JordanManual,CCCAGG,0.0,0.0,0.0,,1508220000,2017-12-26 23:28:30.889609,0.0,0.0
384,0.00784,,1,JordanManual,CCCAGG,0.00784,0.007791,0.007812,CLINT,1508220000,2017-12-28 08:19:08.878898,0.0,0.0
385,0.0,CLINT,1,JordanManual,CCCAGG,0.0,0.0,0.0,,1508223600,2017-12-26 23:28:30.889609,0.0,0.0
386,0.0,CLINT,1,JordanManual,CCCAGG,0.0,0.0,0.0,,1508227200,2017-12-26 23:28:30.889609,0.0,0.0
387,0.007684,,1,JordanManual,CCCAGG,0.007837,0.007684,0.007837,CLINT,1508230800,2017-12-28 08:19:08.878898,0.0,0.0
388,0.0,CLINT,1,JordanManual,CCCAGG,0.0,0.0,0.0,,1508230800,2017-12-26 23:28:30.889609,0.0,0.0
389,0.0,CLINT,1,JordanManual,CCCAGG,0.0,0.0,0.0,,1508234400,2017-12-26 23:28:30.889609,0.0,0.0
390,0.0,CLINT,1,JordanManual,CCCAGG,0.0,0.0,0.0,,1508238000,2017-12-26 23:28:30.889609,0.0,0.0
391,0.0,CLINT,1,JordanManual,CCCAGG,0.0,0.0,0.0,,1508241600,2017-12-26 23:28:30.889609,0.0,0.0
392,0.007693,,1,JordanManual,CCCAGG,0.007736,0.007675,0.007675,CLINT,1508241600,2017-12-28 08:19:08.878898,0.0,0.0
393,0.0,CLINT,1,JordanManual,CCCAGG,0.0,0.0,0.0,,1508245200,2017-12-26 23:28:30.889609,0.0,0.0
394,0.0,CLINT,1,JordanManual,CCCAGG,0.0,0.0,0.0,,1508248800,2017-12-26 23:28:30.889609,0.0,0.0
395,0.00775,,1,JordanManual,CCCAGG,0.00775,0.007701,0.00771,CLINT,1508252400,2017-12-28 08:19:08.878898,0.0,0.0
396,0.0,CLINT,1,JordanManual,CCCAGG,0.0,0.0,0.0,,1508252400,2017-12-26 23:28:30.889609,0.0,0.0
397,0.0,CLINT,1,JordanManual,CCCAGG,0.0,0.0,0.0,,1508256000,2017-12-26 23:28:30.889609,0.0,0.0
398,0.0,CLINT,1,JordanManual,CCCAGG,0.0,0.0,0.0,,1508259600,2017-12-26 23:28:30.889609,0.0,0.0
399,0.0,CLINT,1,JordanManual,CCCAGG,0.0,0.0,0.0,,1508263200,2017-12-26 23:28:30.889609,0.0,0.0
400,0.007694,,1,JordanManual,CCCAGG,0.007767,0.007694,0.00775,CLINT,1508263200,2017-12-28 08:19:08.878898,0.0,0.0
401,0.0,CLINT,1,JordanManual,CCCAGG,0.0,0.0,0.0,,1508266800,2017-12-26 23:28:30.889609,0.0,0.0
402,0.0,CLINT,1,JordanManual,CCCAGG,0.0,0.0,0.0,,1508270400,2017-12-26 23:28:30.889609,0.0,0.0
403,0.0,CLINT,1,JordanManual,CCCAGG,0.0,0.0,0.0,,1508274000,2017-12-26 23:28:30.889609,0.0,0.0
404,0.007726,,1,JordanManual,CCCAGG,0.007726,0.007681,0.007698,CLINT,1508274000,2017-12-28 08:19:08.878898,0.0,0.0
405,0.0,CLINT,1,JordanManual,CCCAGG,0.0,0.0,0.0,,1508277600,2017-12-26 23:28:30.889609,0.0,0.0
406,0.0,CLINT,1,JordanManual,CCCAGG,0.0,0.0,0.0,,1508281200,2017-12-26 23:28:30.889609,0.0,0.0
407,0.0,CLINT,1,JordanManual,CCCAGG,0.0,0.0,0.0,,1508284800,2017-12-26 23:28:30.889609,0.0,0.0
408,0.007579,,1,JordanManual,CCCAGG,0.007613,0.007569,0.007613,CLINT,1508284800,2017-12-28 08:19:08.878898,0.0,0.0
409,0.0,CLINT,1,JordanManual,CCCAGG,0.0,0.0,0.0,,1508288400,2017-12-26 23:28:30.889609,0.0,0.0
410,0.0,CLINT,1,JordanManual,CCCAGG,0.0,0.0,0.0,,1508292000,2017-12-26 23:28:30.889609,0.0,0.0
411,0.0,CLINT,1,JordanManual,CCCAGG,0.0,0.0,0.0,,1508295600,2017-12-26 23:28:30.889609,0.0,0.0
412,0.007591,,1,JordanManual,CCCAGG,0.007625,0.007585,0.007585,CLINT,1508295600,2017-12-28 08:19:08.878898,0.0,0.0
413,0.0,CLINT,1,JordanManual,CCCAGG,0.0,0.0,0.0,,1508299200,2017-12-26 23:28:30.889609,0.0,0.0
414,0.0,CLINT,1,JordanManual,CCCAGG,0.0,0.0,0.0,,1508302800,2017-12-26 23:28:30.889609,0.0,0.0
415,0.007386,,1,JordanManual,CCCAGG,0.007414,0.007309,0.007414,CLINT,1508306400,2017-12-28 08:19:08.878898,0.0,0.0
416,0.0,CLINT,1,JordanManual,CCCAGG,0.0,0.0,0.0,,1508306400,2017-12-26 23:28:30.889609,0.0,0.0
417,0.0,CLINT,1,JordanManual,CCCAGG,0.0,0.0,0.0,,1508310000,2017-12-26 23:28:30.889609,0.0,0.0
418,0.0,CLINT,1,JordanManual,CCCAGG,0.0,0.0,0.0,,1508313600,2017-12-26 23:28:30.889609,0.0,0.0
419,0.007343,,1,JordanManual,CCCAGG,0.007387,0.007329,0.007387,CLINT,1508317200,2017-12-28 08:19:08.878898,0.0,0.0
420,0.0,CLINT,1,JordanManual,CCCAGG,0.0,0.0,0.0,,1508317200,2017-12-26 23:28:30.889609,0.0,0.0
421,0.0,CLINT,1,JordanManual,CCCAGG,0.0,0.0,0.0,,1508320800,2017-12-26 23:28:30.889609,0.0,0.0
422,0.0,CLINT,1,JordanManual,CCCAGG,0.0,0.0,0.0,,1508324400,2017-12-26 23:28:30.889609,0.0,0.0
423,0.0,CLINT,1,JordanManual,CCCAGG,0.0,0.0,0.0,,1508328000,2017-12-26 23:28:30.889609,0.0,0.0
424,0.007185,,1,JordanManual,CCCAGG,0.007292,0.007151,0.007292,CLINT,1508328000,2017-12-28 08:19:08.878898,0.0,0.0
425,0.0,CLINT,1,JordanManual,CCCAGG,0.0,0.0,0.0,,1508331600,2017-12-26 23:28:30.889609,0.0,0.0
426,0.0,CLINT,1,JordanManual,CCCAGG,0.0,0.0,0.0,,1508335200,2017-12-26 23:28:30.889609,0.0,0.0
427,0.0,CLINT,1,JordanManual,CCCAGG,0.0,0.0,0.0,,1508338800,2017-12-26 23:28:30.889609,0.0,0.0
428,0.007423,,1,JordanManual,CCCAGG,0.007431,0.007377,0.007377,CLINT,1508338800,2017-12-28 08:19:08.878898,0.0,0.0
429,0.0,CLINT,1,JordanManual,CCCAGG,0.0,0.0,0.0,,1508342400,2017-12-26 23:28:30.889609,0.0,0.0
430,0.0,CLINT,1,JordanManual,CCCAGG,0.0,0.0,0.0,,1508346000,2017-12-26 23:28:30.889609,0.0,0.0
431,0.0,CLINT,1,JordanManual,CCCAGG,0.0,0.0,0.0,,1508349600,2017-12-26 23:28:30.889609,0.0,0.0
432,0.0076,,1,JordanManual,CCCAGG,0.0076,0.007442,0.007463,CLINT,1508349600,2017-12-28 08:19:08.878898,0.0,0.0
433,0.0,CLINT,1,JordanManual,CCCAGG,0.0,0.0,0.0,,1508353200,2017-12-26 23:28:30.889609,0.0,0.0
434,0.0,CLINT,1,JordanManual,CCCAGG,0.0,0.0,0.0,,1508356800,2017-12-26 23:28:30.889609,0.0,0.0
435,0.0,CLINT,1,JordanManual,CCCAGG,0.0,0.0,0.0,,1508360400,2017-12-26 23:28:30.889609,0.0,0.0
436,0.007695,,1,JordanManual,CCCAGG,0.007708,0.007593,0.007593,CLINT,1508360400,2017-12-28 08:19:08.878898,0.0,0.0
437,0.0,CLINT,1,JordanManual,CCCAGG,0.0,0.0,0.0,,1508364000,2017-12-26 23:28:30.889609,0.0,0.0
438,0.0,CLINT,1,JordanManual,CCCAGG,0.0,0.0,0.0,,1508367600,2017-12-26 23:28:30.889609,0.0,0.0
439,0.007728,,1,JordanManual,CCCAGG,0.007766,0.007651,0.007651,CLINT,1508371200,2017-12-28 08:19:08.878898,0.0,0.0
440,0.0,CLINT,1,JordanManual,CCCAGG,0.0,0.0,0.0,,1508371200,2017-12-26 23:28:30.889609,0.0,0.0
441,0.0,CLINT,1,JordanManual,CCCAGG,0.0,0.0,0.0,,1508374800,2017-12-26 23:28:30.889609,0.0,0.0
442,0.0,CLINT,1,JordanManual,CCCAGG,0.0,0.0,0.0,,1508378400,2017-12-26 23:28:30.889609,0.0,0.0
443,0.007731,,1,JordanManual,CCCAGG,0.007785,0.007731,0.007772,CLINT,1508382000,2017-12-28 08:19:08.878898,0.0,0.0
444,0.0,CLINT,1,JordanManual,CCCAGG,0.0,0.0,0.0,,1508382000,2017-12-26 23:28:30.889609,0.0,0.0
445,0.0,CLINT,1,JordanManual,CCCAGG,0.0,0.0,0.0,,1508385600,2017-12-26 23:28:30.889609,0.0,0.0
446,0.0,CLINT,1,JordanManual,CCCAGG,0.0,0.0,0.0,,1508389200,2017-12-26 23:28:30.889609,0.0,0.0
447,0.007765,,1,JordanManual,CCCAGG,0.007765,0.007671,0.007671,CLINT,1508392800,2017-12-28 08:19:08.878898,0.0,0.0
448,0.0,CLINT,1,JordanManual,CCCAGG,0.0,0.0,0.0,,1508392800,2017-12-26 23:28:30.889609,0.0,0.0
449,0.0,CLINT,1,JordanManual,CCCAGG,0.0,0.0,0.0,,1508396400,2017-12-26 23:28:30.889609,0.0,0.0
450,0.0,CLINT,1,JordanManual,CCCAGG,0.0,0.0,0.0,,1508400000,2017-12-26 23:28:30.889609,0.0,0.0
451,0.0,CLINT,1,JordanManual,CCCAGG,0.0,0.0,0.0,,1508403600,2017-12-26 23:28:30.889609,0.0,0.0
452,0.007848,,1,JordanManual,CCCAGG,0.007855,0.007848,0.007855,CLINT,1508403600,2017-12-28 08:19:08.878898,0.0,0.0
453,0.0,CLINT,1,JordanManual,CCCAGG,0.0,0.0,0.0,,1508407200,2017-12-26 23:28:30.889609,0.0,0.0
454,0.0,CLINT,1,JordanManual,CCCAGG,0.0,0.0,0.0,,1508410800,2017-12-26 23:28:30.889609,0.0,0.0
455,0.007878,,1,JordanManual,CCCAGG,0.007908,0.007813,0.007813,CLINT,1508414400,2017-12-28 08:19:08.878898,0.0,0.0
456,0.0,CLINT,1,JordanManual,CCCAGG,0.0,0.0,0.0,,1508414400,2017-12-26 23:28:30.889609,0.0,0.0
457,0.0,CLINT,1,JordanManual,CCCAGG,0.0,0.0,0.0,,1508418000,2017-12-26 23:28:30.889609,0.0,0.0
458,0.0,CLINT,1,JordanManual,CCCAGG,0.0,0.0,0.0,,1508421600,2017-12-26 23:28:30.889609,0.0,0.0
459,0.0,CLINT,1,JordanManual,CCCAGG,0.0,0.0,0.0,,1508425200,2017-12-26 23:28:30.889609,0.0,0.0
460,0.00782,,1,JordanManual,CCCAGG,0.007824,0.007771,0.007771,CLINT,1508425200,2017-12-28 08:19:08.878898,0.0,0.0
461,0.0,CLINT,1,JordanManual,CCCAGG,0.0,0.0,0.0,,1508428800,2017-12-26 23:28:30.889609,0.0,0.0
462,0.0,CLINT,1,JordanManual,CCCAGG,0.0,0.0,0.0,,1508432400,2017-12-26 23:28:30.889609,0.0,0.0
463,0.0,CLINT,1,JordanManual,CCCAGG,0.0,0.0,0.0,,1508436000,2017-12-26 23:28:30.889609,0.0,0.0
464,0.007863,,1,JordanManual,CCCAGG,0.007863,0.007762,0.007815,CLINT,1508436000,2017-12-28 08:19:08.878898,0.0,0.0
465,0.0,CLINT,1,JordanManual,CCCAGG,0.0,0.0,0.0,,1508439600,2017-12-26 23:28:30.889609,0.0,0.0
466,0.0,CLINT,1,JordanManual,CCCAGG,0.0,0.0,0.0,,1508443200,2017-12-26 23:28:30.889609,0.0,0.0
467,0.0,CLINT,1,JordanManual,CCCAGG,0.0,0.0,0.0,,1508446800,2017-12-26 23:28:30.889609,0.0,0.0
468,0.007864,,1,JordanManual,CCCAGG,0.007878,0.007864,0.007878,CLINT,1508446800,2017-12-28 08:19:08.878898,0.0,0.0
469,0.0,CLINT,1,JordanManual,CCCAGG,0.0,0.0,0.0,,1508450400,2017-12-26 23:28:30.889609,0.0,0.0
470,0.0,CLINT,1,JordanManual,CCCAGG,0.0,0.0,0.0,,1508454000,2017-12-26 23:28:30.889609,0.0,0.0
471,0.00782,,1,JordanManual,CCCAGG,0.007891,0.00782,0.007891,CLINT,1508457600,2017-12-28 08:19:08.878898,0.0,0.0
472,0.0,CLINT,1,JordanManual,CCCAGG,0.0,0.0,0.0,,1508457600,2017-12-26 23:28:30.889609,0.0,0.0
473,0.0,CLINT,1,JordanManual,CCCAGG,0.0,0.0,0.0,,1508461200,2017-12-26 23:28:30.889609,0.0,0.0
474,0.0,CLINT,1,JordanManual,CCCAGG,0.0,0.0,0.0,,1508464800,2017-12-26 23:28:30.889609,0.0,0.0
475,0.007825,,1,JordanManual,CCCAGG,0.007853,0.007825,0.007851,CLINT,1508468400,2017-12-28 08:19:08.878898,0.0,0.0
476,0.0,CLINT,1,JordanManual,CCCAGG,0.0,0.0,0.0,,1508468400,2017-12-26 23:28:30.889609,0.0,0.0
477,0.0,CLINT,1,JordanManual,CCCAGG,0.0,0.0,0.0,,1508472000,2017-12-26 23:28:30.889609,0.0,0.0
478,0.0,CLINT,1,JordanManual,CCCAGG,0.0,0.0,0.0,,1508475600,2017-12-26 23:28:30.889609,0.0,0.0
479,0.0,CLINT,1,JordanManual,CCCAGG,0.0,0.0,0.0,,1508479200,2017-12-26 23:28:30.889609,0.0,0.0
480,0.007794,,1,JordanManual,CCCAGG,0.007794,0.007759,0.007759,CLINT,1508479200,2017-12-28 08:19:08.878898,0.0,0.0
481,0.0,CLINT,1,JordanManual,CCCAGG,0.0,0.0,0.0,,1508482800,2017-12-26 23:28:30.889609,0.0,0.0
482,0.0,CLINT,1,JordanManual,CCCAGG,0.0,0.0,0.0,,1508486400,2017-12-26 23:28:30.889609,0.0,0.0
483,0.0,CLINT,1,JordanManual,CCCAGG,0.0,0.0,0.0,,1508490000,2017-12-26 23:28:30.889609,0.0,0.0
484,0.007799,,1,JordanManual,CCCAGG,0.00781,0.007789,0.007789,CLINT,1508490000,2017-12-28 08:19:08.878898,0.0,0.0
485,0.0,CLINT,1,JordanManual,CCCAGG,0.0,0.0,0.0,,1508493600,2017-12-26 23:28:30.889609,0.0,0.0
486,0.0,CLINT,1,JordanManual,CCCAGG,0.0,0.0,0.0,,1508497200,2017-12-26 23:28:30.889609,0.0,0.0
487,0.008175,,1,JordanManual,CCCAGG,0.008175,0.007799,0.007799,CLINT,1508500800,2017-12-28 08:19:08.878898,0.0,0.0
488,0.0,CLINT,1,JordanManual,CCCAGG,0.0,0.0,0.0,,1508500800,2017-12-26 23:28:30.889609,0.0,0.0
489,0.0,CLINT,1,JordanManual,CCCAGG,0.0,0.0,0.0,,1508504400,2017-12-26 23:28:30.889609,0.0,0.0
490,0.0,CLINT,1,JordanManual,CCCAGG,0.0,0.0,0.0,,1508508000,2017-12-26 23:28:30.889609,0.0,0.0
491,0.008204,,1,JordanManual,CCCAGG,0.008258,0.008204,0.008215,CLINT,1508511600,2017-12-28 08:19:08.878898,0.0,0.0
492,0.0,CLINT,1,JordanManual,CCCAGG,0.0,0.0,0.0,,1508511600,2017-12-26 23:28:30.889609,0.0,0.0
493,0.0,CLINT,1,JordanManual,CCCAGG,0.0,0.0,0.0,,1508515200,2017-12-26 23:28:30.889609,0.0,0.0
494,0.0,CLINT,1,JordanManual,CCCAGG,0.0,0.0,0.0,,1508518800,2017-12-26 23:28:30.889609,0.0,0.0
495,0.0,CLINT,1,JordanManual,CCCAGG,0.0,0.0,0.0,,1508522400,2017-12-26 23:28:30.889609,0.0,0.0
496,0.008285,,1,JordanManual,CCCAGG,0.008405,0.008285,0.008301,CLINT,1508522400,2017-12-28 08:19:08.878898,143.88,1.19
497,0.0,CLINT,1,JordanManual,CCCAGG,0.0,0.0,0.0,,1508526000,2017-12-26 23:28:30.889609,0.0,0.0
498,0.0,CLINT,1,JordanManual,CCCAGG,0.0,0.0,0.0,,1508529600,2017-12-26 23:28:30.889609,0.0,0.0
499,0.00827,,1,JordanManual,CCCAGG,0.008287,0.008227,0.008287,CLINT,1508533200,2017-12-28 08:19:08.878898,180.0,1.48
500,0.0,CLINT,1,JordanManual,CCCAGG,0.0,0.0,0.0,,1508533200,2017-12-26 23:28:30.889609,0.0,0.0
501,0.0,CLINT,1,JordanManual,CCCAGG,0.0,0.0,0.0,,1508536800,2017-12-26 23:28:30.889609,0.0,0.0
502,0.0,CLINT,1,JordanManual,CCCAGG,0.0,0.0,0.0,,1508540400,2017-12-26 23:28:30.889609,0.0,0.0
503,0.0,CLINT,1,JordanManual,CCCAGG,0.0,0.0,0.0,,1508544000,2017-12-26 23:28:30.889609,0.0,0.0
504,0.008364,,1,JordanManual,CCCAGG,0.008364,0.008222,0.008222,CLINT,1508544000,2017-12-28 08:19:08.878898,336.34,2.81
505,0.0,CLINT,1,JordanManual,CCCAGG,0.0,0.0,0.0,,1508547600,2017-12-26 23:28:30.889609,0.0,0.0
506,0.0,CLINT,1,JordanManual,CCCAGG,0.0,0.0,0.0,,1508551200,2017-12-26 23:28:30.889609,0.0,0.0
507,0.0,CLINT,1,JordanManual,CCCAGG,0.0,0.0,0.0,,1508554800,2017-12-26 23:28:30.889609,0.0,0.0
508,0.008387,,1,JordanManual,CCCAGG,0.008418,0.008345,0.008418,CLINT,1508554800,2017-12-28 08:19:08.878898,0.0,0.0
509,0.0,CLINT,1,JordanManual,CCCAGG,0.0,0.0,0.0,,1508558400,2017-12-26 23:28:30.889609,0.0,0.0
510,0.0,CLINT,1,JordanManual,CCCAGG,0.0,0.0,0.0,,1508562000,2017-12-26 23:28:30.889609,0.0,0.0
511,0.0,CLINT,1,JordanManual,CCCAGG,0.0,0.0,0.0,,1508565600,2017-12-26 23:28:30.889609,0.0,0.0
512,0.008391,,1,JordanManual,CCCAGG,0.008422,0.008377,0.008377,CLINT,1508565600,2017-12-28 08:19:08.878898,3000.0,25.17
513,0.0,CLINT,1,JordanManual,CCCAGG,0.0,0.0,0.0,,1508569200,2017-12-26 23:28:30.889609,0.0,0.0
514,0.0,CLINT,1,JordanManual,CCCAGG,0.0,0.0,0.0,,1508572800,2017-12-26 23:28:30.889609,0.0,0.0
515,0.008438,,1,JordanManual,CCCAGG,0.008438,0.008393,0.008393,CLINT,1508576400,2017-12-28 08:19:08.878898,0.0,0.0
516,0.0,CLINT,1,JordanManual,CCCAGG,0.0,0.0,0.0,,1508576400,2017-12-26 23:28:30.889609,0.0,0.0
517,0.0,CLINT,1,JordanManual,CCCAGG,0.0,0.0,0.0,,1508580000,2017-12-26 23:28:30.889609,0.0,0.0
518,0.0,CLINT,1,JordanManual,CCCAGG,0.0,0.0,0.0,,1508583600,2017-12-26 23:28:30.889609,0.0,0.0
519,0.0,CLINT,1,JordanManual,CCCAGG,0.0,0.0,0.0,,1508587200,2017-12-26 23:28:30.889609,0.0,0.0
520,0.008445,,1,JordanManual,CCCAGG,0.008445,0.008401,0.008401,CLINT,1508587200,2017-12-28 08:19:08.878898,0.0,0.0
521,0.0,CLINT,1,JordanManual,CCCAGG,0.0,0.0,0.0,,1508590800,2017-12-26 23:28:30.889609,0.0,0.0
522,0.0,CLINT,1,JordanManual,CCCAGG,0.0,0.0,0.0,,1508594400,2017-12-26 23:28:30.889609,0.0,0.0
523,0.0,CLINT,1,JordanManual,CCCAGG,0.0,0.0,0.0,,1508598000,2017-12-26 23:28:30.889609,0.0,0.0
524,0.008263,,1,JordanManual,CCCAGG,0.008482,0.008263,0.008482,CLINT,1508598000,2017-12-28 08:19:08.878898,0.0,0.0
525,0.0,CLINT,1,JordanManual,CCCAGG,0.0,0.0,0.0,,1508601600,2017-12-26 23:28:30.889609,0.0,0.0
526,0.0,CLINT,1,JordanManual,CCCAGG,0.0,0.0,0.0,,1508605200,2017-12-26 23:28:30.889609,0.0,0.0
527,0.0,CLINT,1,JordanManual,CCCAGG,0.0,0.0,0.0,,1508608800,2017-12-26 23:28:30.889609,0.0,0.0
528,0.008402,,1,JordanManual,CCCAGG,0.008402,0.008316,0.008354,CLINT,1508608800,2017-12-28 08:19:08.878898,0.0,0.0
529,0.0,CLINT,1,JordanManual,CCCAGG,0.0,0.0,0.0,,1508612400,2017-12-26 23:28:30.889609,0.0,0.0
530,0.0,CLINT,1,JordanManual,CCCAGG,0.0,0.0,0.0,,1508616000,2017-12-26 23:28:30.889609,0.0,0.0
531,0.008289,,1,JordanManual,CCCAGG,0.008388,0.008289,0.008344,CLINT,1508619600,2017-12-28 08:19:08.878898,0.0,0.0
532,0.0,CLINT,1,JordanManual,CCCAGG,0.0,0.0,0.0,,1508619600,2017-12-26 23:28:30.889609,0.0,0.0
533,0.0,CLINT,1,JordanManual,CCCAGG,0.0,0.0,0.0,,1508623200,2017-12-26 23:28:30.889609,0.0,0.0
534,0.0,CLINT,1,JordanManual,CCCAGG,0.0,0.0,0.0,,1508626800,2017-12-26 23:28:30.889609,0.0,0.0
535,0.0,CLINT,1,JordanManual,CCCAGG,0.0,0.0,0.0,,1508630400,2017-12-26 23:28:30.889609,0.0,0.0
536,0.008189,,1,JordanManual,CCCAGG,0.008365,0.008189,0.008365,CLINT,1508630400,2017-12-28 08:19:08.878898,0.0,0.0
537,0.0,CLINT,1,JordanManual,CCCAGG,0.0,0.0,0.0,,1508634000,2017-12-26 23:28:30.889609,0.0,0.0
538,0.0,CLINT,1,JordanManual,CCCAGG,0.0,0.0,0.0,,1508637600,2017-12-26 23:28:30.889609,0.0,0.0
539,0.008078,,1,JordanManual,CCCAGG,0.008204,0.008006,0.008204,CLINT,1508641200,2017-12-28 08:19:08.878898,100.0,0.8078
540,0.0,CLINT,1,JordanManual,CCCAGG,0.0,0.0,0.0,,1508641200,2017-12-26 23:28:30.889609,0.0,0.0
541,0.0,CLINT,1,JordanManual,CCCAGG,0.0,0.0,0.0,,1508644800,2017-12-26 23:28:30.889609,0.0,0.0
542,0.0,CLINT,1,JordanManual,CCCAGG,0.0,0.0,0.0,,1508648400,2017-12-26 23:28:30.889609,0.0,0.0
543,0.008169,,1,JordanManual,CCCAGG,0.008169,0.008103,0.008103,CLINT,1508652000,2017-12-28 08:19:08.878898,0.0,0.0
544,0.0,CLINT,1,JordanManual,CCCAGG,0.0,0.0,0.0,,1508652000,2017-12-26 23:28:30.889609,0.0,0.0
545,0.0,CLINT,1,JordanManual,CCCAGG,0.0,0.0,0.0,,1508655600,2017-12-26 23:28:30.889609,0.0,0.0
546,0.0,CLINT,1,JordanManual,CCCAGG,0.0,0.0,0.0,,1508659200,2017-12-26 23:28:30.889609,0.0,0.0
547,0.008024,,1,JordanManual,CCCAGG,0.008024,0.00797,0.007996,CLINT,1508662800,2017-12-28 08:19:08.878898,0.0,0.0
548,0.0,CLINT,1,JordanManual,CCCAGG,0.0,0.0,0.0,,1508662800,2017-12-26 23:28:30.889609,0.0,0.0
549,0.0,CLINT,1,JordanManual,CCCAGG,0.0,0.0,0.0,,1508666400,2017-12-26 23:28:30.889609,0.0,0.0
550,0.0,CLINT,1,JordanManual,CCCAGG,0.0,0.0,0.0,,1508670000,2017-12-26 23:28:30.889609,0.0,0.0
551,0.0,CLINT,1,JordanManual,CCCAGG,0.0,0.0,0.0,,1508673600,2017-12-26 23:28:30.889609,0.0,0.0
552,0.008245,,1,JordanManual,CCCAGG,0.008245,0.008074,0.008097,CLINT,1508673600,2017-12-28 08:19:08.878898,0.0,0.0
553,0.0,CLINT,1,JordanManual,CCCAGG,0.0,0.0,0.0,,1508677200,2017-12-26 23:28:30.889609,0.0,0.0
554,0.0,CLINT,1,JordanManual,CCCAGG,0.0,0.0,0.0,,1508680800,2017-12-26 23:28:30.889609,0.0,0.0
555,0.008243,,1,JordanManual,CCCAGG,0.008284,0.008218,0.008284,CLINT,1508684400,2017-12-28 08:19:08.878898,0.0,0.0
556,0.0,CLINT,1,JordanManual,CCCAGG,0.0,0.0,0.0,,1508684400,2017-12-26 23:28:30.889609,0.0,0.0
557,0.0,CLINT,1,JordanManual,CCCAGG,0.0,0.0,0.0,,1508688000,2017-12-26 23:28:30.889609,0.0,0.0
558,0.0,CLINT,1,JordanManual,CCCAGG,0.0,0.0,0.0,,1508691600,2017-12-26 23:28:30.889609,0.0,0.0
559,0.008076,,1,JordanManual,CCCAGG,0.008127,0.008076,0.008127,CLINT,1508695200,2017-12-28 08:19:08.878898,0.0,0.0
560,0.0,CLINT,1,JordanManual,CCCAGG,0.0,0.0,0.0,,1508695200,2017-12-26 23:28:30.889609,0.0,0.0
561,0.0,CLINT,1,JordanManual,CCCAGG,0.0,0.0,0.0,,1508698800,2017-12-26 23:28:30.889609,0.0,0.0
562,0.0,CLINT,1,JordanManual,CCCAGG,0.0,0.0,0.0,,1508702400,2017-12-26 23:28:30.889609,0.0,0.0
563,0.008256,,1,JordanManual,CCCAGG,0.008256,0.008133,0.008133,CLINT,1508706000,2017-12-28 08:19:08.878898,0.0,0.0
564,0.0,CLINT,1,JordanManual,CCCAGG,0.0,0.0,0.0,,1508706000,2017-12-26 23:28:30.889609,0.0,0.0
565,0.0,CLINT,1,JordanManual,CCCAGG,0.0,0.0,0.0,,1508709600,2017-12-26 23:28:30.889609,0.0,0.0
566,0.0,CLINT,1,JordanManual,CCCAGG,0.0,0.0,0.0,,1508713200,2017-12-26 23:28:30.889609,0.0,0.0
567,0.0,CLINT,1,JordanManual,CCCAGG,0.0,0.0,0.0,,1508716800,2017-12-26 23:28:30.889609,0.0,0.0
568,0.008244,,1,JordanManual,CCCAGG,0.008282,0.008232,0.008232,CLINT,1508716800,2017-12-28 08:19:08.878898,892.63,7.36
569,0.0,CLINT,1,JordanManual,CCCAGG,0.0,0.0,0.0,,1508720400,2017-12-26 23:28:30.889609,0.0,0.0
570,0.0,CLINT,1,JordanManual,CCCAGG,0.0,0.0,0.0,,1508724000,2017-12-26 23:28:30.889609,0.0,0.0
571,0.0,CLINT,1,JordanManual,CCCAGG,0.0,0.0,0.0,,1508727600,2017-12-26 23:28:30.889609,0.0,0.0
572,0.008205,,1,JordanManual,CCCAGG,0.00827,0.008205,0.008228,CLINT,1508727600,2017-12-28 08:19:08.878898,769.23,6.36
573,0.0,CLINT,1,JordanManual,CCCAGG,0.0,0.0,0.0,,1508731200,2017-12-26 23:28:30.889609,0.0,0.0
574,0.0,CLINT,1,JordanManual,CCCAGG,0.0,0.0,0.0,,1508734800,2017-12-26 23:28:30.889609,0.0,0.0
575,0.00802,,1,JordanManual,CCCAGG,0.00812,0.00802,0.008089,CLINT,1508738400,2017-12-28 08:19:08.878898,0.0,0.0
576,0.0,CLINT,1,JordanManual,CCCAGG,0.0,0.0,0.0,,1508738400,2017-12-26 23:28:30.889609,0.0,0.0
577,0.0,CLINT,1,JordanManual,CCCAGG,0.0,0.0,0.0,,1508742000,2017-12-26 23:28:30.889609,0.0,0.0
578,0.0,CLINT,1,JordanManual,CCCAGG,0.0,0.0,0.0,,1508745600,2017-12-26 23:28:30.889609,0.0,0.0
579,0.0,CLINT,1,JordanManual,CCCAGG,0.0,0.0,0.0,,1508749200,2017-12-26 23:28:30.889609,0.0,0.0
580,0.008122,,1,JordanManual,CCCAGG,0.008122,0.008059,0.008059,CLINT,1508749200,2017-12-28 08:19:08.878898,0.0,0.0
581,0.0,CLINT,1,JordanManual,CCCAGG,0.0,0.0,0.0,,1508752800,2017-12-26 23:28:30.889609,0.0,0.0
582,0.0,CLINT,1,JordanManual,CCCAGG,0.0,0.0,0.0,,1508756400,2017-12-26 23:28:30.889609,0.0,0.0
583,0.0,CLINT,1,JordanManual,CCCAGG,0.0,0.0,0.0,,1508760000,2017-12-26 23:28:30.889609,0.0,0.0
584,0.007862,,1,JordanManual,CCCAGG,0.007962,0.007862,0.007962,CLINT,1508760000,2017-12-28 08:19:08.878898,0.0,0.0
585,0.0,CLINT,1,JordanManual,CCCAGG,0.0,0.0,0.0,,1508763600,2017-12-26 23:28:30.889609,0.0,0.0
586,0.0,CLINT,1,JordanManual,CCCAGG,0.0,0.0,0.0,,1508767200,2017-12-26 23:28:30.889609,0.0,0.0
587,0.0,CLINT,1,JordanManual,CCCAGG,0.0,0.0,0.0,,1508770800,2017-12-26 23:28:30.889609,0.0,0.0
588,0.00807,,1,JordanManual,CCCAGG,0.00807,0.007976,0.007976,CLINT,1508770800,2017-12-28 08:19:08.878898,0.0,0.0
589,0.0,CLINT,1,JordanManual,CCCAGG,0.0,0.0,0.0,,1508774400,2017-12-26 23:28:30.889609,0.0,0.0
590,0.0,CLINT,1,JordanManual,CCCAGG,0.0,0.0,0.0,,1508778000,2017-12-26 23:28:30.889609,0.0,0.0
591,0.0,CLINT,1,JordanManual,CCCAGG,0.0,0.0,0.0,,1508781600,2017-12-26 23:28:30.889609,0.0,0.0
592,0.008168,,1,JordanManual,CCCAGG,0.008182,0.008022,0.008022,CLINT,1508781600,2017-12-28 08:19:08.878898,0.0,0.0
593,0.0,CLINT,1,JordanManual,CCCAGG,0.0,0.0,0.0,,1508785200,2017-12-26 23:28:30.889609,0.0,0.0
594,0.0,CLINT,1,JordanManual,CCCAGG,0.0,0.0,0.0,,1508788800,2017-12-26 23:28:30.889609,0.0,0.0
595,0.0,CLINT,1,JordanManual,CCCAGG,0.0,0.0,0.0,,1508792400,2017-12-26 23:28:30.889609,0.0,0.0
596,0.008147,,1,JordanManual,CCCAGG,0.008147,0.008102,0.008127,CLINT,1508792400,2017-12-28 08:19:08.878898,0.0,0.0
597,0.0,CLINT,1,JordanManual,CCCAGG,0.0,0.0,0.0,,1508796000,2017-12-26 23:28:30.889609,0.0,0.0
598,0.0,CLINT,1,JordanManual,CCCAGG,0.0,0.0,0.0,,1508799600,2017-12-26 23:28:30.889609,0.0,0.0
599,0.007745,,1,JordanManual,CCCAGG,0.007984,0.007745,0.007984,CLINT,1508803200,2017-12-28 08:19:08.878898,0.0,0.0
600,0.0,CLINT,1,JordanManual,CCCAGG,0.0,0.0,0.0,,1508803200,2017-12-26 23:28:30.889609,0.0,0.0
601,0.0,CLINT,1,JordanManual,CCCAGG,0.0,0.0,0.0,,1508806800,2017-12-26 23:28:30.889609,0.0,0.0
602,0.0,CLINT,1,JordanManual,CCCAGG,0.0,0.0,0.0,,1508810400,2017-12-26 23:28:30.889609,0.0,0.0
603,0.0,CLINT,1,JordanManual,CCCAGG,0.0,0.0,0.0,,1508814000,2017-12-26 23:28:30.889609,0.0,0.0
604,0.007892,,1,JordanManual,CCCAGG,0.007892,0.007758,0.007797,CLINT,1508814000,2017-12-28 08:19:08.878898,0.0,0.0
605,0.0,CLINT,1,JordanManual,CCCAGG,0.0,0.0,0.0,,1508817600,2017-12-26 23:28:30.889609,0.0,0.0
606,0.0,CLINT,1,JordanManual,CCCAGG,0.0,0.0,0.0,,1508821200,2017-12-26 23:28:30.889609,0.0,0.0
607,0.007865,,1,JordanManual,CCCAGG,0.00791,0.007865,0.007873,CLINT,1508824800,2017-12-28 08:19:08.878898,0.0,0.0
608,0.0,CLINT,1,JordanManual,CCCAGG,0.0,0.0,0.0,,1508824800,2017-12-26 23:28:30.889609,0.0,0.0
609,0.0,CLINT,1,JordanManual,CCCAGG,0.0,0.0,0.0,,1508828400,2017-12-26 23:28:30.889609,0.0,0.0
610,0.0,CLINT,1,JordanManual,CCCAGG,0.0,0.0,0.0,,1508832000,2017-12-26 23:28:30.889609,0.0,0.0
611,0.007881,,1,JordanManual,CCCAGG,0.007881,0.0078,0.0078,CLINT,1508835600,2017-12-28 08:19:08.878898,0.0,0.0
612,0.0,CLINT,1,JordanManual,CCCAGG,0.0,0.0,0.0,,1508835600,2017-12-26 23:28:30.889609,0.0,0.0
613,0.0,CLINT,1,JordanManual,CCCAGG,0.0,0.0,0.0,,1508839200,2017-12-26 23:28:30.889609,0.0,0.0
614,0.0,CLINT,1,JordanManual,CCCAGG,0.0,0.0,0.0,,1508842800,2017-12-26 23:28:30.889609,0.0,0.0
615,0.0,CLINT,1,JordanManual,CCCAGG,0.0,0.0,0.0,,1508846400,2017-12-26 23:28:30.889609,0.0,0.0
616,0.007778,,1,JordanManual,CCCAGG,0.007804,0.007769,0.007769,CLINT,1508846400,2017-12-28 08:19:08.878898,0.0,0.0
617,0.0,CLINT,1,JordanManual,CCCAGG,0.0,0.0,0.0,,1508850000,2017-12-26 23:28:30.889609,0.0,0.0
618,0.0,CLINT,1,JordanManual,CCCAGG,0.0,0.0,0.0,,1508853600,2017-12-26 23:28:30.889609,0.0,0.0
619,0.0,CLINT,1,JordanManual,CCCAGG,0.0,0.0,0.0,,1508857200,2017-12-26 23:28:30.889609,0.0,0.0
620,0.007868,,1,JordanManual,CCCAGG,0.007894,0.007776,0.007776,CLINT,1508857200,2017-12-28 08:19:08.878898,0.0,0.0
621,0.0,CLINT,1,JordanManual,CCCAGG,0.0,0.0,0.0,,1508860800,2017-12-26 23:28:30.889609,0.0,0.0
622,0.0,CLINT,1,JordanManual,CCCAGG,0.0,0.0,0.0,,1508864400,2017-12-26 23:28:30.889609,0.0,0.0
623,0.0,CLINT,1,JordanManual,CCCAGG,0.0,0.0,0.0,,1508868000,2017-12-26 23:28:30.889609,0.0,0.0
624,0.007706,,1,JordanManual,CCCAGG,0.007832,0.007706,0.007831,CLINT,1508868000,2017-12-28 08:19:08.878898,0.0,0.0
625,0.0,CLINT,1,JordanManual,CCCAGG,0.0,0.0,0.0,,1508871600,2017-12-26 23:28:30.889609,0.0,0.0
626,0.0,CLINT,1,JordanManual,CCCAGG,0.0,0.0,0.0,,1508875200,2017-12-26 23:28:30.889609,0.0,0.0
627,0.007608,,1,JordanManual,CCCAGG,0.007608,0.007552,0.007552,CLINT,1508878800,2017-12-28 08:19:08.878898,0.0,0.0
628,0.0,CLINT,1,JordanManual,CCCAGG,0.0,0.0,0.0,,1508878800,2017-12-26 23:28:30.889609,0.0,0.0
629,0.0,CLINT,1,JordanManual,CCCAGG,0.0,0.0,0.0,,1508882400,2017-12-26 23:28:30.889609,0.0,0.0
630,0.0,CLINT,1,JordanManual,CCCAGG,0.0,0.0,0.0,,1508886000,2017-12-26 23:28:30.889609,0.0,0.0
631,0.0,CLINT,1,JordanManual,CCCAGG,0.0,0.0,0.0,,1508889600,2017-12-26 23:28:30.889609,0.0,0.0
632,0.007427,,1,JordanManual,CCCAGG,0.007586,0.007427,0.007586,CLINT,1508889600,2017-12-28 08:19:08.878898,0.0,0.0
633,0.0,CLINT,1,JordanManual,CCCAGG,0.0,0.0,0.0,,1508893200,2017-12-26 23:28:30.889609,0.0,0.0
634,0.0,CLINT,1,JordanManual,CCCAGG,0.0,0.0,0.0,,1508896800,2017-12-26 23:28:30.889609,0.0,0.0
635,0.0,CLINT,1,JordanManual,CCCAGG,0.0,0.0,0.0,,1508900400,2017-12-26 23:28:30.889609,0.0,0.0
636,0.00758,,1,JordanManual,CCCAGG,0.007657,0.00758,0.007657,CLINT,1508900400,2017-12-28 08:19:08.878898,0.0,0.0
637,0.0,CLINT,1,JordanManual,CCCAGG,0.0,0.0,0.0,,1508904000,2017-12-26 23:28:30.889609,0.0,0.0
638,0.0,CLINT,1,JordanManual,CCCAGG,0.0,0.0,0.0,,1508907600,2017-12-26 23:28:30.889609,0.0,0.0
639,0.007737,,1,JordanManual,CCCAGG,0.007737,0.007615,0.007615,CLINT,1508911200,2017-12-28 08:19:08.878898,0.0,0.0
640,0.0,CLINT,1,JordanManual,CCCAGG,0.0,0.0,0.0,,1508911200,2017-12-26 23:28:30.889609,0.0,0.0
641,0.0,CLINT,1,JordanManual,CCCAGG,0.0,0.0,0.0,,1508914800,2017-12-26 23:28:30.889609,0.0,0.0
642,0.0,CLINT,1,JordanManual,CCCAGG,0.0,0.0,0.0,,1508918400,2017-12-26 23:28:30.889609,0.0,0.0
643,0.007619,,1,JordanManual,CCCAGG,0.007748,0.007619,0.007748,CLINT,1508922000,2017-12-28 08:19:08.878898,0.0,0.0
644,0.0,CLINT,1,JordanManual,CCCAGG,0.0,0.0,0.0,,1508922000,2017-12-26 23:28:30.889609,0.0,0.0
645,0.0,CLINT,1,JordanManual,CCCAGG,0.0,0.0,0.0,,1508925600,2017-12-26 23:28:30.889609,0.0,0.0
646,0.0,CLINT,1,JordanManual,CCCAGG,0.0,0.0,0.0,,1508929200,2017-12-26 23:28:30.889609,0.0,0.0
647,0.0,CLINT,1,JordanManual,CCCAGG,0.0,0.0,0.0,,1508932800,2017-12-26 23:28:30.889609,0.0,0.0
648,0.007565,,1,JordanManual,CCCAGG,0.007624,0.007565,0.007601,CLINT,1508932800,2017-12-28 08:19:08.878898,0.0,0.0
649,0.0,CLINT,1,JordanManual,CCCAGG,0.0,0.0,0.0,,1508936400,2017-12-26 23:28:30.889609,0.0,0.0
650,0.0,CLINT,1,JordanManual,CCCAGG,0.0,0.0,0.0,,1508940000,2017-12-26 23:28:30.889609,0.0,0.0
651,0.007611,,1,JordanManual,CCCAGG,0.007611,0.007552,0.007552,CLINT,1508943600,2017-12-28 08:19:08.878898,0.0,0.0
652,0.0,CLINT,1,JordanManual,CCCAGG,0.0,0.0,0.0,,1508943600,2017-12-26 23:28:30.889609,0.0,0.0
653,0.0,CLINT,1,JordanManual,CCCAGG,0.0,0.0,0.0,,1508947200,2017-12-26 23:28:30.889609,0.0,0.0
654,0.0,CLINT,1,JordanManual,CCCAGG,0.0,0.0,0.0,,1508950800,2017-12-26 23:28:30.889609,0.0,0.0
655,0.0,CLINT,1,JordanManual,CCCAGG,0.0,0.0,0.0,,1508954400,2017-12-26 23:28:30.889609,0.0,0.0
656,0.007809,,1,JordanManual,CCCAGG,0.007809,0.007658,0.007658,CLINT,1508954400,2017-12-28 08:19:08.878898,0.0,0.0
657,0.0,CLINT,1,JordanManual,CCCAGG,0.0,0.0,0.0,,1508958000,2017-12-26 23:28:30.889609,0.0,0.0
658,0.0,CLINT,1,JordanManual,CCCAGG,0.0,0.0,0.0,,1508961600,2017-12-26 23:28:30.889609,0.0,0.0
659,0.007913,,1,JordanManual,CCCAGG,0.007913,0.007824,0.007824,CLINT,1508965200,2017-12-28 08:19:08.878898,0.0,0.0
660,0.0,CLINT,1,JordanManual,CCCAGG,0.0,0.0,0.0,,1508965200,2017-12-26 23:28:30.889609,0.0,0.0
661,0.0,CLINT,1,JordanManual,CCCAGG,0.0,0.0,0.0,,1508968800,2017-12-26 23:28:30.889609,0.0,0.0
662,0.0,CLINT,1,JordanManual,CCCAGG,0.0,0.0,0.0,,1508972400,2017-12-26 23:28:30.889609,0.0,0.0
663,0.007918,,1,JordanManual,CCCAGG,0.007918,0.007854,0.007904,CLINT,1508976000,2017-12-28 08:19:08.878898,700.0,5.54
664,0.0,CLINT,1,JordanManual,CCCAGG,0.0,0.0,0.0,,1508976000,2017-12-26 23:28:30.889609,0.0,0.0
665,0.0,CLINT,1,JordanManual,CCCAGG,0.0,0.0,0.0,,1508979600,2017-12-26 23:28:30.889609,0.0,0.0
666,0.0,CLINT,1,JordanManual,CCCAGG,0.0,0.0,0.0,,1508983200,2017-12-26 23:28:30.889609,0.0,0.0
667,0.007897,,1,JordanManual,CCCAGG,0.007964,0.007897,0.007964,CLINT,1508986800,2017-12-28 08:19:08.878898,0.0,0.0
668,0.0,CLINT,1,JordanManual,CCCAGG,0.0,0.0,0.0,,1508986800,2017-12-26 23:28:30.889609,0.0,0.0
669,0.0,CLINT,1,JordanManual,CCCAGG,0.0,0.0,0.0,,1508990400,2017-12-26 23:28:30.889609,0.0,0.0
670,0.0,CLINT,1,JordanManual,CCCAGG,0.0,0.0,0.0,,1508994000,2017-12-26 23:28:30.889609,0.0,0.0
671,0.0,CLINT,1,JordanManual,CCCAGG,0.0,0.0,0.0,,1508997600,2017-12-26 23:28:30.889609,0.0,0.0
672,0.007889,,1,JordanManual,CCCAGG,0.007918,0.007889,0.007915,CLINT,1508997600,2017-12-28 08:19:08.878898,0.0,0.0
673,0.0,CLINT,1,JordanManual,CCCAGG,0.0,0.0,0.0,,1509001200,2017-12-26 23:28:30.889609,0.0,0.0
674,0.0,CLINT,1,JordanManual,CCCAGG,0.0,0.0,0.0,,1509004800,2017-12-26 23:28:30.889609,0.0,0.0
675,0.008087,,1,JordanManual,CCCAGG,0.008087,0.007922,0.007922,CLINT,1509008400,2017-12-28 08:19:08.878898,0.0,0.0
676,0.0,CLINT,1,JordanManual,CCCAGG,0.0,0.0,0.0,,1509008400,2017-12-26 23:28:30.889609,0.0,0.0
677,0.0,CLINT,1,JordanManual,CCCAGG,0.0,0.0,0.0,,1509012000,2017-12-26 23:28:30.889609,0.0,0.0
678,0.0,CLINT,1,JordanManual,CCCAGG,0.0,0.0,0.0,,1509015600,2017-12-26 23:28:30.889609,0.0,0.0
679,0.008178,,1,JordanManual,CCCAGG,0.008189,0.008132,0.008189,CLINT,1509019200,2017-12-28 08:19:08.878898,0.0,0.0
680,0.0,CLINT,1,JordanManual,CCCAGG,0.0,0.0,0.0,,1509019200,2017-12-26 23:28:30.889609,0.0,0.0
681,0.0,CLINT,1,JordanManual,CCCAGG,0.0,0.0,0.0,,1509022800,2017-12-26 23:28:30.889609,0.0,0.0
682,0.0,CLINT,1,JordanManual,CCCAGG,0.0,0.0,0.0,,1509026400,2017-12-26 23:28:30.889609,0.0,0.0
683,0.008214,,1,JordanManual,CCCAGG,0.008214,0.008187,0.008192,CLINT,1509030000,2017-12-28 08:19:08.878898,0.0,0.0
684,0.0,CLINT,1,JordanManual,CCCAGG,0.0,0.0,0.0,,1509030000,2017-12-26 23:28:30.889609,0.0,0.0
685,0.0,CLINT,1,JordanManual,CCCAGG,0.0,0.0,0.0,,1509033600,2017-12-26 23:28:30.889609,0.0,0.0
686,0.0,CLINT,1,JordanManual,CCCAGG,0.0,0.0,0.0,,1509037200,2017-12-26 23:28:30.889609,0.0,0.0
687,0.0,CLINT,1,JordanManual,CCCAGG,0.0,0.0,0.0,,1509040800,2017-12-26 23:28:30.889609,0.0,0.0
688,0.008062,,1,JordanManual,CCCAGG,0.008126,0.008062,0.008101,CLINT,1509040800,2017-12-28 08:19:08.878898,0.0,0.0
689,0.0,CLINT,1,JordanManual,CCCAGG,0.0,0.0,0.0,,1509044400,2017-12-26 23:28:30.889609,0.0,0.0
690,0.0,CLINT,1,JordanManual,CCCAGG,0.0,0.0,0.0,,1509048000,2017-12-26 23:28:30.889609,0.0,0.0
691,0.0,CLINT,1,JordanManual,CCCAGG,0.0,0.0,0.0,,1509051600,2017-12-26 23:28:30.889609,0.0,0.0
692,0.008125,,1,JordanManual,CCCAGG,0.008125,0.008038,0.008038,CLINT,1509051600,2017-12-28 08:19:08.878898,0.0,0.0
693,0.0,CLINT,1,JordanManual,CCCAGG,0.0,0.0,0.0,,1509055200,2017-12-26 23:28:30.889609,0.0,0.0
694,0.0,CLINT,1,JordanManual,CCCAGG,0.0,0.0,0.0,,1509058800,2017-12-26 23:28:30.889609,0.0,0.0
695,0.008183,,1,JordanManual,CCCAGG,0.008276,0.008183,0.008276,CLINT,1509062400,2017-12-28 08:19:08.878898,0.0,0.0
696,0.0,CLINT,1,JordanManual,CCCAGG,0.0,0.0,0.0,,1509062400,2017-12-26 23:28:30.889609,0.0,0.0
697,0.0,CLINT,1,JordanManual,CCCAGG,0.0,0.0,0.0,,1509066000,2017-12-26 23:28:30.889609,0.0,0.0
698,0.0,CLINT,1,JordanManual,CCCAGG,0.0,0.0,0.0,,1509069600,2017-12-26 23:28:30.889609,0.0,0.0
699,0.0,CLINT,1,JordanManual,CCCAGG,0.0,0.0,0.0,,1509073200,2017-12-26 23:28:30.889609,0.0,0.0
700,0.008042,,1,JordanManual,CCCAGG,0.008176,0.008042,0.008176,CLINT,1509073200,2017-12-28 08:19:08.878898,0.0,0.0
701,0.0,CLINT,1,JordanManual,CCCAGG,0.0,0.0,0.0,,1509076800,2017-12-26 23:28:30.889609,0.0,0.0
702,0.0,CLINT,1,JordanManual,CCCAGG,0.0,0.0,0.0,,1509080400,2017-12-26 23:28:30.889609,0.0,0.0
703,0.008115,,1,JordanManual,CCCAGG,0.008119,0.008059,0.008059,CLINT,1509084000,2017-12-28 08:19:08.878898,0.0,0.0
704,0.0,CLINT,1,JordanManual,CCCAGG,0.0,0.0,0.0,,1509084000,2017-12-26 23:28:30.889609,0.0,0.0
705,0.0,CLINT,1,JordanManual,CCCAGG,0.0,0.0,0.0,,1509087600,2017-12-26 23:28:30.889609,0.0,0.0
706,0.0,CLINT,1,JordanManual,CCCAGG,0.0,0.0,0.0,,1509091200,2017-12-26 23:28:30.889609,0.0,0.0
707,0.0,CLINT,1,JordanManual,CCCAGG,0.0,0.0,0.0,,1509094800,2017-12-26 23:28:30.889609,0.0,0.0
708,0.00805,,1,JordanManual,CCCAGG,0.00814,0.008042,0.00814,CLINT,1509094800,2017-12-28 08:19:08.878898,0.0,0.0
709,0.0,CLINT,1,JordanManual,CCCAGG,0.0,0.0,0.0,,1509098400,2017-12-26 23:28:30.889609,0.0,0.0
710,0.0,CLINT,1,JordanManual,CCCAGG,0.0,0.0,0.0,,1509102000,2017-12-26 23:28:30.889609,0.0,0.0
711,0.007938,,1,JordanManual,CCCAGG,0.007982,0.007929,0.007982,CLINT,1509105600,2017-12-28 08:19:08.878898,0.0,0.0
712,0.0,CLINT,1,JordanManual,CCCAGG,0.0,0.0,0.0,,1509105600,2017-12-26 23:28:30.889609,0.0,0.0
713,0.0,CLINT,1,JordanManual,CCCAGG,0.0,0.0,0.0,,1509109200,2017-12-26 23:28:30.889609,0.0,0.0
714,0.0,CLINT,1,JordanManual,CCCAGG,0.0,0.0,0.0,,1509112800,2017-12-26 23:28:30.889609,0.0,0.0
715,0.007903,,1,JordanManual,CCCAGG,0.007959,0.007903,0.007939,CLINT,1509116400,2017-12-28 08:19:08.878898,0.0,0.0
716,0.0,CLINT,1,JordanManual,CCCAGG,0.0,0.0,0.0,,1509116400,2017-12-26 23:28:30.889609,0.0,0.0
717,0.0,CLINT,1,JordanManual,CCCAGG,0.0,0.0,0.0,,1509120000,2017-12-26 23:28:30.889609,0.0,0.0
718,0.0,CLINT,1,JordanManual,CCCAGG,0.0,0.0,0.0,,1509123600,2017-12-26 23:28:30.889609,0.0,0.0
719,0.007933,,1,JordanManual,CCCAGG,0.007933,0.007895,0.007895,CLINT,1509127200,2017-12-28 08:19:08.878898,0.0,0.0
720,0.0,CLINT,1,JordanManual,CCCAGG,0.0,0.0,0.0,,1509127200,2017-12-26 23:28:30.889609,0.0,0.0
721,0.0,CLINT,1,JordanManual,CCCAGG,0.0,0.0,0.0,,1509130800,2017-12-26 23:28:30.889609,0.0,0.0
722,0.0,CLINT,1,JordanManual,CCCAGG,0.0,0.0,0.0,,1509134400,2017-12-26 23:28:30.889609,0.0,0.0
723,0.0,CLINT,1,JordanManual,CCCAGG,0.0,0.0,0.0,,1509138000,2017-12-26 23:28:30.889609,0.0,0.0
724,0.007955,,1,JordanManual,CCCAGG,0.007975,0.007932,0.007932,CLINT,1509138000,2017-12-28 08:19:08.878898,0.0,0.0
725,0.0,CLINT,1,JordanManual,CCCAGG,0.0,0.0,0.0,,1509141600,2017-12-26 23:28:30.889609,0.0,0.0
726,0.0,CLINT,1,JordanManual,CCCAGG,0.0,0.0,0.0,,1509145200,2017-12-26 23:28:30.889609,0.0,0.0
727,0.007942,,1,JordanManual,CCCAGG,0.00806,0.007942,0.00806,CLINT,1509148800,2017-12-28 08:19:08.878898,0.0,0.0
728,0.0,CLINT,1,JordanManual,CCCAGG,0.0,0.0,0.0,,1509148800,2017-12-26 23:28:30.889609,0.0,0.0
729,0.0,CLINT,1,JordanManual,CCCAGG,0.0,0.0,0.0,,1509152400,2017-12-26 23:28:30.889609,0.0,0.0
730,0.0,CLINT,1,JordanManual,CCCAGG,0.0,0.0,0.0,,1509156000,2017-12-26 23:28:30.889609,0.0,0.0
731,0.007983,,1,JordanManual,CCCAGG,0.007983,0.007905,0.007905,CLINT,1509159600,2017-12-28 08:19:08.878898,0.0,0.0
732,0.0,CLINT,1,JordanManual,CCCAGG,0.0,0.0,0.0,,1509159600,2017-12-26 23:28:30.889609,0.0,0.0
733,0.0,CLINT,1,JordanManual,CCCAGG,0.0,0.0,0.0,,1509163200,2017-12-26 23:28:30.889609,0.0,0.0
734,0.0,CLINT,1,JordanManual,CCCAGG,0.0,0.0,0.0,,1509166800,2017-12-26 23:28:30.889609,0.0,0.0
735,0.007961,,1,JordanManual,CCCAGG,0.007989,0.007961,0.007989,CLINT,1509170400,2017-12-28 08:19:08.878898,0.0,0.0
736,0.0,CLINT,1,JordanManual,CCCAGG,0.0,0.0,0.0,,1509170400,2017-12-26 23:28:30.889609,0.0,0.0
737,0.0,CLINT,1,JordanManual,CCCAGG,0.0,0.0,0.0,,1509174000,2017-12-26 23:28:30.889609,0.0,0.0
738,0.0,CLINT,1,JordanManual,CCCAGG,0.0,0.0,0.0,,1509177600,2017-12-26 23:28:30.889609,0.0,0.0
739,0.0,CLINT,1,JordanManual,CCCAGG,0.0,0.0,0.0,,1509181200,2017-12-26 23:28:30.889609,0.0,0.0
740,0.007849,,1,JordanManual,CCCAGG,0.007918,0.007849,0.007918,CLINT,1509181200,2017-12-28 08:19:08.878898,0.0,0.0
741,0.0,CLINT,1,JordanManual,CCCAGG,0.0,0.0,0.0,,1509184800,2017-12-26 23:28:30.889609,0.0,0.0
742,0.0,CLINT,1,JordanManual,CCCAGG,0.0,0.0,0.0,,1509188400,2017-12-26 23:28:30.889609,0.0,0.0
743,0.0,CLINT,1,JordanManual,CCCAGG,0.0,0.0,0.0,,1509192000,2017-12-26 23:28:30.889609,0.0,0.0
744,0.007853,,1,JordanManual,CCCAGG,0.007896,0.007853,0.007861,CLINT,1509192000,2017-12-28 08:19:08.878898,0.0,0.0
745,0.0,CLINT,1,JordanManual,CCCAGG,0.0,0.0,0.0,,1509195600,2017-12-26 23:28:30.889609,0.0,0.0
746,0.0,CLINT,1,JordanManual,CCCAGG,0.0,0.0,0.0,,1509199200,2017-12-26 23:28:30.889609,0.0,0.0
747,0.0,CLINT,1,JordanManual,CCCAGG,0.0,0.0,0.0,,1509202800,2017-12-26 23:28:30.889609,0.0,0.0
748,0.007898,,1,JordanManual,CCCAGG,0.007898,0.007856,0.007856,CLINT,1509202800,2017-12-28 08:19:08.878898,0.0,0.0
749,0.0,CLINT,1,JordanManual,CCCAGG,0.0,0.0,0.0,,1509206400,2017-12-26 23:28:30.889609,0.0,0.0
750,0.0,CLINT,1,JordanManual,CCCAGG,0.0,0.0,0.0,,1509210000,2017-12-26 23:28:30.889609,0.0,0.0
751,0.007908,,1,JordanManual,CCCAGG,0.007974,0.007908,0.007921,CLINT,1509213600,2017-12-28 08:19:08.878898,0.0,0.0
752,0.0,CLINT,1,JordanManual,CCCAGG,0.0,0.0,0.0,,1509213600,2017-12-26 23:28:30.889609,0.0,0.0
753,0.0,CLINT,1,JordanManual,CCCAGG,0.0,0.0,0.0,,1509217200,2017-12-26 23:28:30.889609,0.0,0.0
754,0.0,CLINT,1,JordanManual,CCCAGG,0.0,0.0,0.0,,1509220800,2017-12-26 23:28:30.889609,0.0,0.0
755,0.0,CLINT,1,JordanManual,CCCAGG,0.0,0.0,0.0,,1509224400,2017-12-26 23:28:30.889609,0.0,0.0
756,0.007903,,1,JordanManual,CCCAGG,0.007934,0.007903,0.007905,CLINT,1509224400,2017-12-28 08:19:08.878898,0.0,0.0
757,0.0,CLINT,1,JordanManual,CCCAGG,0.0,0.0,0.0,,1509228000,2017-12-26 23:28:30.889609,0.0,0.0
758,0.0,CLINT,1,JordanManual,CCCAGG,0.0,0.0,0.0,,1509231600,2017-12-26 23:28:30.889609,0.0,0.0
759,0.0,CLINT,1,JordanManual,CCCAGG,0.0,0.0,0.0,,1509235200,2017-12-26 23:28:30.889609,0.0,0.0
760,0.00787,,1,JordanManual,CCCAGG,0.007877,0.007862,0.007877,CLINT,1509235200,2017-12-28 08:19:08.878898,0.0,0.0
761,0.0,CLINT,1,JordanManual,CCCAGG,0.0,0.0,0.0,,1509238800,2017-12-26 23:28:30.889609,0.0,0.0
762,0.0,CLINT,1,JordanManual,CCCAGG,0.0,0.0,0.0,,1509242400,2017-12-26 23:28:30.889609,0.0,0.0
763,0.0,CLINT,1,JordanManual,CCCAGG,0.0,0.0,0.0,,1509246000,2017-12-26 23:28:30.889609,0.0,0.0
764,0.007953,,1,JordanManual,CCCAGG,0.007953,0.007905,0.007905,CLINT,1509246000,2017-12-28 08:19:08.878898,0.0,0.0
765,0.0,CLINT,1,JordanManual,CCCAGG,0.0,0.0,0.0,,1509249600,2017-12-26 23:28:30.889609,0.0,0.0
766,0.0,CLINT,1,JordanManual,CCCAGG,0.0,0.0,0.0,,1509253200,2017-12-26 23:28:30.889609,0.0,0.0
767,0.00801,,1,JordanManual,CCCAGG,0.008011,0.007969,0.007969,CLINT,1509256800,2017-12-28 08:19:08.878898,0.0,0.0
768,0.0,CLINT,1,JordanManual,CCCAGG,0.0,0.0,0.0,,1509256800,2017-12-26 23:28:30.889609,0.0,0.0
769,0.0,CLINT,1,JordanManual,CCCAGG,0.0,0.0,0.0,,1509260400,2017-12-26 23:28:30.889609,0.0,0.0
770,0.0,CLINT,1,JordanManual,CCCAGG,0.0,0.0,0.0,,1509264000,2017-12-26 23:28:30.889609,0.0,0.0
771,0.0,CLINT,1,JordanManual,CCCAGG,0.0,0.0,0.0,,1509267600,2017-12-26 23:28:30.889609,0.0,0.0
772,0.008761,,1,JordanManual,CCCAGG,0.008761,0.007968,0.007968,CLINT,1509267600,2017-12-28 08:19:08.878898,143.6,1.26
773,0.0,CLINT,1,JordanManual,CCCAGG,0.0,0.0,0.0,,1509271200,2017-12-26 23:28:30.889609,0.0,0.0
774,0.0,CLINT,1,JordanManual,CCCAGG,0.0,0.0,0.0,,1509274800,2017-12-26 23:28:30.889609,0.0,0.0
775,0.008759,,1,JordanManual,CCCAGG,0.008759,0.008728,0.008728,CLINT,1509278400,2017-12-28 08:19:08.878898,0.0,0.0
776,0.0,CLINT,1,JordanManual,CCCAGG,0.0,0.0,0.0,,1509278400,2017-12-26 23:28:30.889609,0.0,0.0
777,0.0,CLINT,1,JordanManual,CCCAGG,0.0,0.0,0.0,,1509282000,2017-12-26 23:28:30.889609,0.0,0.0
778,0.0,CLINT,1,JordanManual,CCCAGG,0.0,0.0,0.0,,1509285600,2017-12-26 23:28:30.889609,0.0,0.0
779,0.008985,,1,JordanManual,CCCAGG,0.009028,0.008985,0.009028,CLINT,1509289200,2017-12-28 08:19:08.878898,0.0,0.0
780,0.0,CLINT,1,JordanManual,CCCAGG,0.0,0.0,0.0,,1509289200,2017-12-26 23:28:30.889609,0.0,0.0
781,0.0,CLINT,1,JordanManual,CCCAGG,0.0,0.0,0.0,,1509292800,2017-12-26 23:28:30.889609,0.0,0.0
782,0.0,CLINT,1,JordanManual,CCCAGG,0.0,0.0,0.0,,1509296400,2017-12-26 23:28:30.889609,0.0,0.0
783,0.0,CLINT,1,JordanManual,CCCAGG,0.0,0.0,0.0,,1509300000,2017-12-26 23:28:30.889609,0.0,0.0
784,0.009353,,1,JordanManual,CCCAGG,0.009353,0.009017,0.009017,CLINT,1509300000,2017-12-28 08:19:08.878898,0.0,0.0
785,0.0,CLINT,1,JordanManual,CCCAGG,0.0,0.0,0.0,,1509303600,2017-12-26 23:28:30.889609,0.0,0.0
786,0.0,CLINT,1,JordanManual,CCCAGG,0.0,0.0,0.0,,1509307200,2017-12-26 23:28:30.889609,0.0,0.0
787,0.0,CLINT,1,JordanManual,CCCAGG,0.0,0.0,0.0,,1509310800,2017-12-26 23:28:30.889609,0.0,0.0
788,0.009283,,1,JordanManual,CCCAGG,0.009354,0.009283,0.009354,CLINT,1509310800,2017-12-28 08:19:08.878898,0.0,0.0
789,0.0,CLINT,1,JordanManual,CCCAGG,0.0,0.0,0.0,,1509314400,2017-12-26 23:28:30.889609,0.0,0.0
790,0.0,CLINT,1,JordanManual,CCCAGG,0.0,0.0,0.0,,1509318000,2017-12-26 23:28:30.889609,0.0,0.0
791,0.009246,,1,JordanManual,CCCAGG,0.009275,0.009246,0.009252,CLINT,1509321600,2017-12-28 08:19:08.878898,0.0,0.0
792,0.0,CLINT,1,JordanManual,CCCAGG,0.0,0.0,0.0,,1509321600,2017-12-26 23:28:30.889609,0.0,0.0
793,0.0,CLINT,1,JordanManual,CCCAGG,0.0,0.0,0.0,,1509325200,2017-12-26 23:28:30.889609,0.0,0.0
794,0.0,CLINT,1,JordanManual,CCCAGG,0.0,0.0,0.0,,1509328800,2017-12-26 23:28:30.889609,0.0,0.0
795,0.00925,,1,JordanManual,CCCAGG,0.0093,0.00925,0.009299,CLINT,1509332400,2017-12-28 08:19:08.878898,0.0,0.0
796,0.0,CLINT,1,JordanManual,CCCAGG,0.0,0.0,0.0,,1509332400,2017-12-26 23:28:30.889609,0.0,0.0
797,0.0,CLINT,1,JordanManual,CCCAGG,0.0,0.0,0.0,,1509336000,2017-12-26 23:28:30.889609,0.0,0.0
798,0.0,CLINT,1,JordanManual,CCCAGG,0.0,0.0,0.0,,1509339600,2017-12-26 23:28:30.889609,0.0,0.0
799,0.009275,,1,JordanManual,CCCAGG,0.009278,0.009269,0.009269,CLINT,1509343200,2017-12-28 08:19:08.878898,0.0,0.0
800,0.0,CLINT,1,JordanManual,CCCAGG,0.0,0.0,0.0,,1509343200,2017-12-26 23:28:30.889609,0.0,0.0
801,0.0,CLINT,1,JordanManual,CCCAGG,0.0,0.0,0.0,,1509346800,2017-12-26 23:28:30.889609,0.0,0.0
802,0.0,CLINT,1,JordanManual,CCCAGG,0.0,0.0,0.0,,1509350400,2017-12-26 23:28:30.889609,0.0,0.0
803,0.009312,,1,JordanManual,CCCAGG,0.009365,0.009312,0.009312,CLINT,1509354000,2017-12-28 08:19:08.878898,0.0,0.0
804,0.0,CLINT,1,JordanManual,CCCAGG,0.0,0.0,0.0,,1509354000,2017-12-26 23:28:30.889609,0.0,0.0
805,0.0,CLINT,1,JordanManual,CCCAGG,0.0,0.0,0.0,,1509357600,2017-12-26 23:28:30.889609,0.0,0.0
806,0.0,CLINT,1,JordanManual,CCCAGG,0.0,0.0,0.0,,1509361200,2017-12-26 23:28:30.889609,0.0,0.0
807,0.009175,,1,JordanManual,CCCAGG,0.009286,0.009175,0.00928,CLINT,1509364800,2017-12-28 08:19:08.878898,0.0,0.0
808,0.0,CLINT,1,JordanManual,CCCAGG,0.0,0.0,0.0,,1509364800,2017-12-26 23:28:30.889609,0.0,0.0
809,0.0,CLINT,1,JordanManual,CCCAGG,0.0,0.0,0.0,,1509368400,2017-12-26 23:28:30.889609,0.0,0.0
810,0.0,CLINT,1,JordanManual,CCCAGG,0.0,0.0,0.0,,1509372000,2017-12-26 23:28:30.889609,0.0,0.0
811,0.009205,,1,JordanManual,CCCAGG,0.009205,0.009173,0.009184,CLINT,1509375600,2017-12-28 08:19:08.878898,0.0,0.0
812,0.0,CLINT,1,JordanManual,CCCAGG,0.0,0.0,0.0,,1509375600,2017-12-26 23:28:30.889609,0.0,0.0
813,0.0,CLINT,1,JordanManual,CCCAGG,0.0,0.0,0.0,,1509379200,2017-12-26 23:28:30.889609,0.0,0.0
814,0.0,CLINT,1,JordanManual,CCCAGG,0.0,0.0,0.0,,1509382800,2017-12-26 23:28:30.889609,0.0,0.0
815,0.009216,,1,JordanManual,CCCAGG,0.009233,0.009179,0.009233,CLINT,1509386400,2017-12-28 08:19:08.878898,0.0,0.0
816,0.0,CLINT,1,JordanManual,CCCAGG,0.0,0.0,0.0,,1509386400,2017-12-26 23:28:30.889609,0.0,0.0
817,0.0,CLINT,1,JordanManual,CCCAGG,0.0,0.0,0.0,,1509390000,2017-12-26 23:28:30.889609,0.0,0.0
818,0.0,CLINT,1,JordanManual,CCCAGG,0.0,0.0,0.0,,1509393600,2017-12-26 23:28:30.889609,0.0,0.0
819,0.0,CLINT,1,JordanManual,CCCAGG,0.0,0.0,0.0,,1509397200,2017-12-26 23:28:30.889609,0.0,0.0
820,0.009248,,1,JordanManual,CCCAGG,0.009248,0.009194,0.009194,CLINT,1509397200,2017-12-28 08:19:08.878898,0.0,0.0
821,0.0,CLINT,1,JordanManual,CCCAGG,0.0,0.0,0.0,,1509400800,2017-12-26 23:28:30.889609,0.0,0.0
822,0.0,CLINT,1,JordanManual,CCCAGG,0.0,0.0,0.0,,1509404400,2017-12-26 23:28:30.889609,0.0,0.0
823,0.009254,,1,JordanManual,CCCAGG,0.009273,0.009254,0.009267,CLINT,1509408000,2017-12-28 08:19:08.878898,0.0,0.0
824,0.0,CLINT,1,JordanManual,CCCAGG,0.0,0.0,0.0,,1509408000,2017-12-26 23:28:30.889609,0.0,0.0
825,0.0,CLINT,1,JordanManual,CCCAGG,0.0,0.0,0.0,,1509411600,2017-12-26 23:28:30.889609,0.0,0.0
826,0.0,CLINT,1,JordanManual,CCCAGG,0.0,0.0,0.0,,1509415200,2017-12-26 23:28:30.889609,0.0,0.0
827,0.0,CLINT,1,JordanManual,CCCAGG,0.0,0.0,0.0,,1509418800,2017-12-26 23:28:30.889609,0.0,0.0
828,0.009304,,1,JordanManual,CCCAGG,0.009304,0.00926,0.00926,CLINT,1509418800,2017-12-28 08:19:08.878898,0.0,0.0
829,0.0,CLINT,1,JordanManual,CCCAGG,0.0,0.0,0.0,,1509422400,2017-12-26 23:28:30.889609,0.0,0.0
830,0.0,CLINT,1,JordanManual,CCCAGG,0.0,0.0,0.0,,1509426000,2017-12-26 23:28:30.889609,0.0,0.0
831,0.009255,,1,JordanManual,CCCAGG,0.009255,0.009211,0.009228,CLINT,1509429600,2017-12-28 08:19:08.878898,0.0,0.0
832,0.0,CLINT,1,JordanManual,CCCAGG,0.0,0.0,0.0,,1509429600,2017-12-26 23:28:30.889609,0.0,0.0
833,0.0,CLINT,1,JordanManual,CCCAGG,0.0,0.0,0.0,,1509433200,2017-12-26 23:28:30.889609,0.0,0.0
834,0.0,CLINT,1,JordanManual,CCCAGG,0.0,0.0,0.0,,1509436800,2017-12-26 23:28:30.889609,0.0,0.0
835,0.0,CLINT,1,JordanManual,CCCAGG,0.0,0.0,0.0,,1509440400,2017-12-26 23:28:30.889609,0.0,0.0
836,0.009411,,1,JordanManual,CCCAGG,0.009411,0.00932,0.00932,CLINT,1509440400,2017-12-28 08:19:08.878898,0.0,0.0
837,0.0,CLINT,1,JordanManual,CCCAGG,0.0,0.0,0.0,,1509444000,2017-12-26 23:28:30.889609,0.0,0.0
838,0.0,CLINT,1,JordanManual,CCCAGG,0.0,0.0,0.0,,1509447600,2017-12-26 23:28:30.889609,0.0,0.0
839,0.009611,,1,JordanManual,CCCAGG,0.009611,0.00936,0.00936,CLINT,1509451200,2017-12-28 08:19:08.878898,0.0,0.0
840,0.0,CLINT,1,JordanManual,CCCAGG,0.0,0.0,0.0,,1509451200,2017-12-26 23:28:30.889609,0.0,0.0
841,0.0,CLINT,1,JordanManual,CCCAGG,0.0,0.0,0.0,,1509454800,2017-12-26 23:28:30.889609,0.0,0.0
842,0.0,CLINT,1,JordanManual,CCCAGG,0.0,0.0,0.0,,1509458400,2017-12-26 23:28:30.889609,0.0,0.0
843,0.0,CLINT,1,JordanManual,CCCAGG,0.0,0.0,0.0,,1509462000,2017-12-26 23:28:30.889609,0.0,0.0
844,0.009605,,1,JordanManual,CCCAGG,0.00961,0.009605,0.00961,CLINT,1509462000,2017-12-28 08:19:08.878898,0.0,0.0
845,0.0,CLINT,1,JordanManual,CCCAGG,0.0,0.0,0.0,,1509465600,2017-12-26 23:28:30.889609,0.0,0.0
846,0.0,CLINT,1,JordanManual,CCCAGG,0.0,0.0,0.0,,1509469200,2017-12-26 23:28:30.889609,0.0,0.0
847,0.0,CLINT,1,JordanManual,CCCAGG,0.0,0.0,0.0,,1509472800,2017-12-26 23:28:30.889609,0.0,0.0
848,0.009616,,1,JordanManual,CCCAGG,0.009616,0.009565,0.009565,CLINT,1509472800,2017-12-28 08:19:08.878898,0.0,0.0
849,0.0,CLINT,1,JordanManual,CCCAGG,0.0,0.0,0.0,,1509476400,2017-12-26 23:28:30.889609,0.0,0.0
850,0.0,CLINT,1,JordanManual,CCCAGG,0.0,0.0,0.0,,1509480000,2017-12-26 23:28:30.889609,0.0,0.0
851,0.008903,,1,JordanManual,CCCAGG,0.009741,0.008903,0.009658,CLINT,1509483600,2017-12-28 08:19:08.878898,9955.78,88.64
852,0.0,CLINT,1,JordanManual,CCCAGG,0.0,0.0,0.0,,1509483600,2017-12-26 23:28:30.889609,0.0,0.0
853,0.0,CLINT,1,JordanManual,CCCAGG,0.0,0.0,0.0,,1509487200,2017-12-26 23:28:30.889609,0.0,0.0
854,0.0,CLINT,1,JordanManual,CCCAGG,0.0,0.0,0.0,,1509490800,2017-12-26 23:28:30.889609,0.0,0.0
855,0.0,CLINT,1,JordanManual,CCCAGG,0.0,0.0,0.0,,1509494400,2017-12-26 23:28:30.889609,0.0,0.0
856,0.008864,,1,JordanManual,CCCAGG,0.008864,0.008802,0.008802,CLINT,1509494400,2017-12-28 08:19:08.878898,0.0,0.0
857,0.0,CLINT,1,JordanManual,CCCAGG,0.0,0.0,0.0,,1509498000,2017-12-26 23:28:30.889609,0.0,0.0
858,0.0,CLINT,1,JordanManual,CCCAGG,0.0,0.0,0.0,,1509501600,2017-12-26 23:28:30.889609,0.0,0.0
859,0.0,CLINT,1,JordanManual,CCCAGG,0.0,0.0,0.0,,1509505200,2017-12-26 23:28:30.889609,0.0,0.0
860,0.008834,,1,JordanManual,CCCAGG,0.008864,0.008787,0.008864,CLINT,1509505200,2017-12-28 08:19:08.878898,0.0,0.0
861,0.0,CLINT,1,JordanManual,CCCAGG,0.0,0.0,0.0,,1509508800,2017-12-26 23:28:30.889609,0.0,0.0
862,0.0,CLINT,1,JordanManual,CCCAGG,0.0,0.0,0.0,,1509512400,2017-12-26 23:28:30.889609,0.0,0.0
863,0.008888,,1,JordanManual,CCCAGG,0.008888,0.008824,0.008831,CLINT,1509516000,2017-12-28 08:19:08.878898,0.0,0.0
864,0.0,CLINT,1,JordanManual,CCCAGG,0.0,0.0,0.0,,1509516000,2017-12-26 23:28:30.889609,0.0,0.0
865,0.0,CLINT,1,JordanManual,CCCAGG,0.0,0.0,0.0,,1509519600,2017-12-26 23:28:30.889609,0.0,0.0
866,0.0,CLINT,1,JordanManual,CCCAGG,0.0,0.0,0.0,,1509523200,2017-12-26 23:28:30.889609,0.0,0.0
867,0.009057,,1,JordanManual,CCCAGG,0.009081,0.009023,0.009023,CLINT,1509526800,2017-12-28 08:19:08.878898,0.0,0.0
868,0.0,CLINT,1,JordanManual,CCCAGG,0.0,0.0,0.0,,1509526800,2017-12-26 23:28:30.889609,0.0,0.0
869,0.0,CLINT,1,JordanManual,CCCAGG,0.0,0.0,0.0,,1509530400,2017-12-26 23:28:30.889609,0.0,0.0
870,0.0,CLINT,1,JordanManual,CCCAGG,0.0,0.0,0.0,,1509534000,2017-12-26 23:28:30.889609,0.0,0.0
871,0.0,CLINT,1,JordanManual,CCCAGG,0.0,0.0,0.0,,1509537600,2017-12-26 23:28:30.889609,0.0,0.0
872,0.009036,,1,JordanManual,CCCAGG,0.009036,0.008948,0.008976,CLINT,1509537600,2017-12-28 08:19:08.878898,0.0,0.0
873,0.0,CLINT,1,JordanManual,CCCAGG,0.0,0.0,0.0,,1509541200,2017-12-26 23:28:30.889609,0.0,0.0
874,0.0,CLINT,1,JordanManual,CCCAGG,0.0,0.0,0.0,,1509544800,2017-12-26 23:28:30.889609,0.0,0.0
875,0.0,CLINT,1,JordanManual,CCCAGG,0.0,0.0,0.0,,1509548400,2017-12-26 23:28:30.889609,0.0,0.0
876,0.009107,,1,JordanManual,CCCAGG,0.009107,0.009048,0.009048,CLINT,1509548400,2017-12-28 08:19:08.878898,0.0,0.0
877,0.0,CLINT,1,JordanManual,CCCAGG,0.0,0.0,0.0,,1509552000,2017-12-26 23:28:30.889609,0.0,0.0
878,0.0,CLINT,1,JordanManual,CCCAGG,0.0,0.0,0.0,,1509555600,2017-12-26 23:28:30.889609,0.0,0.0
879,0.0,CLINT,1,JordanManual,CCCAGG,0.0,0.0,0.0,,1509559200,2017-12-26 23:28:30.889609,0.0,0.0
880,0.009059,,1,JordanManual,CCCAGG,0.009121,0.009059,0.009082,CLINT,1509559200,2017-12-28 08:19:08.878898,0.0,0.0
881,0.0,CLINT,1,JordanManual,CCCAGG,0.0,0.0,0.0,,1509562800,2017-12-26 23:28:30.889609,0.0,0.0
882,0.0,CLINT,1,JordanManual,CCCAGG,0.0,0.0,0.0,,1509566400,2017-12-26 23:28:30.889609,0.0,0.0
883,0.0,CLINT,1,JordanManual,CCCAGG,0.0,0.0,0.0,,1509570000,2017-12-26 23:28:30.889609,0.0,0.0
884,0.009298,,1,JordanManual,CCCAGG,0.009298,0.009084,0.009084,CLINT,1509570000,2017-12-28 08:19:08.878898,0.0,0.0
885,0.0,CLINT,1,JordanManual,CCCAGG,0.0,0.0,0.0,,1509573600,2017-12-26 23:28:30.889609,0.0,0.0
886,0.0,CLINT,1,JordanManual,CCCAGG,0.0,0.0,0.0,,1509577200,2017-12-26 23:28:30.889609,0.0,0.0
887,0.0,CLINT,1,JordanManual,CCCAGG,0.0,0.0,0.0,,1509580800,2017-12-26 23:28:30.889609,0.0,0.0
888,0.009398,,1,JordanManual,CCCAGG,0.009408,0.009395,0.009395,CLINT,1509580800,2017-12-28 08:19:08.878898,0.0,0.0
889,0.0,CLINT,1,JordanManual,CCCAGG,0.0,0.0,0.0,,1509584400,2017-12-26 23:28:30.889609,0.0,0.0
890,0.0,CLINT,1,JordanManual,CCCAGG,0.0,0.0,0.0,,1509588000,2017-12-26 23:28:30.889609,0.0,0.0
891,0.0,CLINT,1,JordanManual,CCCAGG,0.0,0.0,0.0,,1509591600,2017-12-26 23:28:30.889609,0.0,0.0
892,0.009455,,1,JordanManual,CCCAGG,0.009476,0.009449,0.009476,CLINT,1509591600,2017-12-28 08:19:08.878898,0.0,0.0
893,0.0,CLINT,1,JordanManual,CCCAGG,0.0,0.0,0.0,,1509595200,2017-12-26 23:28:30.889609,0.0,0.0
894,0.0,CLINT,1,JordanManual,CCCAGG,0.0,0.0,0.0,,1509598800,2017-12-26 23:28:30.889609,0.0,0.0
895,0.009619,,1,JordanManual,CCCAGG,0.009619,0.009562,0.009604,CLINT,1509602400,2017-12-28 08:19:08.878898,0.0,0.0
896,0.0,CLINT,1,JordanManual,CCCAGG,0.0,0.0,0.0,,1509602400,2017-12-26 23:28:30.889609,0.0,0.0
897,0.0,CLINT,1,JordanManual,CCCAGG,0.0,0.0,0.0,,1509606000,2017-12-26 23:28:30.889609,0.0,0.0
898,0.0,CLINT,1,JordanManual,CCCAGG,0.0,0.0,0.0,,1509609600,2017-12-26 23:28:30.889609,0.0,0.0
899,0.0096,,1,JordanManual,CCCAGG,0.009894,0.0096,0.009636,CLINT,1509613200,2017-12-28 08:19:08.878898,0.0,0.0
900,0.0,CLINT,1,JordanManual,CCCAGG,0.0,0.0,0.0,,1509613200,2017-12-26 23:28:30.889609,0.0,0.0
901,0.0,CLINT,1,JordanManual,CCCAGG,0.0,0.0,0.0,,1509616800,2017-12-26 23:28:30.889609,0.0,0.0
902,0.0,CLINT,1,JordanManual,CCCAGG,0.0,0.0,0.0,,1509620400,2017-12-26 23:28:30.889609,0.0,0.0
903,0.009645,,1,JordanManual,CCCAGG,0.009804,0.009605,0.009605,CLINT,1509624000,2017-12-28 08:19:08.878898,200.0,1.92
904,0.0,CLINT,1,JordanManual,CCCAGG,0.0,0.0,0.0,,1509624000,2017-12-26 23:28:30.889609,0.0,0.0
905,0.0,CLINT,1,JordanManual,CCCAGG,0.0,0.0,0.0,,1509627600,2017-12-26 23:28:30.889609,0.0,0.0
906,0.0,CLINT,1,JordanManual,CCCAGG,0.0,0.0,0.0,,1509631200,2017-12-26 23:28:30.889609,0.0,0.0
907,0.0,CLINT,1,JordanManual,CCCAGG,0.0,0.0,0.0,,1509634800,2017-12-26 23:28:30.889609,0.0,0.0
908,0.009637,,1,JordanManual,CCCAGG,0.009757,0.009598,0.009757,CLINT,1509634800,2017-12-28 08:19:08.878898,0.0,0.0
909,0.0,CLINT,1,JordanManual,CCCAGG,0.0,0.0,0.0,,1509638400,2017-12-26 23:28:30.889609,0.0,0.0
910,0.0,CLINT,1,JordanManual,CCCAGG,0.0,0.0,0.0,,1509642000,2017-12-26 23:28:30.889609,0.0,0.0
911,0.0,CLINT,1,JordanManual,CCCAGG,0.0,0.0,0.0,,1509645600,2017-12-26 23:28:30.889609,0.0,0.0
912,0.009723,,1,JordanManual,CCCAGG,0.009723,0.009474,0.009474,CLINT,1509645600,2017-12-28 08:19:08.878898,0.0,0.0
913,0.0,CLINT,1,JordanManual,CCCAGG,0.0,0.0,0.0,,1509649200,2017-12-26 23:28:30.889609,0.0,0.0
914,0.0,CLINT,1,JordanManual,CCCAGG,0.0,0.0,0.0,,1509652800,2017-12-26 23:28:30.889609,0.0,0.0
915,0.009694,,1,JordanManual,CCCAGG,0.00977,0.009685,0.00977,CLINT,1509656400,2017-12-28 08:19:08.878898,0.0,0.0
916,0.0,CLINT,1,JordanManual,CCCAGG,0.0,0.0,0.0,,1509656400,2017-12-26 23:28:30.889609,0.0,0.0
917,0.0,CLINT,1,JordanManual,CCCAGG,0.0,0.0,0.0,,1509660000,2017-12-26 23:28:30.889609,0.0,0.0
918,0.0,CLINT,1,JordanManual,CCCAGG,0.0,0.0,0.0,,1509663600,2017-12-26 23:28:30.889609,0.0,0.0
919,0.009715,,1,JordanManual,CCCAGG,0.009715,0.00964,0.00964,CLINT,1509667200,2017-12-28 08:19:08.878898,0.0,0.0
920,0.0,CLINT,1,JordanManual,CCCAGG,0.0,0.0,0.0,,1509667200,2017-12-26 23:28:30.889609,0.0,0.0
921,0.0,CLINT,1,JordanManual,CCCAGG,0.0,0.0,0.0,,1509670800,2017-12-26 23:28:30.889609,0.0,0.0
922,0.0,CLINT,1,JordanManual,CCCAGG,0.0,0.0,0.0,,1509674400,2017-12-26 23:28:30.889609,0.0,0.0
923,0.009972,,1,JordanManual,CCCAGG,0.009972,0.009923,0.009923,CLINT,1509678000,2017-12-28 08:19:08.878898,0.0,0.0
924,0.0,CLINT,1,JordanManual,CCCAGG,0.0,0.0,0.0,,1509678000,2017-12-26 23:28:30.889609,0.0,0.0
925,0.0,CLINT,1,JordanManual,CCCAGG,0.0,0.0,0.0,,1509681600,2017-12-26 23:28:30.889609,0.0,0.0
926,0.0,CLINT,1,JordanManual,CCCAGG,0.0,0.0,0.0,,1509685200,2017-12-26 23:28:30.889609,0.0,0.0
927,0.0102,,1,JordanManual,CCCAGG,0.0102,0.009936,0.009936,CLINT,1509688800,2017-12-28 08:19:08.878898,0.0,0.0
928,0.0,CLINT,1,JordanManual,CCCAGG,0.0,0.0,0.0,,1509688800,2017-12-26 23:28:30.889609,0.0,0.0
929,0.0,CLINT,1,JordanManual,CCCAGG,0.0,0.0,0.0,,1509692400,2017-12-26 23:28:30.889609,0.0,0.0
930,0.0,CLINT,1,JordanManual,CCCAGG,0.0,0.0,0.0,,1509696000,2017-12-26 23:28:30.889609,0.0,0.0
931,0.01008,,1,JordanManual,CCCAGG,0.01021,0.01008,0.01017,CLINT,1509699600,2017-12-28 08:19:08.878898,0.0,0.0
932,0.0,CLINT,1,JordanManual,CCCAGG,0.0,0.0,0.0,,1509699600,2017-12-26 23:28:30.889609,0.0,0.0
933,0.0,CLINT,1,JordanManual,CCCAGG,0.0,0.0,0.0,,1509703200,2017-12-26 23:28:30.889609,0.0,0.0
934,0.0,CLINT,1,JordanManual,CCCAGG,0.0,0.0,0.0,,1509706800,2017-12-26 23:28:30.889609,0.0,0.0
935,0.01004,,1,JordanManual,CCCAGG,0.01008,0.009977,0.01008,CLINT,1509710400,2017-12-28 08:19:08.878898,1010.0,10.18
936,0.0,CLINT,1,JordanManual,CCCAGG,0.0,0.0,0.0,,1509710400,2017-12-26 23:28:30.889609,0.0,0.0
937,0.0,CLINT,1,JordanManual,CCCAGG,0.0,0.0,0.0,,1509714000,2017-12-26 23:28:30.889609,0.0,0.0
938,0.0,CLINT,1,JordanManual,CCCAGG,0.0,0.0,0.0,,1509717600,2017-12-26 23:28:30.889609,0.0,0.0
939,0.01004,,1,JordanManual,CCCAGG,0.01012,0.01004,0.01012,CLINT,1509721200,2017-12-28 08:19:08.878898,0.0,0.0
940,0.0,CLINT,1,JordanManual,CCCAGG,0.0,0.0,0.0,,1509721200,2017-12-26 23:28:30.889609,0.0,0.0
941,0.0,CLINT,1,JordanManual,CCCAGG,0.0,0.0,0.0,,1509724800,2017-12-26 23:28:30.889609,0.0,0.0
942,0.0,CLINT,1,JordanManual,CCCAGG,0.0,0.0,0.0,,1509728400,2017-12-26 23:28:30.889609,0.0,0.0
943,0.0,CLINT,1,JordanManual,CCCAGG,0.0,0.0,0.0,,1509732000,2017-12-26 23:28:30.889609,0.0,0.0
944,0.009967,,1,JordanManual,CCCAGG,0.01011,0.009967,0.01011,CLINT,1509732000,2017-12-28 08:19:08.878898,0.0,0.0
945,0.0,CLINT,1,JordanManual,CCCAGG,0.0,0.0,0.0,,1509735600,2017-12-26 23:28:30.889609,0.0,0.0
946,0.0,CLINT,1,JordanManual,CCCAGG,0.0,0.0,0.0,,1509739200,2017-12-26 23:28:30.889609,0.0,0.0
947,0.0,CLINT,1,JordanManual,CCCAGG,0.0,0.0,0.0,,1509742800,2017-12-26 23:28:30.889609,0.0,0.0
948,0.00987,,1,JordanManual,CCCAGG,0.009891,0.00984,0.00984,CLINT,1509742800,2017-12-28 08:19:08.878898,0.0,0.0
949,0.0,CLINT,1,JordanManual,CCCAGG,0.0,0.0,0.0,,1509746400,2017-12-26 23:28:30.889609,0.0,0.0
950,0.0,CLINT,1,JordanManual,CCCAGG,0.0,0.0,0.0,,1509750000,2017-12-26 23:28:30.889609,0.0,0.0
951,0.0,CLINT,1,JordanManual,CCCAGG,0.0,0.0,0.0,,1509753600,2017-12-26 23:28:30.889609,0.0,0.0
952,0.009831,,1,JordanManual,CCCAGG,0.009831,0.009777,0.009777,CLINT,1509753600,2017-12-28 08:19:08.878898,0.0,0.0
953,0.0,CLINT,1,JordanManual,CCCAGG,0.0,0.0,0.0,,1509757200,2017-12-26 23:28:30.889609,0.0,0.0
954,0.0,CLINT,1,JordanManual,CCCAGG,0.0,0.0,0.0,,1509760800,2017-12-26 23:28:30.889609,0.0,0.0
955,0.0,CLINT,1,JordanManual,CCCAGG,0.0,0.0,0.0,,1509764400,2017-12-26 23:28:30.889609,0.0,0.0
956,0.009879,,1,JordanManual,CCCAGG,0.009969,0.009879,0.009941,CLINT,1509764400,2017-12-28 08:19:08.878898,0.0,0.0
957,0.0,CLINT,1,JordanManual,CCCAGG,0.0,0.0,0.0,,1509768000,2017-12-26 23:28:30.889609,0.0,0.0
958,0.0,CLINT,1,JordanManual,CCCAGG,0.0,0.0,0.0,,1509771600,2017-12-26 23:28:30.889609,0.0,0.0
959,0.0,CLINT,1,JordanManual,CCCAGG,0.0,0.0,0.0,,1509775200,2017-12-26 23:28:30.889609,0.0,0.0
960,0.00987,,1,JordanManual,CCCAGG,0.009942,0.009832,0.009832,CLINT,1509775200,2017-12-28 08:19:08.878898,0.0,0.0
961,0.0,CLINT,1,JordanManual,CCCAGG,0.0,0.0,0.0,,1509778800,2017-12-26 23:28:30.889609,0.0,0.0
962,0.0,CLINT,1,JordanManual,CCCAGG,0.0,0.0,0.0,,1509782400,2017-12-26 23:28:30.889609,0.0,0.0
963,0.0,CLINT,1,JordanManual,CCCAGG,0.0,0.0,0.0,,1509786000,2017-12-26 23:28:30.889609,0.0,0.0
964,0.009806,,1,JordanManual,CCCAGG,0.009836,0.009806,0.009836,CLINT,1509786000,2017-12-28 08:19:08.878898,0.0,0.0
965,0.0,CLINT,1,JordanManual,CCCAGG,0.0,0.0,0.0,,1509789600,2017-12-26 23:28:30.889609,0.0,0.0
966,0.0,CLINT,1,JordanManual,CCCAGG,0.0,0.0,0.0,,1509793200,2017-12-26 23:28:30.889609,0.0,0.0
967,0.01009,,1,JordanManual,CCCAGG,0.01009,0.009913,0.009913,CLINT,1509796800,2017-12-28 08:19:08.878898,0.0,0.0
968,0.0,CLINT,1,JordanManual,CCCAGG,0.0,0.0,0.0,,1509796800,2017-12-26 23:28:30.889609,0.0,0.0
969,0.0,CLINT,1,JordanManual,CCCAGG,0.0,0.0,0.0,,1509800400,2017-12-26 23:28:30.889609,0.0,0.0
970,0.0,CLINT,1,JordanManual,CCCAGG,0.0,0.0,0.0,,1509804000,2017-12-26 23:28:30.889609,0.0,0.0
971,0.0,CLINT,1,JordanManual,CCCAGG,0.0,0.0,0.0,,1509807600,2017-12-26 23:28:30.889609,0.0,0.0
972,0.01012,,1,JordanManual,CCCAGG,0.01014,0.01011,0.01011,CLINT,1509807600,2017-12-28 08:19:08.878898,0.0,0.0
973,0.0,CLINT,1,JordanManual,CCCAGG,0.0,0.0,0.0,,1509811200,2017-12-26 23:28:30.889609,0.0,0.0
974,0.0,CLINT,1,JordanManual,CCCAGG,0.0,0.0,0.0,,1509814800,2017-12-26 23:28:30.889609,0.0,0.0
975,0.0,CLINT,1,JordanManual,CCCAGG,0.0,0.0,0.0,,1509818400,2017-12-26 23:28:30.889609,0.0,0.0
976,0.01027,,1,JordanManual,CCCAGG,0.01027,0.01011,0.01011,CLINT,1509818400,2017-12-28 08:19:08.878898,0.0,0.0
977,0.0,CLINT,1,JordanManual,CCCAGG,0.0,0.0,0.0,,1509822000,2017-12-26 23:28:30.889609,0.0,0.0
978,0.0,CLINT,1,JordanManual,CCCAGG,0.0,0.0,0.0,,1509825600,2017-12-26 23:28:30.889609,0.0,0.0
979,0.0,CLINT,1,JordanManual,CCCAGG,0.0,0.0,0.0,,1509829200,2017-12-26 23:28:30.889609,0.0,0.0
980,0.01016,,1,JordanManual,CCCAGG,0.01027,0.01016,0.01027,CLINT,1509829200,2017-12-28 08:19:08.878898,0.0,0.0
981,0.0,CLINT,1,JordanManual,CCCAGG,0.0,0.0,0.0,,1509832800,2017-12-26 23:28:30.889609,0.0,0.0
982,0.0,CLINT,1,JordanManual,CCCAGG,0.0,0.0,0.0,,1509836400,2017-12-26 23:28:30.889609,0.0,0.0
983,0.01016,,1,JordanManual,CCCAGG,0.01019,0.01012,0.01012,CLINT,1509840000,2017-12-28 08:19:08.878898,0.0,0.0
984,0.0,CLINT,1,JordanManual,CCCAGG,0.0,0.0,0.0,,1509840000,2017-12-26 23:28:30.889609,0.0,0.0
985,0.0,CLINT,1,JordanManual,CCCAGG,0.0,0.0,0.0,,1509843600,2017-12-26 23:28:30.889609,0.0,0.0
986,0.0,CLINT,1,JordanManual,CCCAGG,0.0,0.0,0.0,,1509847200,2017-12-26 23:28:30.889609,0.0,0.0
987,0.0,CLINT,1,JordanManual,CCCAGG,0.0,0.0,0.0,,1509850800,2017-12-26 23:28:30.889609,0.0,0.0
988,0.01028,,1,JordanManual,CCCAGG,0.01028,0.0102,0.0102,CLINT,1509850800,2017-12-28 08:19:08.878898,0.0,0.0
989,0.0,CLINT,1,JordanManual,CCCAGG,0.0,0.0,0.0,,1509854400,2017-12-26 23:28:30.889609,0.0,0.0
990,0.0,CLINT,1,JordanManual,CCCAGG,0.0,0.0,0.0,,1509858000,2017-12-26 23:28:30.889609,0.0,0.0
991,0.01026,,1,JordanManual,CCCAGG,0.01031,0.01025,0.01031,CLINT,1509861600,2017-12-28 08:19:08.878898,0.0,0.0
992,0.0,CLINT,1,JordanManual,CCCAGG,0.0,0.0,0.0,,1509861600,2017-12-26 23:28:30.889609,0.0,0.0
993,0.0,CLINT,1,JordanManual,CCCAGG,0.0,0.0,0.0,,1509865200,2017-12-26 23:28:30.889609,0.0,0.0
994,0.0,CLINT,1,JordanManual,CCCAGG,0.0,0.0,0.0,,1509868800,2017-12-26 23:28:30.889609,0.0,0.0
995,0.0,CLINT,1,JordanManual,CCCAGG,0.0,0.0,0.0,,1509872400,2017-12-26 23:28:30.889609,0.0,0.0
996,0.01043,,1,JordanManual,CCCAGG,0.01043,0.01025,0.01025,CLINT,1509872400,2017-12-28 08:19:08.878898,0.0,0.0
997,0.0,CLINT,1,JordanManual,CCCAGG,0.0,0.0,0.0,,1509876000,2017-12-26 23:28:30.889609,0.0,0.0
998,0.0,CLINT,1,JordanManual,CCCAGG,0.0,0.0,0.0,,1509879600,2017-12-26 23:28:30.889609,0.0,0.0
999,0.0,CLINT,1,JordanManual,CCCAGG,0.0,0.0,0.0,,1509883200,2017-12-26 23:28:30.889609,0.0,0.0
1000,0.01041,,1,JordanManual,CCCAGG,0.01046,0.01041,0.01041,CLINT,1509883200,2017-12-28 08:19:08.878898,0.0,0.0
1001,0.0,CLINT,1,JordanManual,CCCAGG,0.0,0.0,0.0,,1509886800,2017-12-26 23:28:30.889609,0.0,0.0
1002,0.0,CLINT,1,JordanManual,CCCAGG,0.0,0.0,0.0,,1509890400,2017-12-26 23:28:30.889609,0.0,0.0
1003,0.01036,,1,JordanManual,CCCAGG,0.01038,0.01036,0.01038,CLINT,1509894000,2017-12-28 08:19:08.878898,0.0,0.0
1004,0.0,CLINT,1,JordanManual,CCCAGG,0.0,0.0,0.0,,1509894000,2017-12-26 23:28:30.889609,0.0,0.0
1005,0.0,CLINT,1,JordanManual,CCCAGG,0.0,0.0,0.0,,1509897600,2017-12-26 23:28:30.889609,0.0,0.0
1006,0.0,CLINT,1,JordanManual,CCCAGG,0.0,0.0,0.0,,1509901200,2017-12-26 23:28:30.889609,0.0,0.0
1007,0.0104,,1,JordanManual,CCCAGG,0.01045,0.0104,0.0104,CLINT,1509904800,2017-12-28 08:19:08.878898,0.0,0.0
1008,0.0,CLINT,1,JordanManual,CCCAGG,0.0,0.0,0.0,,1509904800,2017-12-26 23:28:30.889609,0.0,0.0
1009,0.0,CLINT,1,JordanManual,CCCAGG,0.0,0.0,0.0,,1509908400,2017-12-26 23:28:30.889609,0.0,0.0
1010,0.0,CLINT,1,JordanManual,CCCAGG,0.0,0.0,0.0,,1509912000,2017-12-26 23:28:30.889609,0.0,0.0
1011,0.0102,,1,JordanManual,CCCAGG,0.0102,0.01014,0.01015,CLINT,1509915600,2017-12-28 08:19:08.878898,0.0,0.0
1012,0.0,CLINT,1,JordanManual,CCCAGG,0.0,0.0,0.0,,1509915600,2017-12-26 23:28:30.889609,0.0,0.0
1013,0.0,CLINT,1,JordanManual,CCCAGG,0.0,0.0,0.0,,1509919200,2017-12-26 23:28:30.889609,0.0,0.0
1014,0.0,CLINT,1,JordanManual,CCCAGG,0.0,0.0,0.0,,1509922800,2017-12-26 23:28:30.889609,0.0,0.0
1015,0.0,CLINT,1,JordanManual,CCCAGG,0.0,0.0,0.0,,1509926400,2017-12-26 23:28:30.889609,0.0,0.0
1016,0.01011,,1,JordanManual,CCCAGG,0.01015,0.01011,0.01014,CLINT,1509926400,2017-12-28 08:19:08.878898,0.0,0.0
1017,0.0,CLINT,1,JordanManual,CCCAGG,0.0,0.0,0.0,,1509930000,2017-12-26 23:28:30.889609,0.0,0.0
1018,0.0,CLINT,1,JordanManual,CCCAGG,0.0,0.0,0.0,,1509933600,2017-12-26 23:28:30.889609,0.0,0.0
1019,0.0,CLINT,1,JordanManual,CCCAGG,0.0,0.0,0.0,,1509937200,2017-12-26 23:28:30.889609,0.0,0.0
1020,0.0101,,1,JordanManual,CCCAGG,0.0101,0.0099,0.009968,CLINT,1509937200,2017-12-28 08:19:08.878898,0.0,0.0
1021,0.0,CLINT,1,JordanManual,CCCAGG,0.0,0.0,0.0,,1509940800,2017-12-26 23:28:30.889609,0.0,0.0
1022,0.0,CLINT,1,JordanManual,CCCAGG,0.0,0.0,0.0,,1509944400,2017-12-26 23:28:30.889609,0.0,0.0
1023,0.01015,,1,JordanManual,CCCAGG,0.01015,0.01007,0.01009,CLINT,1509948000,2017-12-28 08:19:08.878898,0.0,0.0
1024,0.0,CLINT,1,JordanManual,CCCAGG,0.0,0.0,0.0,,1509948000,2017-12-26 23:28:30.889609,0.0,0.0
1025,0.0,CLINT,1,JordanManual,CCCAGG,0.0,0.0,0.0,,1509951600,2017-12-26 23:28:30.889609,0.0,0.0
1026,0.0,CLINT,1,JordanManual,CCCAGG,0.0,0.0,0.0,,1509955200,2017-12-26 23:28:30.889609,0.0,0.0
1027,0.0,CLINT,1,JordanManual,CCCAGG,0.0,0.0,0.0,,1509958800,2017-12-26 23:28:30.889609,0.0,0.0
1028,0.01012,,1,JordanManual,CCCAGG,0.01012,0.01009,0.0101,CLINT,1509958800,2017-12-28 08:19:08.878898,0.0,0.0
1029,0.0,CLINT,1,JordanManual,CCCAGG,0.0,0.0,0.0,,1509962400,2017-12-26 23:28:30.889609,0.0,0.0
1030,0.0,CLINT,1,JordanManual,CCCAGG,0.0,0.0,0.0,,1509966000,2017-12-26 23:28:30.889609,0.0,0.0
1031,0.01006,,1,JordanManual,CCCAGG,0.01024,0.01006,0.01024,CLINT,1509969600,2017-12-28 08:19:08.878898,0.0,0.0
1032,0.0,CLINT,1,JordanManual,CCCAGG,0.0,0.0,0.0,,1509969600,2017-12-26 23:28:30.889609,0.0,0.0
1033,0.0,CLINT,1,JordanManual,CCCAGG,0.0,0.0,0.0,,1509973200,2017-12-26 23:28:30.889609,0.0,0.0
1034,0.0,CLINT,1,JordanManual,CCCAGG,0.0,0.0,0.0,,1509976800,2017-12-26 23:28:30.889609,0.0,0.0
1035,0.0,CLINT,1,JordanManual,CCCAGG,0.0,0.0,0.0,,1509980400,2017-12-26 23:28:30.889609,0.0,0.0
1036,0.009822,,1,JordanManual,CCCAGG,0.01002,0.009822,0.01002,CLINT,1509980400,2017-12-28 08:19:08.878898,0.0,0.0
1037,0.0,CLINT,1,JordanManual,CCCAGG,0.0,0.0,0.0,,1509984000,2017-12-26 23:28:30.889609,0.0,0.0
1038,0.0,CLINT,1,JordanManual,CCCAGG,0.0,0.0,0.0,,1509987600,2017-12-26 23:28:30.889609,0.0,0.0
1039,0.0,CLINT,1,JordanManual,CCCAGG,0.0,0.0,0.0,,1509991200,2017-12-26 23:28:30.889609,0.0,0.0
1040,0.009808,,1,JordanManual,CCCAGG,0.009808,0.00967,0.00967,CLINT,1509991200,2017-12-28 08:19:08.878898,0.0,0.0
1041,0.0,CLINT,1,JordanManual,CCCAGG,0.0,0.0,0.0,,1509994800,2017-12-26 23:28:30.889609,0.0,0.0
1042,0.0,CLINT,1,JordanManual,CCCAGG,0.0,0.0,0.0,,1509998400,2017-12-26 23:28:30.889609,0.0,0.0
1043,0.0,CLINT,1,JordanManual,CCCAGG,0.0,0.0,0.0,,1510002000,2017-12-26 23:28:30.889609,0.0,0.0
1044,0.009604,,1,JordanManual,CCCAGG,0.009834,0.009604,0.009834,CLINT,1510002000,2017-12-28 08:19:08.878898,0.0,0.0
1045,0.0,CLINT,1,JordanManual,CCCAGG,0.0,0.0,0.0,,1510005600,2017-12-26 23:28:30.889609,0.0,0.0
1046,0.0,CLINT,1,JordanManual,CCCAGG,0.0,0.0,0.0,,1510009200,2017-12-26 23:28:30.889609,0.0,0.0
1047,0.0,CLINT,1,JordanManual,CCCAGG,0.0,0.0,0.0,,1510012800,2017-12-26 23:28:30.889609,0.0,0.0
1048,0.009771,,1,JordanManual,CCCAGG,0.009771,0.009745,0.009749,CLINT,1510012800,2017-12-28 08:19:08.878898,0.0,0.0
1049,0.0,CLINT,1,JordanManual,CCCAGG,0.0,0.0,0.0,,1510016400,2017-12-26 23:28:30.889609,0.0,0.0
1050,0.0,CLINT,1,JordanManual,CCCAGG,0.0,0.0,0.0,,1510020000,2017-12-26 23:28:30.889609,0.0,0.0
1051,0.009837,,1,JordanManual,CCCAGG,0.009935,0.009835,0.009835,CLINT,1510023600,2017-12-28 08:19:08.878898,0.0,0.0
1052,0.0,CLINT,1,JordanManual,CCCAGG,0.0,0.0,0.0,,1510023600,2017-12-26 23:28:30.889609,0.0,0.0
1053,0.0,CLINT,1,JordanManual,CCCAGG,0.0,0.0,0.0,,1510027200,2017-12-26 23:28:30.889609,0.0,0.0
1054,0.0,CLINT,1,JordanManual,CCCAGG,0.0,0.0,0.0,,1510030800,2017-12-26 23:28:30.889609,0.0,0.0
1055,0.0,CLINT,1,JordanManual,CCCAGG,0.0,0.0,0.0,,1510034400,2017-12-26 23:28:30.889609,0.0,0.0
1056,0.009924,,1,JordanManual,CCCAGG,0.009924,0.009897,0.009921,CLINT,1510034400,2017-12-28 08:19:08.878898,0.0,0.0
1057,0.0,CLINT,1,JordanManual,CCCAGG,0.0,0.0,0.0,,1510038000,2017-12-26 23:28:30.889609,0.0,0.0
1058,0.0,CLINT,1,JordanManual,CCCAGG,0.0,0.0,0.0,,1510041600,2017-12-26 23:28:30.889609,0.0,0.0
1059,0.009915,,1,JordanManual,CCCAGG,0.009915,0.009853,0.009853,CLINT,1510045200,2017-12-28 08:19:08.878898,0.0,0.0
1060,0.0,CLINT,1,JordanManual,CCCAGG,0.0,0.0,0.0,,1510045200,2017-12-26 23:28:30.889609,0.0,0.0
1061,0.0,CLINT,1,JordanManual,CCCAGG,0.0,0.0,0.0,,1510048800,2017-12-26 23:28:30.889609,0.0,0.0
1062,0.0,CLINT,1,JordanManual,CCCAGG,0.0,0.0,0.0,,1510052400,2017-12-26 23:28:30.889609,0.0,0.0
1063,0.009665,,1,JordanManual,CCCAGG,0.009923,0.009665,0.009923,CLINT,1510056000,2017-12-28 08:19:08.878898,1000.0,9.66
1064,0.0,CLINT,1,JordanManual,CCCAGG,0.0,0.0,0.0,,1510056000,2017-12-26 23:28:30.889609,0.0,0.0
1065,0.0,CLINT,1,JordanManual,CCCAGG,0.0,0.0,0.0,,1510059600,2017-12-26 23:28:30.889609,0.0,0.0
1066,0.0,CLINT,1,JordanManual,CCCAGG,0.0,0.0,0.0,,1510063200,2017-12-26 23:28:30.889609,0.0,0.0
1067,0.0,CLINT,1,JordanManual,CCCAGG,0.0,0.0,0.0,,1510066800,2017-12-26 23:28:30.889609,0.0,0.0
1068,0.009787,,1,JordanManual,CCCAGG,0.009787,0.009643,0.009728,CLINT,1510066800,2017-12-28 08:19:08.878898,0.0,0.0
1069,0.0,CLINT,1,JordanManual,CCCAGG,0.0,0.0,0.0,,1510070400,2017-12-26 23:28:30.889609,0.0,0.0
1070,0.0,CLINT,1,JordanManual,CCCAGG,0.0,0.0,0.0,,1510074000,2017-12-26 23:28:30.889609,0.0,0.0
1071,0.009686,,1,JordanManual,CCCAGG,0.009794,0.009686,0.009794,CLINT,1510077600,2017-12-28 08:19:08.878898,0.0,0.0
1072,0.0,CLINT,1,JordanManual,CCCAGG,0.0,0.0,0.0,,1510077600,2017-12-26 23:28:30.889609,0.0,0.0
1073,0.0,CLINT,1,JordanManual,CCCAGG,0.0,0.0,0.0,,1510081200,2017-12-26 23:28:30.889609,0.0,0.0
1074,0.0,CLINT,1,JordanManual,CCCAGG,0.0,0.0,0.0,,1510084800,2017-12-26 23:28:30.889609,0.0,0.0
1075,0.009802,,1,JordanManual,CCCAGG,0.009802,0.009753,0.009753,CLINT,1510088400,2017-12-28 08:19:08.878898,0.0,0.0
1076,0.0,CLINT,1,JordanManual,CCCAGG,0.0,0.0,0.0,,1510088400,2017-12-26 23:28:30.889609,0.0,0.0
1077,0.0,CLINT,1,JordanManual,CCCAGG,0.0,0.0,0.0,,1510092000,2017-12-26 23:28:30.889609,0.0,0.0
1078,0.0,CLINT,1,JordanManual,CCCAGG,0.0,0.0,0.0,,1510095600,2017-12-26 23:28:30.889609,0.0,0.0
1079,0.0,CLINT,1,JordanManual,CCCAGG,0.0,0.0,0.0,,1510099200,2017-12-26 23:28:30.889609,0.0,0.0
1080,0.01009,,1,JordanManual,CCCAGG,0.01009,0.009779,0.009779,CLINT,1510099200,2017-12-28 08:19:08.878898,0.0,0.0
1081,0.0,CLINT,1,JordanManual,CCCAGG,0.0,0.0,0.0,,1510102800,2017-12-26 23:28:30.889609,0.0,0.0
1082,0.0,CLINT,1,JordanManual,CCCAGG,0.0,0.0,0.0,,1510106400,2017-12-26 23:28:30.889609,0.0,0.0
1083,0.0,CLINT,1,JordanManual,CCCAGG,0.0,0.0,0.0,,1510110000,2017-12-26 23:28:30.889609,0.0,0.0
1084,0.0102,,1,JordanManual,CCCAGG,0.0102,0.01014,0.01014,CLINT,1510110000,2017-12-28 08:19:08.878898,0.0,0.0
1085,0.0,CLINT,1,JordanManual,CCCAGG,0.0,0.0,0.0,,1510113600,2017-12-26 23:28:30.889609,0.0,0.0
1086,0.0,CLINT,1,JordanManual,CCCAGG,0.0,0.0,0.0,,1510117200,2017-12-26 23:28:30.889609,0.0,0.0
1087,0.0,CLINT,1,JordanManual,CCCAGG,0.0,0.0,0.0,,1510120800,2017-12-26 23:28:30.889609,0.0,0.0
1088,0.01018,,1,JordanManual,CCCAGG,0.01022,0.01014,0.01022,CLINT,1510120800,2017-12-28 08:19:08.878898,0.0,0.0
1089,0.0,CLINT,1,JordanManual,CCCAGG,0.0,0.0,0.0,,1510124400,2017-12-26 23:28:30.889609,0.0,0.0
1090,0.0,CLINT,1,JordanManual,CCCAGG,0.0,0.0,0.0,,1510128000,2017-12-26 23:28:30.889609,0.0,0.0
1091,0.01028,,1,JordanManual,CCCAGG,0.01028,0.01015,0.01016,CLINT,1510131600,2017-12-28 08:19:08.878898,0.0,0.0
1092,0.0,CLINT,1,JordanManual,CCCAGG,0.0,0.0,0.0,,1510131600,2017-12-26 23:28:30.889609,0.0,0.0
1093,0.0,CLINT,1,JordanManual,CCCAGG,0.0,0.0,0.0,,1510135200,2017-12-26 23:28:30.889609,0.0,0.0
1094,0.0,CLINT,1,JordanManual,CCCAGG,0.0,0.0,0.0,,1510138800,2017-12-26 23:28:30.889609,0.0,0.0
1095,0.01036,,1,JordanManual,CCCAGG,0.01036,0.01031,0.01031,CLINT,1510142400,2017-12-28 08:19:08.878898,3494.06,36.02
1096,0.0,CLINT,1,JordanManual,CCCAGG,0.0,0.0,0.0,,1510142400,2017-12-26 23:28:30.889609,0.0,0.0
1097,0.0,CLINT,1,JordanManual,CCCAGG,0.0,0.0,0.0,,1510146000,2017-12-26 23:28:30.889609,0.0,0.0
1098,0.0,CLINT,1,JordanManual,CCCAGG,0.0,0.0,0.0,,1510149600,2017-12-26 23:28:30.889609,0.0,0.0
1099,0.01065,,1,JordanManual,CCCAGG,0.01065,0.01032,0.01035,CLINT,1510153200,2017-12-28 08:19:08.878898,0.0,0.0
1100,0.0,CLINT,1,JordanManual,CCCAGG,0.0,0.0,0.0,,1510153200,2017-12-26 23:28:30.889609,0.0,0.0
1101,0.0,CLINT,1,JordanManual,CCCAGG,0.0,0.0,0.0,,1510156800,2017-12-26 23:28:30.889609,0.0,0.0
1102,0.0,CLINT,1,JordanManual,CCCAGG,0.0,0.0,0.0,,1510160400,2017-12-26 23:28:30.889609,0.0,0.0
1103,0.0,CLINT,1,JordanManual,CCCAGG,0.0,0.0,0.0,,1510164000,2017-12-26 23:28:30.889609,0.0,0.0
1104,0.01001,,1,JordanManual,CCCAGG,0.01009,0.009952,0.01009,CLINT,1510164000,2017-12-28 08:19:08.878898,0.0,0.0
1105,0.0,CLINT,1,JordanManual,CCCAGG,0.0,0.0,0.0,,1510167600,2017-12-26 23:28:30.889609,0.0,0.0
1106,0.0,CLINT,1,JordanManual,CCCAGG,0.0,0.0,0.0,,1510171200,2017-12-26 23:28:30.889609,0.0,0.0
1107,0.0,CLINT,1,JordanManual,CCCAGG,0.0,0.0,0.0,,1510174800,2017-12-26 23:28:30.889609,0.0,0.0
1108,0.01027,,1,JordanManual,CCCAGG,0.01027,0.009993,0.009993,CLINT,1510174800,2017-12-28 08:19:08.878898,0.0,0.0
1109,0.0,CLINT,1,JordanManual,CCCAGG,0.0,0.0,0.0,,1510178400,2017-12-26 23:28:30.889609,0.0,0.0
1110,0.0,CLINT,1,JordanManual,CCCAGG,0.0,0.0,0.0,,1510182000,2017-12-26 23:28:30.889609,0.0,0.0
1111,0.01018,,1,JordanManual,CCCAGG,0.01021,0.01015,0.01015,CLINT,1510185600,2017-12-28 08:19:08.878898,0.0,0.0
1112,0.0,CLINT,1,JordanManual,CCCAGG,0.0,0.0,0.0,,1510185600,2017-12-26 23:28:30.889609,0.0,0.0
1113,0.0,CLINT,1,JordanManual,CCCAGG,0.0,0.0,0.0,,1510189200,2017-12-26 23:28:30.889609,0.0,0.0
1114,0.0,CLINT,1,JordanManual,CCCAGG,0.0,0.0,0.0,,1510192800,2017-12-26 23:28:30.889609,0.0,0.0
1115,0.0102,,1,JordanManual,CCCAGG,0.0102,0.01012,0.01012,CLINT,1510196400,2017-12-28 08:19:08.878898,0.0,0.0
1116,0.0,CLINT,1,JordanManual,CCCAGG,0.0,0.0,0.0,,1510196400,2017-12-26 23:28:30.889609,0.0,0.0
1117,0.0,CLINT,1,JordanManual,CCCAGG,0.0,0.0,0.0,,1510200000,2017-12-26 23:28:30.889609,0.0,0.0
1118,0.0,CLINT,1,JordanManual,CCCAGG,0.0,0.0,0.0,,1510203600,2017-12-26 23:28:30.889609,0.0,0.0
1119,0.0,CLINT,1,JordanManual,CCCAGG,0.0,0.0,0.0,,1510207200,2017-12-26 23:28:30.889609,0.0,0.0
1120,0.008537,,1,JordanManual,CCCAGG,0.01017,0.008537,0.01017,CLINT,1510207200,2017-12-28 08:19:08.878898,1960.78,16.74
1121,0.0,CLINT,1,JordanManual,CCCAGG,0.0,0.0,0.0,,1510210800,2017-12-26 23:28:30.889609,0.0,0.0
1122,0.0,CLINT,1,JordanManual,CCCAGG,0.0,0.0,0.0,,1510214400,2017-12-26 23:28:30.889609,0.0,0.0
1123,0.0,CLINT,1,JordanManual,CCCAGG,0.0,0.0,0.0,,1510218000,2017-12-26 23:28:30.889609,0.0,0.0
1124,0.008395,,1,JordanManual,CCCAGG,0.008541,0.008395,0.008541,CLINT,1510218000,2017-12-28 08:19:08.878898,0.0,0.0
1125,0.0,CLINT,1,JordanManual,CCCAGG,0.0,0.0,0.0,,1510221600,2017-12-26 23:28:30.889609,0.0,0.0
1126,0.0,CLINT,1,JordanManual,CCCAGG,0.0,0.0,0.0,,1510225200,2017-12-26 23:28:30.889609,0.0,0.0
1127,0.008518,,1,JordanManual,CCCAGG,0.008518,0.008407,0.008466,CLINT,1510228800,2017-12-28 08:19:08.878898,0.0,0.0
1128,0.0,CLINT,1,JordanManual,CCCAGG,0.0,0.0,0.0,,1510228800,2017-12-26 23:28:30.889609,0.0,0.0
1129,0.0,CLINT,1,JordanManual,CCCAGG,0.0,0.0,0.0,,1510232400,2017-12-26 23:28:30.889609,0.0,0.0
1130,0.0,CLINT,1,JordanManual,CCCAGG,0.0,0.0,0.0,,1510236000,2017-12-26 23:28:30.889609,0.0,0.0
1131,0.0,CLINT,1,JordanManual,CCCAGG,0.0,0.0,0.0,,1510239600,2017-12-26 23:28:30.889609,0.0,0.0
1132,0.00847,,1,JordanManual,CCCAGG,0.00847,0.008444,0.008458,CLINT,1510239600,2017-12-28 08:19:08.878898,0.0,0.0
1133,0.0,CLINT,1,JordanManual,CCCAGG,0.0,0.0,0.0,,1510243200,2017-12-26 23:28:30.889609,0.0,0.0
1134,0.0,CLINT,1,JordanManual,CCCAGG,0.0,0.0,0.0,,1510246800,2017-12-26 23:28:30.889609,0.0,0.0
1135,0.0,CLINT,1,JordanManual,CCCAGG,0.0,0.0,0.0,,1510250400,2017-12-26 23:28:30.889609,0.0,0.0
1136,0.008442,,1,JordanManual,CCCAGG,0.008493,0.008442,0.008493,CLINT,1510250400,2017-12-28 08:19:08.878898,0.0,0.0
1137,0.0,CLINT,1,JordanManual,CCCAGG,0.0,0.0,0.0,,1510254000,2017-12-26 23:28:30.889609,0.0,0.0
1138,0.0,CLINT,1,JordanManual,CCCAGG,0.0,0.0,0.0,,1510257600,2017-12-26 23:28:30.889609,0.0,0.0
1139,0.008413,,1,JordanManual,CCCAGG,0.008413,0.008389,0.008389,CLINT,1510261200,2017-12-28 08:19:08.878898,0.0,0.0
1140,0.0,CLINT,1,JordanManual,CCCAGG,0.0,0.0,0.0,,1510261200,2017-12-26 23:28:30.889609,0.0,0.0
1141,0.0,CLINT,1,JordanManual,CCCAGG,0.0,0.0,0.0,,1510264800,2017-12-26 23:28:30.889609,0.0,0.0
1142,0.0,CLINT,1,JordanManual,CCCAGG,0.0,0.0,0.0,,1510268400,2017-12-26 23:28:30.889609,0.0,0.0
1143,0.008536,,1,JordanManual,CCCAGG,0.008635,0.008536,0.008635,CLINT,1510272000,2017-12-28 08:19:08.878898,0.0,0.0
1144,0.0,CLINT,1,JordanManual,CCCAGG,0.0,0.0,0.0,,1510272000,2017-12-26 23:28:30.889609,0.0,0.0
1145,0.0,CLINT,1,JordanManual,CCCAGG,0.0,0.0,0.0,,1510275600,2017-12-26 23:28:30.889609,0.0,0.0
1146,0.0,CLINT,1,JordanManual,CCCAGG,0.0,0.0,0.0,,1510279200,2017-12-26 23:28:30.889609,0.0,0.0
1147,0.0,CLINT,1,JordanManual,CCCAGG,0.0,0.0,0.0,,1510282800,2017-12-26 23:28:30.889609,0.0,0.0
1148,0.00849,,1,JordanManual,CCCAGG,0.008588,0.00849,0.008542,CLINT,1510282800,2017-12-28 08:19:08.878898,0.0,0.0
1149,0.0,CLINT,1,JordanManual,CCCAGG,0.0,0.0,0.0,,1510286400,2017-12-26 23:28:30.889609,0.0,0.0
1150,0.0,CLINT,1,JordanManual,CCCAGG,0.0,0.0,0.0,,1510290000,2017-12-26 23:28:30.889609,0.0,0.0
1151,0.0,CLINT,1,JordanManual,CCCAGG,0.0,0.0,0.0,,1510293600,2017-12-26 23:28:30.889609,0.0,0.0
1152,0.008466,,1,JordanManual,CCCAGG,0.00851,0.008436,0.00851,CLINT,1510293600,2017-12-28 08:19:08.878898,275.0,2.33
1153,0.0,CLINT,1,JordanManual,CCCAGG,0.0,0.0,0.0,,1510297200,2017-12-26 23:28:30.889609,0.0,0.0
1154,0.0,CLINT,1,JordanManual,CCCAGG,0.0,0.0,0.0,,1510300800,2017-12-26 23:28:30.889609,0.0,0.0
1155,0.0,CLINT,1,JordanManual,CCCAGG,0.0,0.0,0.0,,1510304400,2017-12-26 23:28:30.889609,0.0,0.0
1156,0.008105,,1,JordanManual,CCCAGG,0.008372,0.008105,0.008366,CLINT,1510304400,2017-12-28 08:19:08.878898,0.0,0.0
1157,0.0,CLINT,1,JordanManual,CCCAGG,0.0,0.0,0.0,,1510308000,2017-12-26 23:28:30.889609,0.0,0.0
1158,0.0,CLINT,1,JordanManual,CCCAGG,0.0,0.0,0.0,,1510311600,2017-12-26 23:28:30.889609,0.0,0.0
1159,0.0,CLINT,1,JordanManual,CCCAGG,0.0,0.0,0.0,,1510315200,2017-12-26 23:28:30.889609,0.0,0.0
1160,0.007964,,1,JordanManual,CCCAGG,0.008057,0.007938,0.007938,CLINT,1510315200,2017-12-28 08:19:08.878898,0.0,0.0
1161,0.0,CLINT,1,JordanManual,CCCAGG,0.0,0.0,0.0,,1510318800,2017-12-26 23:28:30.889609,0.0,0.0
1162,0.0,CLINT,1,JordanManual,CCCAGG,0.0,0.0,0.0,,1510322400,2017-12-26 23:28:30.889609,0.0,0.0
1163,0.007982,,1,JordanManual,CCCAGG,0.008106,0.007982,0.008061,CLINT,1510326000,2017-12-28 08:19:08.878898,0.0,0.0
1164,0.0,CLINT,1,JordanManual,CCCAGG,0.0,0.0,0.0,,1510326000,2017-12-26 23:28:30.889609,0.0,0.0
1165,0.0,CLINT,1,JordanManual,CCCAGG,0.0,0.0,0.0,,1510329600,2017-12-26 23:28:30.889609,0.0,0.0
1166,0.0,CLINT,1,JordanManual,CCCAGG,0.0,0.0,0.0,,1510333200,2017-12-26 23:28:30.889609,0.0,0.0
1167,0.007587,,1,JordanManual,CCCAGG,0.007768,0.007587,0.007649,CLINT,1510336800,2017-12-28 08:19:08.878898,0.0,0.0
1168,0.0,CLINT,1,JordanManual,CCCAGG,0.0,0.0,0.0,,1510336800,2017-12-26 23:28:30.889609,0.0,0.0
1169,0.0,CLINT,1,JordanManual,CCCAGG,0.0,0.0,0.0,,1510340400,2017-12-26 23:28:30.889609,0.0,0.0
1170,0.0,CLINT,1,JordanManual,CCCAGG,0.0,0.0,0.0,,1510344000,2017-12-26 23:28:30.889609,0.0,0.0
1171,0.007748,,1,JordanManual,CCCAGG,0.007901,0.007748,0.007756,CLINT,1510347600,2017-12-28 08:19:08.878898,0.0,0.0
1172,0.0,CLINT,1,JordanManual,CCCAGG,0.0,0.0,0.0,,1510347600,2017-12-26 23:28:30.889609,0.0,0.0
1173,0.0,CLINT,1,JordanManual,CCCAGG,0.0,0.0,0.0,,1510351200,2017-12-26 23:28:30.889609,0.0,0.0
1174,0.0,CLINT,1,JordanManual,CCCAGG,0.0,0.0,0.0,,1510354800,2017-12-26 23:28:30.889609,0.0,0.0
1175,0.0,CLINT,1,JordanManual,CCCAGG,0.0,0.0,0.0,,1510358400,2017-12-26 23:28:30.889609,0.0,0.0
1176,0.007993,,1,JordanManual,CCCAGG,0.008047,0.007935,0.007935,CLINT,1510358400,2017-12-28 08:19:08.878898,0.0,0.0
1177,0.0,CLINT,1,JordanManual,CCCAGG,0.0,0.0,0.0,,1510362000,2017-12-26 23:28:30.889609,0.0,0.0
1178,0.0,CLINT,1,JordanManual,CCCAGG,0.0,0.0,0.0,,1510365600,2017-12-26 23:28:30.889609,0.0,0.0
1179,0.007862,,1,JordanManual,CCCAGG,0.008013,0.007862,0.007977,CLINT,1510369200,2017-12-28 08:19:08.878898,0.0,0.0
1180,0.0,CLINT,1,JordanManual,CCCAGG,0.0,0.0,0.0,,1510369200,2017-12-26 23:28:30.889609,0.0,0.0
1181,0.0,CLINT,1,JordanManual,CCCAGG,0.0,0.0,0.0,,1510372800,2017-12-26 23:28:30.889609,0.0,0.0
1182,0.0,CLINT,1,JordanManual,CCCAGG,0.0,0.0,0.0,,1510376400,2017-12-26 23:28:30.889609,0.0,0.0
1183,0.0,CLINT,1,JordanManual,CCCAGG,0.0,0.0,0.0,,1510380000,2017-12-26 23:28:30.889609,0.0,0.0
1184,0.007946,,1,JordanManual,CCCAGG,0.007946,0.007832,0.007925,CLINT,1510380000,2017-12-28 08:19:08.878898,0.0,0.0
1185,0.0,CLINT,1,JordanManual,CCCAGG,0.0,0.0,0.0,,1510383600,2017-12-26 23:28:30.889609,0.0,0.0
1186,0.0,CLINT,1,JordanManual,CCCAGG,0.0,0.0,0.0,,1510387200,2017-12-26 23:28:30.889609,0.0,0.0
1187,0.007647,,1,JordanManual,CCCAGG,0.007879,0.007647,0.007879,CLINT,1510390800,2017-12-28 08:19:08.878898,0.0,0.0
1188,0.0,CLINT,1,JordanManual,CCCAGG,0.0,0.0,0.0,,1510390800,2017-12-26 23:28:30.889609,0.0,0.0
1189,0.0,CLINT,1,JordanManual,CCCAGG,0.0,0.0,0.0,,1510394400,2017-12-26 23:28:30.889609,0.0,0.0
1190,0.0,CLINT,1,JordanManual,CCCAGG,0.0,0.0,0.0,,1510398000,2017-12-26 23:28:30.889609,0.0,0.0
1191,0.007562,,1,JordanManual,CCCAGG,0.007629,0.007488,0.007488,CLINT,1510401600,2017-12-28 08:19:08.878898,0.0,0.0
1192,0.0,CLINT,1,JordanManual,CCCAGG,0.0,0.0,0.0,,1510401600,2017-12-26 23:28:30.889609,0.0,0.0
1193,0.0,CLINT,1,JordanManual,CCCAGG,0.0,0.0,0.0,,1510405200,2017-12-26 23:28:30.889609,0.0,0.0
1194,0.0,CLINT,1,JordanManual,CCCAGG,0.0,0.0,0.0,,1510408800,2017-12-26 23:28:30.889609,0.0,0.0
1195,0.007509,,1,JordanManual,CCCAGG,0.007554,0.007481,0.007481,CLINT,1510412400,2017-12-28 08:19:08.878898,0.0,0.0
1196,0.0,CLINT,1,JordanManual,CCCAGG,0.0,0.0,0.0,,1510412400,2017-12-26 23:28:30.889609,0.0,0.0
1197,0.0,CLINT,1,JordanManual,CCCAGG,0.0,0.0,0.0,,1510416000,2017-12-26 23:28:30.889609,0.0,0.0
1198,0.0,CLINT,1,JordanManual,CCCAGG,0.0,0.0,0.0,,1510419600,2017-12-26 23:28:30.889609,0.0,0.0
1199,0.007597,,1,JordanManual,CCCAGG,0.007597,0.007359,0.007359,CLINT,1510423200,2017-12-28 08:19:08.878898,0.0,0.0
1200,0.0,CLINT,1,JordanManual,CCCAGG,0.0,0.0,0.0,,1510423200,2017-12-26 23:28:30.889609,0.0,0.0
1201,0.0,CLINT,1,JordanManual,CCCAGG,0.0,0.0,0.0,,1510426800,2017-12-26 23:28:30.889609,0.0,0.0
1202,0.0,CLINT,1,JordanManual,CCCAGG,0.0,0.0,0.0,,1510430400,2017-12-26 23:28:30.889609,0.0,0.0
1203,0.0,CLINT,1,JordanManual,CCCAGG,0.0,0.0,0.0,,1510434000,2017-12-26 23:28:30.889609,0.0,0.0
1204,0.007481,,1,JordanManual,CCCAGG,0.007647,0.007461,0.007647,CLINT,1510434000,2017-12-28 08:19:08.878898,0.0,0.0
1205,0.0,CLINT,1,JordanManual,CCCAGG,0.0,0.0,0.0,,1510437600,2017-12-26 23:28:30.889609,0.0,0.0
1206,0.0,CLINT,1,JordanManual,CCCAGG,0.0,0.0,0.0,,1510441200,2017-12-26 23:28:30.889609,0.0,0.0
1207,0.007298,,1,JordanManual,CCCAGG,0.007363,0.007298,0.007363,CLINT,1510444800,2017-12-28 08:19:08.878898,0.0,0.0
1208,0.0,CLINT,1,JordanManual,CCCAGG,0.0,0.0,0.0,,1510444800,2017-12-26 23:28:30.889609,0.0,0.0
1209,0.0,CLINT,1,JordanManual,CCCAGG,0.0,0.0,0.0,,1510448400,2017-12-26 23:28:30.889609,0.0,0.0
1210,0.0,CLINT,1,JordanManual,CCCAGG,0.0,0.0,0.0,,1510452000,2017-12-26 23:28:30.889609,0.0,0.0
1211,0.006885,,1,JordanManual,CCCAGG,0.007161,0.006885,0.007161,CLINT,1510455600,2017-12-28 08:19:08.878898,100.0,0.7087
1212,0.0,CLINT,1,JordanManual,CCCAGG,0.0,0.0,0.0,,1510455600,2017-12-26 23:28:30.889609,0.0,0.0
1213,0.0,CLINT,1,JordanManual,CCCAGG,0.0,0.0,0.0,,1510459200,2017-12-26 23:28:30.889609,0.0,0.0
1214,0.0,CLINT,1,JordanManual,CCCAGG,0.0,0.0,0.0,,1510462800,2017-12-26 23:28:30.889609,0.0,0.0
1215,0.0,CLINT,1,JordanManual,CCCAGG,0.0,0.0,0.0,,1510466400,2017-12-26 23:28:30.889609,0.0,0.0
1216,0.007287,,1,JordanManual,CCCAGG,0.007287,0.006628,0.006628,CLINT,1510466400,2017-12-28 08:19:08.878898,0.0,0.0
1217,0.0,CLINT,1,JordanManual,CCCAGG,0.0,0.0,0.0,,1510470000,2017-12-26 23:28:30.889609,0.0,0.0
1218,0.0,CLINT,1,JordanManual,CCCAGG,0.0,0.0,0.0,,1510473600,2017-12-26 23:28:30.889609,0.0,0.0
1219,0.0,CLINT,1,JordanManual,CCCAGG,0.0,0.0,0.0,,1510477200,2017-12-26 23:28:30.889609,0.0,0.0
1220,0.007528,,1,JordanManual,CCCAGG,0.007528,0.007339,0.007339,CLINT,1510477200,2017-12-28 08:19:08.878898,0.0,0.0
1221,0.0,CLINT,1,JordanManual,CCCAGG,0.0,0.0,0.0,,1510480800,2017-12-26 23:28:30.889609,0.0,0.0
1222,0.0,CLINT,1,JordanManual,CCCAGG,0.0,0.0,0.0,,1510484400,2017-12-26 23:28:30.889609,0.0,0.0
1223,0.0,CLINT,1,JordanManual,CCCAGG,0.0,0.0,0.0,,1510488000,2017-12-26 23:28:30.889609,0.0,0.0
1224,0.007199,,1,JordanManual,CCCAGG,0.00731,0.007199,0.00731,CLINT,1510488000,2017-12-28 08:19:08.878898,0.0,0.0
1225,0.0,CLINT,1,JordanManual,CCCAGG,0.0,0.0,0.0,,1510491600,2017-12-26 23:28:30.889609,0.0,0.0
1226,0.0,CLINT,1,JordanManual,CCCAGG,0.0,0.0,0.0,,1510495200,2017-12-26 23:28:30.889609,0.0,0.0
1227,0.007177,,1,JordanManual,CCCAGG,0.007375,0.007177,0.007375,CLINT,1510498800,2017-12-28 08:19:08.878898,0.0,0.0
1228,0.0,CLINT,1,JordanManual,CCCAGG,0.0,0.0,0.0,,1510498800,2017-12-26 23:28:30.889609,0.0,0.0
1229,0.0,CLINT,1,JordanManual,CCCAGG,0.0,0.0,0.0,,1510502400,2017-12-26 23:28:30.889609,0.0,0.0
1230,0.0,CLINT,1,JordanManual,CCCAGG,0.0,0.0,0.0,,1510506000,2017-12-26 23:28:30.889609,0.0,0.0
1231,0.007028,,1,JordanManual,CCCAGG,0.007305,0.007028,0.007305,CLINT,1510509600,2017-12-28 08:19:08.878898,0.0,0.0
1232,0.0,CLINT,1,JordanManual,CCCAGG,0.0,0.0,0.0,,1510509600,2017-12-26 23:28:30.889609,0.0,0.0
1233,0.0,CLINT,1,JordanManual,CCCAGG,0.0,0.0,0.0,,1510513200,2017-12-26 23:28:30.889609,0.0,0.0
1234,0.0,CLINT,1,JordanManual,CCCAGG,0.0,0.0,0.0,,1510516800,2017-12-26 23:28:30.889609,0.0,0.0
1235,0.0,CLINT,1,JordanManual,CCCAGG,0.0,0.0,0.0,,1510520400,2017-12-26 23:28:30.889609,0.0,0.0
1236,0.006936,,1,JordanManual,CCCAGG,0.006975,0.006726,0.006975,CLINT,1510520400,2017-12-28 08:19:08.878898,150.0,1.01
1237,0.0,CLINT,1,JordanManual,CCCAGG,0.0,0.0,0.0,,1510524000,2017-12-26 23:28:30.889609,0.0,0.0
1238,0.0,CLINT,1,JordanManual,CCCAGG,0.0,0.0,0.0,,1510527600,2017-12-26 23:28:30.889609,0.0,0.0
1239,0.0,CLINT,1,JordanManual,CCCAGG,0.0,0.0,0.0,,1510531200,2017-12-26 23:28:30.889609,0.0,0.0
1240,0.007013,,1,JordanManual,CCCAGG,0.007121,0.006927,0.007121,CLINT,1510531200,2017-12-28 08:19:08.878898,0.0,0.0
1241,0.0,CLINT,1,JordanManual,CCCAGG,0.0,0.0,0.0,,1510534800,2017-12-26 23:28:30.889609,0.0,0.0
1242,0.0,CLINT,1,JordanManual,CCCAGG,0.0,0.0,0.0,,1510538400,2017-12-26 23:28:30.889609,0.0,0.0
1243,0.0,CLINT,1,JordanManual,CCCAGG,0.0,0.0,0.0,,1510542000,2017-12-26 23:28:30.889609,0.0,0.0
1244,0.007379,,1,JordanManual,CCCAGG,0.007379,0.007069,0.007069,CLINT,1510542000,2017-12-28 08:19:08.878898,2782.62,20.53
1245,0.0,CLINT,1,JordanManual,CCCAGG,0.0,0.0,0.0,,1510545600,2017-12-26 23:28:30.889609,0.0,0.0
1246,0.0,CLINT,1,JordanManual,CCCAGG,0.0,0.0,0.0,,1510549200,2017-12-26 23:28:30.889609,0.0,0.0
1247,0.00738,,1,JordanManual,CCCAGG,0.007431,0.00738,0.007431,CLINT,1510552800,2017-12-28 08:19:08.878898,0.0,0.0
1248,0.0,CLINT,1,JordanManual,CCCAGG,0.0,0.0,0.0,,1510552800,2017-12-26 23:28:30.889609,0.0,0.0
1249,0.0,CLINT,1,JordanManual,CCCAGG,0.0,0.0,0.0,,1510556400,2017-12-26 23:28:30.889609,0.0,0.0
1250,0.0,CLINT,1,JordanManual,CCCAGG,0.0,0.0,0.0,,1510560000,2017-12-26 23:28:30.889609,0.0,0.0
1251,0.0,CLINT,1,JordanManual,CCCAGG,0.0,0.0,0.0,,1510563600,2017-12-26 23:28:30.889609,0.0,0.0
1252,0.007678,,1,JordanManual,CCCAGG,0.007678,0.007536,0.007536,CLINT,1510563600,2017-12-28 08:19:08.878898,0.0,0.0
1253,0.0,CLINT,1,JordanManual,CCCAGG,0.0,0.0,0.0,,1510567200,2017-12-26 23:28:30.889609,0.0,0.0
1254,0.0,CLINT,1,JordanManual,CCCAGG,0.0,0.0,0.0,,1510570800,2017-12-26 23:28:30.889609,0.0,0.0
1255,0.0,CLINT,1,JordanManual,CCCAGG,0.0,0.0,0.0,,1510574400,2017-12-26 23:28:30.889609,0.0,0.0
1256,0.007662,,1,JordanManual,CCCAGG,0.007856,0.007662,0.007856,CLINT,1510574400,2017-12-28 08:19:08.878898,0.0,0.0
1257,0.0,CLINT,1,JordanManual,CCCAGG,0.0,0.0,0.0,,1510578000,2017-12-26 23:28:30.889609,0.0,0.0
1258,0.0,CLINT,1,JordanManual,CCCAGG,0.0,0.0,0.0,,1510581600,2017-12-26 23:28:30.889609,0.0,0.0
1259,0.007598,,1,JordanManual,CCCAGG,0.007852,0.007538,0.007852,CLINT,1510585200,2017-12-28 08:19:08.878898,0.0,0.0
1260,0.0,CLINT,1,JordanManual,CCCAGG,0.0,0.0,0.0,,1510585200,2017-12-26 23:28:30.889609,0.0,0.0
1261,0.0,CLINT,1,JordanManual,CCCAGG,0.0,0.0,0.0,,1510588800,2017-12-26 23:28:30.889609,0.0,0.0
1262,0.0,CLINT,1,JordanManual,CCCAGG,0.0,0.0,0.0,,1510592400,2017-12-26 23:28:30.889609,0.0,0.0
1263,0.0,CLINT,1,JordanManual,CCCAGG,0.0,0.0,0.0,,1510596000,2017-12-26 23:28:30.889609,0.0,0.0
1264,0.007547,,1,JordanManual,CCCAGG,0.007566,0.00747,0.00747,CLINT,1510596000,2017-12-28 08:19:08.878898,0.0,0.0
1265,0.0,CLINT,1,JordanManual,CCCAGG,0.0,0.0,0.0,,1510599600,2017-12-26 23:28:30.889609,0.0,0.0
1266,0.0,CLINT,1,JordanManual,CCCAGG,0.0,0.0,0.0,,1510603200,2017-12-26 23:28:30.889609,0.0,0.0
1267,0.007696,,1,JordanManual,CCCAGG,0.007696,0.007611,0.007634,CLINT,1510606800,2017-12-28 08:19:08.878898,0.0,0.0
1268,0.0,CLINT,1,JordanManual,CCCAGG,0.0,0.0,0.0,,1510606800,2017-12-26 23:28:30.889609,0.0,0.0
1269,0.0,CLINT,1,JordanManual,CCCAGG,0.0,0.0,0.0,,1510610400,2017-12-26 23:28:30.889609,0.0,0.0
1270,0.0,CLINT,1,JordanManual,CCCAGG,0.0,0.0,0.0,,1510614000,2017-12-26 23:28:30.889609,0.0,0.0
1271,0.007845,,1,JordanManual,CCCAGG,0.007845,0.007822,0.007836,CLINT,1510617600,2017-12-28 08:19:08.878898,0.0,0.0
1272,0.0,CLINT,1,JordanManual,CCCAGG,0.0,0.0,0.0,,1510617600,2017-12-26 23:28:30.889609,0.0,0.0
1273,0.0,CLINT,1,JordanManual,CCCAGG,0.0,0.0,0.0,,1510621200,2017-12-26 23:28:30.889609,0.0,0.0
1274,0.0,CLINT,1,JordanManual,CCCAGG,0.0,0.0,0.0,,1510624800,2017-12-26 23:28:30.889609,0.0,0.0
1275,0.0,CLINT,1,JordanManual,CCCAGG,0.0,0.0,0.0,,1510628400,2017-12-26 23:28:30.889609,0.0,0.0
1276,0.007746,,1,JordanManual,CCCAGG,0.007875,0.007746,0.007875,CLINT,1510628400,2017-12-28 08:19:08.878898,0.0,0.0
1277,0.0,CLINT,1,JordanManual,CCCAGG,0.0,0.0,0.0,,1510632000,2017-12-26 23:28:30.889609,0.0,0.0
1278,0.0,CLINT,1,JordanManual,CCCAGG,0.0,0.0,0.0,,1510635600,2017-12-26 23:28:30.889609,0.0,0.0
1279,0.007661,,1,JordanManual,CCCAGG,0.007777,0.007661,0.007775,CLINT,1510639200,2017-12-28 08:19:08.878898,0.0,0.0
1280,0.0,CLINT,1,JordanManual,CCCAGG,0.0,0.0,0.0,,1510639200,2017-12-26 23:28:30.889609,0.0,0.0
1281,0.0,CLINT,1,JordanManual,CCCAGG,0.0,0.0,0.0,,1510642800,2017-12-26 23:28:30.889609,0.0,0.0
1282,0.0,CLINT,1,JordanManual,CCCAGG,0.0,0.0,0.0,,1510646400,2017-12-26 23:28:30.889609,0.0,0.0
1283,0.007656,,1,JordanManual,CCCAGG,0.007784,0.007656,0.007744,CLINT,1510650000,2017-12-28 08:19:08.878898,0.0,0.0
1284,0.0,CLINT,1,JordanManual,CCCAGG,0.0,0.0,0.0,,1510650000,2017-12-26 23:28:30.889609,0.0,0.0
1285,0.0,CLINT,1,JordanManual,CCCAGG,0.0,0.0,0.0,,1510653600,2017-12-26 23:28:30.889609,0.0,0.0
1286,0.0,CLINT,1,JordanManual,CCCAGG,0.0,0.0,0.0,,1510657200,2017-12-26 23:28:30.889609,0.0,0.0
1287,0.0,CLINT,1,JordanManual,CCCAGG,0.0,0.0,0.0,,1510660800,2017-12-26 23:28:30.889609,0.0,0.0
1288,0.007728,,1,JordanManual,CCCAGG,0.007728,0.007637,0.007671,CLINT,1510660800,2017-12-28 08:19:08.878898,0.0,0.0
1289,0.0,CLINT,1,JordanManual,CCCAGG,0.0,0.0,0.0,,1510664400,2017-12-26 23:28:30.889609,0.0,0.0
1290,0.0,CLINT,1,JordanManual,CCCAGG,0.0,0.0,0.0,,1510668000,2017-12-26 23:28:30.889609,0.0,0.0
1291,0.007718,,1,JordanManual,CCCAGG,0.007742,0.007704,0.007704,CLINT,1510671600,2017-12-28 08:19:08.878898,0.0,0.0
1292,0.0,CLINT,1,JordanManual,CCCAGG,0.0,0.0,0.0,,1510671600,2017-12-26 23:28:30.889609,0.0,0.0
1293,0.0,CLINT,1,JordanManual,CCCAGG,0.0,0.0,0.0,,1510675200,2017-12-26 23:28:30.889609,0.0,0.0
1294,0.0,CLINT,1,JordanManual,CCCAGG,0.0,0.0,0.0,,1510678800,2017-12-26 23:28:30.889609,0.0,0.0
1295,0.007815,,1,JordanManual,CCCAGG,0.007815,0.007696,0.007696,CLINT,1510682400,2017-12-28 08:19:08.878898,0.0,0.0
1296,0.0,CLINT,1,JordanManual,CCCAGG,0.0,0.0,0.0,,1510682400,2017-12-26 23:28:30.889609,0.0,0.0
1297,0.0,CLINT,1,JordanManual,CCCAGG,0.0,0.0,0.0,,1510686000,2017-12-26 23:28:30.889609,0.0,0.0
1298,0.0,CLINT,1,JordanManual,CCCAGG,0.0,0.0,0.0,,1510689600,2017-12-26 23:28:30.889609,0.0,0.0
1299,0.0,CLINT,1,JordanManual,CCCAGG,0.0,0.0,0.0,,1510693200,2017-12-26 23:28:30.889609,0.0,0.0
1300,0.007785,,1,JordanManual,CCCAGG,0.007785,0.007757,0.007783,CLINT,1510693200,2017-12-28 08:19:08.878898,0.0,0.0
1301,0.0,CLINT,1,JordanManual,CCCAGG,0.0,0.0,0.0,,1510696800,2017-12-26 23:28:30.889609,0.0,0.0
1302,0.0,CLINT,1,JordanManual,CCCAGG,0.0,0.0,0.0,,1510700400,2017-12-26 23:28:30.889609,0.0,0.0
1303,0.0,CLINT,1,JordanManual,CCCAGG,0.0,0.0,0.0,,1510704000,2017-12-26 23:28:30.889609,0.0,0.0
1304,0.008128,,1,JordanManual,CCCAGG,0.008128,0.00795,0.00795,CLINT,1510704000,2017-12-28 08:19:08.878898,0.0,0.0
1305,0.0,CLINT,1,JordanManual,CCCAGG,0.0,0.0,0.0,,1510707600,2017-12-26 23:28:30.889609,0.0,0.0
1306,0.0,CLINT,1,JordanManual,CCCAGG,0.0,0.0,0.0,,1510711200,2017-12-26 23:28:30.889609,0.0,0.0
1307,0.008055,,1,JordanManual,CCCAGG,0.008099,0.008055,0.008099,CLINT,1510714800,2017-12-28 08:19:08.878898,0.0,0.0
1308,0.0,CLINT,1,JordanManual,CCCAGG,0.0,0.0,0.0,,1510714800,2017-12-26 23:28:30.889609,0.0,0.0
1309,0.0,CLINT,1,JordanManual,CCCAGG,0.0,0.0,0.0,,1510718400,2017-12-26 23:28:30.889609,0.0,0.0
1310,0.0,CLINT,1,JordanManual,CCCAGG,0.0,0.0,0.0,,1510722000,2017-12-26 23:28:30.889609,0.0,0.0
1311,0.0,CLINT,1,JordanManual,CCCAGG,0.0,0.0,0.0,,1510725600,2017-12-26 23:28:30.889609,0.0,0.0
1312,0.008168,,1,JordanManual,CCCAGG,0.008168,0.008093,0.008093,CLINT,1510725600,2017-12-28 08:19:08.878898,0.0,0.0
1313,0.0,CLINT,1,JordanManual,CCCAGG,0.0,0.0,0.0,,1510729200,2017-12-26 23:28:30.889609,0.0,0.0
1314,0.0,CLINT,1,JordanManual,CCCAGG,0.0,0.0,0.0,,1510732800,2017-12-26 23:28:30.889609,0.0,0.0
1315,0.0,CLINT,1,JordanManual,CCCAGG,0.0,0.0,0.0,,1510736400,2017-12-26 23:28:30.889609,0.0,0.0
1316,0.008328,,1,JordanManual,CCCAGG,0.008328,0.008135,0.008135,CLINT,1510736400,2017-12-28 08:19:08.878898,0.0,0.0
1317,0.0,CLINT,1,JordanManual,CCCAGG,0.0,0.0,0.0,,1510740000,2017-12-26 23:28:30.889609,0.0,0.0
1318,0.0,CLINT,1,JordanManual,CCCAGG,0.0,0.0,0.0,,1510743600,2017-12-26 23:28:30.889609,0.0,0.0
1319,0.0,CLINT,1,JordanManual,CCCAGG,0.0,0.0,0.0,,1510747200,2017-12-26 23:28:30.889609,0.0,0.0
1320,0.008436,,1,JordanManual,CCCAGG,0.008502,0.008412,0.008502,CLINT,1510747200,2017-12-28 08:19:08.878898,110.0,0.9253
1321,0.0,CLINT,1,JordanManual,CCCAGG,0.0,0.0,0.0,,1510750800,2017-12-26 23:28:30.889609,0.0,0.0
1322,0.0,CLINT,1,JordanManual,CCCAGG,0.0,0.0,0.0,,1510754400,2017-12-26 23:28:30.889609,0.0,0.0
1323,0.008477,,1,JordanManual,CCCAGG,0.008555,0.008453,0.008555,CLINT,1510758000,2017-12-28 08:19:08.878898,0.0,0.0
1324,0.0,CLINT,1,JordanManual,CCCAGG,0.0,0.0,0.0,,1510758000,2017-12-26 23:28:30.889609,0.0,0.0
1325,0.0,CLINT,1,JordanManual,CCCAGG,0.0,0.0,0.0,,1510761600,2017-12-26 23:28:30.889609,0.0,0.0
1326,0.0,CLINT,1,JordanManual,CCCAGG,0.0,0.0,0.0,,1510765200,2017-12-26 23:28:30.889609,0.0,0.0
1327,0.008567,,1,JordanManual,CCCAGG,0.008567,0.008413,0.008413,CLINT,1510768800,2017-12-28 08:19:08.878898,0.0,0.0
1328,0.0,CLINT,1,JordanManual,CCCAGG,0.0,0.0,0.0,,1510768800,2017-12-26 23:28:30.889609,0.0,0.0
1329,0.0,CLINT,1,JordanManual,CCCAGG,0.0,0.0,0.0,,1510772400,2017-12-26 23:28:30.889609,0.0,0.0
1330,0.0,CLINT,1,JordanManual,CCCAGG,0.0,0.0,0.0,,1510776000,2017-12-26 23:28:30.889609,0.0,0.0
1331,0.0,CLINT,1,JordanManual,CCCAGG,0.0,0.0,0.0,,1510779600,2017-12-26 23:28:30.889609,0.0,0.0
1332,0.008594,,1,JordanManual,CCCAGG,0.008617,0.008559,0.008617,CLINT,1510779600,2017-12-28 08:19:08.878898,0.0,0.0
1333,0.0,CLINT,1,JordanManual,CCCAGG,0.0,0.0,0.0,,1510783200,2017-12-26 23:28:30.889609,0.0,0.0
1334,0.0,CLINT,1,JordanManual,CCCAGG,0.0,0.0,0.0,,1510786800,2017-12-26 23:28:30.889609,0.0,0.0
1335,0.00848,,1,JordanManual,CCCAGG,0.00853,0.00846,0.00853,CLINT,1510790400,2017-12-28 08:19:08.878898,0.0,0.0
1336,0.0,CLINT,1,JordanManual,CCCAGG,0.0,0.0,0.0,,1510790400,2017-12-26 23:28:30.889609,0.0,0.0
1337,0.0,CLINT,1,JordanManual,CCCAGG,0.0,0.0,0.0,,1510794000,2017-12-26 23:28:30.889609,0.0,0.0
1338,0.0,CLINT,1,JordanManual,CCCAGG,0.0,0.0,0.0,,1510797600,2017-12-26 23:28:30.889609,0.0,0.0
1339,0.0,CLINT,1,JordanManual,CCCAGG,0.0,0.0,0.0,,1510801200,2017-12-26 23:28:30.889609,0.0,0.0
1340,0.00853,,1,JordanManual,CCCAGG,0.008566,0.00853,0.008566,CLINT,1510801200,2017-12-28 08:19:08.878898,0.0,0.0
1341,0.0,CLINT,1,JordanManual,CCCAGG,0.0,0.0,0.0,,1510804800,2017-12-26 23:28:30.889609,0.0,0.0
1342,0.0,CLINT,1,JordanManual,CCCAGG,0.0,0.0,0.0,,1510808400,2017-12-26 23:28:30.889609,0.0,0.0
1343,0.00875,,1,JordanManual,CCCAGG,0.00875,0.008602,0.008602,CLINT,1510812000,2017-12-28 08:19:08.878898,0.0,0.0
1344,0.0,CLINT,1,JordanManual,CCCAGG,0.0,0.0,0.0,,1510812000,2017-12-26 23:28:30.889609,0.0,0.0
1345,0.0,CLINT,1,JordanManual,CCCAGG,0.0,0.0,0.0,,1510815600,2017-12-26 23:28:30.889609,0.0,0.0
1346,0.0,CLINT,1,JordanManual,CCCAGG,0.0,0.0,0.0,,1510819200,2017-12-26 23:28:30.889609,0.0,0.0
1347,0.008758,,1,JordanManual,CCCAGG,0.008839,0.008758,0.008815,CLINT,1510822800,2017-12-28 08:19:08.878898,0.0,0.0
1348,0.0,CLINT,1,JordanManual,CCCAGG,0.0,0.0,0.0,,1510822800,2017-12-26 23:28:30.889609,0.0,0.0
1349,0.0,CLINT,1,JordanManual,CCCAGG,0.0,0.0,0.0,,1510826400,2017-12-26 23:28:30.889609,0.0,0.0
1350,0.0,CLINT,1,JordanManual,CCCAGG,0.0,0.0,0.0,,1510830000,2017-12-26 23:28:30.889609,0.0,0.0
1351,0.008851,,1,JordanManual,CCCAGG,0.008851,0.00874,0.008774,CLINT,1510833600,2017-12-28 08:19:08.878898,0.0,0.0
1352,0.0,CLINT,1,JordanManual,CCCAGG,0.0,0.0,0.0,,1510833600,2017-12-26 23:28:30.889609,0.0,0.0
1353,0.0,CLINT,1,JordanManual,CCCAGG,0.0,0.0,0.0,,1510837200,2017-12-26 23:28:30.889609,0.0,0.0
1354,0.0,CLINT,1,JordanManual,CCCAGG,0.0,0.0,0.0,,1510840800,2017-12-26 23:28:30.889609,0.0,0.0
1355,0.009063,,1,JordanManual,CCCAGG,0.009063,0.008809,0.008814,CLINT,1510844400,2017-12-28 08:19:08.878898,0.0,0.0
1356,0.0,CLINT,1,JordanManual,CCCAGG,0.0,0.0,0.0,,1510844400,2017-12-26 23:28:30.889609,0.0,0.0
1357,0.0,CLINT,1,JordanManual,CCCAGG,0.0,0.0,0.0,,1510848000,2017-12-26 23:28:30.889609,0.0,0.0
1358,0.0,CLINT,1,JordanManual,CCCAGG,0.0,0.0,0.0,,1510851600,2017-12-26 23:28:30.889609,0.0,0.0
1359,0.0,CLINT,1,JordanManual,CCCAGG,0.0,0.0,0.0,,1510855200,2017-12-26 23:28:30.889609,0.0,0.0
1360,0.009156,,1,JordanManual,CCCAGG,0.009209,0.009156,0.009209,CLINT,1510855200,2017-12-28 08:19:08.878898,0.0,0.0
1361,0.0,CLINT,1,JordanManual,CCCAGG,0.0,0.0,0.0,,1510858800,2017-12-26 23:28:30.889609,0.0,0.0
1362,0.0,CLINT,1,JordanManual,CCCAGG,0.0,0.0,0.0,,1510862400,2017-12-26 23:28:30.889609,0.0,0.0
1363,0.0,CLINT,1,JordanManual,CCCAGG,0.0,0.0,0.0,,1510866000,2017-12-26 23:28:30.889609,0.0,0.0
1364,0.009267,,1,JordanManual,CCCAGG,0.009308,0.009184,0.009308,CLINT,1510866000,2017-12-28 08:19:08.878898,0.0,0.0
1365,0.0,CLINT,1,JordanManual,CCCAGG,0.0,0.0,0.0,,1510869600,2017-12-26 23:28:30.889609,0.0,0.0
1366,0.0,CLINT,1,JordanManual,CCCAGG,0.0,0.0,0.0,,1510873200,2017-12-26 23:28:30.889609,0.0,0.0
1367,0.00933,,1,JordanManual,CCCAGG,0.009353,0.00931,0.009353,CLINT,1510876800,2017-12-28 08:19:08.878898,0.0,0.0
1368,0.0,CLINT,1,JordanManual,CCCAGG,0.0,0.0,0.0,,1510876800,2017-12-26 23:28:30.889609,0.0,0.0
1369,0.0,CLINT,1,JordanManual,CCCAGG,0.0,0.0,0.0,,1510880400,2017-12-26 23:28:30.889609,0.0,0.0
1370,0.0,CLINT,1,JordanManual,CCCAGG,0.0,0.0,0.0,,1510884000,2017-12-26 23:28:30.889609,0.0,0.0
1371,0.009356,,1,JordanManual,CCCAGG,0.009357,0.009322,0.009357,CLINT,1510887600,2017-12-28 08:19:08.878898,0.0,0.0
1372,0.0,CLINT,1,JordanManual,CCCAGG,0.0,0.0,0.0,,1510887600,2017-12-26 23:28:30.889609,0.0,0.0
1373,0.0,CLINT,1,JordanManual,CCCAGG,0.0,0.0,0.0,,1510891200,2017-12-26 23:28:30.889609,0.0,0.0
1374,0.0,CLINT,1,JordanManual,CCCAGG,0.0,0.0,0.0,,1510894800,2017-12-26 23:28:30.889609,0.0,0.0
1375,0.0,CLINT,1,JordanManual,CCCAGG,0.0,0.0,0.0,,1510898400,2017-12-26 23:28:30.889609,0.0,0.0
1376,0.009142,,1,JordanManual,CCCAGG,0.009281,0.008892,0.009281,CLINT,1510898400,2017-12-28 08:19:08.878898,0.0,0.0
1377,0.0,CLINT,1,JordanManual,CCCAGG,0.0,0.0,0.0,,1510902000,2017-12-26 23:28:30.889609,0.0,0.0
1378,0.0,CLINT,1,JordanManual,CCCAGG,0.0,0.0,0.0,,1510905600,2017-12-26 23:28:30.889609,0.0,0.0
1379,0.0,CLINT,1,JordanManual,CCCAGG,0.0,0.0,0.0,,1510909200,2017-12-26 23:28:30.889609,0.0,0.0
1380,0.009232,,1,JordanManual,CCCAGG,0.009302,0.009193,0.009193,CLINT,1510909200,2017-12-28 08:19:08.878898,0.0,0.0
1381,0.0,CLINT,1,JordanManual,CCCAGG,0.0,0.0,0.0,,1510912800,2017-12-26 23:28:30.889609,0.0,0.0
1382,0.0,CLINT,1,JordanManual,CCCAGG,0.0,0.0,0.0,,1510916400,2017-12-26 23:28:30.889609,0.0,0.0
1383,0.009328,,1,JordanManual,CCCAGG,0.009328,0.009143,0.009143,CLINT,1510920000,2017-12-28 08:19:08.878898,0.0,0.0
1384,0.0,CLINT,1,JordanManual,CCCAGG,0.0,0.0,0.0,,1510920000,2017-12-26 23:28:30.889609,0.0,0.0
1385,0.0,CLINT,1,JordanManual,CCCAGG,0.0,0.0,0.0,,1510923600,2017-12-26 23:28:30.889609,0.0,0.0
1386,0.0,CLINT,1,JordanManual,CCCAGG,0.0,0.0,0.0,,1510927200,2017-12-26 23:28:30.889609,0.0,0.0
1387,0.0,CLINT,1,JordanManual,CCCAGG,0.0,0.0,0.0,,1510930800,2017-12-26 23:28:30.889609,0.0,0.0
1388,0.008689,,1,JordanManual,CCCAGG,0.009396,0.008689,0.009396,CLINT,1510930800,2017-12-28 08:19:08.878898,3456.54,30.03
1389,0.0,CLINT,1,JordanManual,CCCAGG,0.0,0.0,0.0,,1510934400,2017-12-26 23:28:30.889609,0.0,0.0
1390,0.0,CLINT,1,JordanManual,CCCAGG,0.0,0.0,0.0,,1510938000,2017-12-26 23:28:30.889609,0.0,0.0
1391,0.0,CLINT,1,JordanManual,CCCAGG,0.0,0.0,0.0,,1510941600,2017-12-26 23:28:30.889609,0.0,0.0
1392,0.008558,,1,JordanManual,CCCAGG,0.008701,0.008558,0.008701,CLINT,1510941600,2017-12-28 08:19:08.878898,0.0,0.0
1393,0.0,CLINT,1,JordanManual,CCCAGG,0.0,0.0,0.0,,1510945200,2017-12-26 23:28:30.889609,0.0,0.0
1394,0.0,CLINT,1,JordanManual,CCCAGG,0.0,0.0,0.0,,1510948800,2017-12-26 23:28:30.889609,0.0,0.0
1395,0.008547,,1,JordanManual,CCCAGG,0.008629,0.008547,0.008558,CLINT,1510952400,2017-12-28 08:19:08.878898,0.0,0.0
1396,0.0,CLINT,1,JordanManual,CCCAGG,0.0,0.0,0.0,,1510952400,2017-12-26 23:28:30.889609,0.0,0.0
1397,0.0,CLINT,1,JordanManual,CCCAGG,0.0,0.0,0.0,,1510956000,2017-12-26 23:28:30.889609,0.0,0.0
1398,0.0,CLINT,1,JordanManual,CCCAGG,0.0,0.0,0.0,,1510959600,2017-12-26 23:28:30.889609,0.0,0.0
1399,0.008299,,1,JordanManual,CCCAGG,0.008449,0.008299,0.008449,CLINT,1510963200,2017-12-28 08:19:08.878898,0.0,0.0
1400,0.0,CLINT,1,JordanManual,CCCAGG,0.0,0.0,0.0,,1510963200,2017-12-26 23:28:30.889609,0.0,0.0
1401,0.0,CLINT,1,JordanManual,CCCAGG,0.0,0.0,0.0,,1510966800,2017-12-26 23:28:30.889609,0.0,0.0
1402,0.0,CLINT,1,JordanManual,CCCAGG,0.0,0.0,0.0,,1510970400,2017-12-26 23:28:30.889609,0.0,0.0
1403,0.0,CLINT,1,JordanManual,CCCAGG,0.0,0.0,0.0,,1510974000,2017-12-26 23:28:30.889609,0.0,0.0
1404,0.00855,,1,JordanManual,CCCAGG,0.008571,0.008435,0.008435,CLINT,1510974000,2017-12-28 08:19:08.878898,0.0,0.0
1405,0.0,CLINT,1,JordanManual,CCCAGG,0.0,0.0,0.0,,1510977600,2017-12-26 23:28:30.889609,0.0,0.0
1406,0.0,CLINT,1,JordanManual,CCCAGG,0.0,0.0,0.0,,1510981200,2017-12-26 23:28:30.889609,0.0,0.0
1407,0.008623,,1,JordanManual,CCCAGG,0.008623,0.008445,0.008445,CLINT,1510984800,2017-12-28 08:19:08.878898,0.0,0.0
1408,0.0,CLINT,1,JordanManual,CCCAGG,0.0,0.0,0.0,,1510984800,2017-12-26 23:28:30.889609,0.0,0.0
1409,0.0,CLINT,1,JordanManual,CCCAGG,0.0,0.0,0.0,,1510988400,2017-12-26 23:28:30.889609,0.0,0.0
1410,0.0,CLINT,1,JordanManual,CCCAGG,0.0,0.0,0.0,,1510992000,2017-12-26 23:28:30.889609,0.0,0.0
1411,0.0,CLINT,1,JordanManual,CCCAGG,0.0,0.0,0.0,,1510995600,2017-12-26 23:28:30.889609,0.0,0.0
1412,0.008649,,1,JordanManual,CCCAGG,0.008649,0.008587,0.008633,CLINT,1510995600,2017-12-28 08:19:08.878898,0.0,0.0
1413,0.0,CLINT,1,JordanManual,CCCAGG,0.0,0.0,0.0,,1510999200,2017-12-26 23:28:30.889609,0.0,0.0
1414,0.0,CLINT,1,JordanManual,CCCAGG,0.0,0.0,0.0,,1511002800,2017-12-26 23:28:30.889609,0.0,0.0
1415,0.0,CLINT,1,JordanManual,CCCAGG,0.0,0.0,0.0,,1511006400,2017-12-26 23:28:30.889609,0.0,0.0
1416,0.008559,,1,JordanManual,CCCAGG,0.008566,0.008499,0.008566,CLINT,1511006400,2017-12-28 08:19:08.878898,0.0,0.0
1417,0.0,CLINT,1,JordanManual,CCCAGG,0.0,0.0,0.0,,1511010000,2017-12-26 23:28:30.889609,0.0,0.0
1418,0.0,CLINT,1,JordanManual,CCCAGG,0.0,0.0,0.0,,1511013600,2017-12-26 23:28:30.889609,0.0,0.0
1419,0.0,CLINT,1,JordanManual,CCCAGG,0.0,0.0,0.0,,1511017200,2017-12-26 23:28:30.889609,0.0,0.0
1420,0.008587,,1,JordanManual,CCCAGG,0.008587,0.008491,0.008529,CLINT,1511017200,2017-12-28 08:19:08.878898,0.0,0.0
1421,0.0,CLINT,1,JordanManual,CCCAGG,0.0,0.0,0.0,,1511020800,2017-12-26 23:28:30.889609,0.0,0.0
1422,0.0,CLINT,1,JordanManual,CCCAGG,0.0,0.0,0.0,,1511024400,2017-12-26 23:28:30.889609,0.0,0.0
1423,0.0,CLINT,1,JordanManual,CCCAGG,0.0,0.0,0.0,,1511028000,2017-12-26 23:28:30.889609,0.0,0.0
1424,0.008601,,1,JordanManual,CCCAGG,0.008614,0.008589,0.008614,CLINT,1511028000,2017-12-28 08:19:08.878898,0.0,0.0
1425,0.0,CLINT,1,JordanManual,CCCAGG,0.0,0.0,0.0,,1511031600,2017-12-26 23:28:30.889609,0.0,0.0
1426,0.0,CLINT,1,JordanManual,CCCAGG,0.0,0.0,0.0,,1511035200,2017-12-26 23:28:30.889609,0.0,0.0
1427,0.008637,,1,JordanManual,CCCAGG,0.008702,0.008637,0.008702,CLINT,1511038800,2017-12-28 08:19:08.878898,0.0,0.0
1428,0.0,CLINT,1,JordanManual,CCCAGG,0.0,0.0,0.0,,1511038800,2017-12-26 23:28:30.889609,0.0,0.0
1429,0.0,CLINT,1,JordanManual,CCCAGG,0.0,0.0,0.0,,1511042400,2017-12-26 23:28:30.889609,0.0,0.0
1430,0.0,CLINT,1,JordanManual,CCCAGG,0.0,0.0,0.0,,1511046000,2017-12-26 23:28:30.889609,0.0,0.0
1431,0.008655,,1,JordanManual,CCCAGG,0.008679,0.008607,0.008607,CLINT,1511049600,2017-12-28 08:19:08.878898,0.0,0.0
1432,0.0,CLINT,1,JordanManual,CCCAGG,0.0,0.0,0.0,,1511049600,2017-12-26 23:28:30.889609,0.0,0.0
1433,0.0,CLINT,1,JordanManual,CCCAGG,0.0,0.0,0.0,,1511053200,2017-12-26 23:28:30.889609,0.0,0.0
1434,0.0,CLINT,1,JordanManual,CCCAGG,0.0,0.0,0.0,,1511056800,2017-12-26 23:28:30.889609,0.0,0.0
1435,0.0,CLINT,1,JordanManual,CCCAGG,0.0,0.0,0.0,,1511060400,2017-12-26 23:28:30.889609,0.0,0.0
1436,0.008616,,1,JordanManual,CCCAGG,0.008645,0.008616,0.008645,CLINT,1511060400,2017-12-28 08:19:08.878898,0.0,0.0
1437,0.0,CLINT,1,JordanManual,CCCAGG,0.0,0.0,0.0,,1511064000,2017-12-26 23:28:30.889609,0.0,0.0
1438,0.0,CLINT,1,JordanManual,CCCAGG,0.0,0.0,0.0,,1511067600,2017-12-26 23:28:30.889609,0.0,0.0
1439,0.0,CLINT,1,JordanManual,CCCAGG,0.0,0.0,0.0,,1511071200,2017-12-26 23:28:30.889609,0.0,0.0
1440,0.008584,,1,JordanManual,CCCAGG,0.008607,0.008573,0.008607,CLINT,1511071200,2017-12-28 08:19:08.878898,0.0,0.0
1441,0.0,CLINT,1,JordanManual,CCCAGG,0.0,0.0,0.0,,1511074800,2017-12-26 23:28:30.889609,0.0,0.0
1442,0.0,CLINT,1,JordanManual,CCCAGG,0.0,0.0,0.0,,1511078400,2017-12-26 23:28:30.889609,0.0,0.0
1443,0.01007,,1,JordanManual,CCCAGG,0.01007,0.008602,0.008629,CLINT,1511082000,2017-12-28 08:19:08.878898,100.0,1.01
1444,0.0,CLINT,1,JordanManual,CCCAGG,0.0,0.0,0.0,,1511082000,2017-12-26 23:28:30.889609,0.0,0.0
1445,0.0,CLINT,1,JordanManual,CCCAGG,0.0,0.0,0.0,,1511085600,2017-12-26 23:28:30.889609,0.0,0.0
1446,0.0,CLINT,1,JordanManual,CCCAGG,0.0,0.0,0.0,,1511089200,2017-12-26 23:28:30.889609,0.0,0.0
1447,0.01012,,1,JordanManual,CCCAGG,0.01013,0.01004,0.01004,CLINT,1511092800,2017-12-28 08:19:08.878898,0.0,0.0
1448,0.0,CLINT,1,JordanManual,CCCAGG,0.0,0.0,0.0,,1511092800,2017-12-26 23:28:30.889609,0.0,0.0
1449,0.0,CLINT,1,JordanManual,CCCAGG,0.0,0.0,0.0,,1511096400,2017-12-26 23:28:30.889609,0.0,0.0
1450,0.0,CLINT,1,JordanManual,CCCAGG,0.0,0.0,0.0,,1511100000,2017-12-26 23:28:30.889609,0.0,0.0
1451,0.01036,,1,JordanManual,CCCAGG,0.01036,0.01009,0.01009,CLINT,1511103600,2017-12-28 08:19:08.878898,0.0,0.0
1452,0.0,CLINT,1,JordanManual,CCCAGG,0.0,0.0,0.0,,1511103600,2017-12-26 23:28:30.889609,0.0,0.0
1453,0.0,CLINT,1,JordanManual,CCCAGG,0.0,0.0,0.0,,1511107200,2017-12-26 23:28:30.889609,0.0,0.0
1454,0.0,CLINT,1,JordanManual,CCCAGG,0.0,0.0,0.0,,1511110800,2017-12-26 23:28:30.889609,0.0,0.0
1455,0.0,CLINT,1,JordanManual,CCCAGG,0.0,0.0,0.0,,1511114400,2017-12-26 23:28:30.889609,0.0,0.0
1456,0.008921,,1,JordanManual,CCCAGG,0.01045,0.008921,0.01039,CLINT,1511114400,2017-12-28 08:19:08.878898,742.03,6.62
1457,0.0,CLINT,1,JordanManual,CCCAGG,0.0,0.0,0.0,,1511118000,2017-12-26 23:28:30.889609,0.0,0.0
1458,0.0,CLINT,1,JordanManual,CCCAGG,0.0,0.0,0.0,,1511121600,2017-12-26 23:28:30.889609,0.0,0.0
1459,0.0,CLINT,1,JordanManual,CCCAGG,0.0,0.0,0.0,,1511125200,2017-12-26 23:28:30.889609,0.0,0.0
1460,0.008927,,1,JordanManual,CCCAGG,0.008927,0.008905,0.008916,CLINT,1511125200,2017-12-28 08:19:08.878898,0.0,0.0
1461,0.0,CLINT,1,JordanManual,CCCAGG,0.0,0.0,0.0,,1511128800,2017-12-26 23:28:30.889609,0.0,0.0
1462,0.0,CLINT,1,JordanManual,CCCAGG,0.0,0.0,0.0,,1511132400,2017-12-26 23:28:30.889609,0.0,0.0
1463,0.008857,,1,JordanManual,CCCAGG,0.008925,0.008857,0.008925,CLINT,1511136000,2017-12-28 08:19:08.878898,0.0,0.0
1464,0.0,CLINT,1,JordanManual,CCCAGG,0.0,0.0,0.0,,1511136000,2017-12-26 23:28:30.889609,0.0,0.0
1465,0.0,CLINT,1,JordanManual,CCCAGG,0.0,0.0,0.0,,1511139600,2017-12-26 23:28:30.889609,0.0,0.0
1466,0.0,CLINT,1,JordanManual,CCCAGG,0.0,0.0,0.0,,1511143200,2017-12-26 23:28:30.889609,0.0,0.0
1467,0.008882,,1,JordanManual,CCCAGG,0.008891,0.008841,0.008841,CLINT,1511146800,2017-12-28 08:19:08.878898,0.0,0.0
1468,0.0,CLINT,1,JordanManual,CCCAGG,0.0,0.0,0.0,,1511146800,2017-12-26 23:28:30.889609,0.0,0.0
1469,0.0,CLINT,1,JordanManual,CCCAGG,0.0,0.0,0.0,,1511150400,2017-12-26 23:28:30.889609,0.0,0.0
1470,0.0,CLINT,1,JordanManual,CCCAGG,0.0,0.0,0.0,,1511154000,2017-12-26 23:28:30.889609,0.0,0.0
1471,0.0,CLINT,1,JordanManual,CCCAGG,0.0,0.0,0.0,,1511157600,2017-12-26 23:28:30.889609,0.0,0.0
1472,0.008938,,1,JordanManual,CCCAGG,0.008938,0.008898,0.00891,CLINT,1511157600,2017-12-28 08:19:08.878898,0.0,0.0
1473,0.0,CLINT,1,JordanManual,CCCAGG,0.0,0.0,0.0,,1511161200,2017-12-26 23:28:30.889609,0.0,0.0
1474,0.0,CLINT,1,JordanManual,CCCAGG,0.0,0.0,0.0,,1511164800,2017-12-26 23:28:30.889609,0.0,0.0
1475,0.0,CLINT,1,JordanManual,CCCAGG,0.0,0.0,0.0,,1511168400,2017-12-26 23:28:30.889609,0.0,0.0
1476,0.008946,,1,JordanManual,CCCAGG,0.008946,0.008913,0.008913,CLINT,1511168400,2017-12-28 08:19:08.878898,0.0,0.0
1477,0.0,CLINT,1,JordanManual,CCCAGG,0.0,0.0,0.0,,1511172000,2017-12-26 23:28:30.889609,0.0,0.0
1478,0.0,CLINT,1,JordanManual,CCCAGG,0.0,0.0,0.0,,1511175600,2017-12-26 23:28:30.889609,0.0,0.0
1479,0.0,CLINT,1,JordanManual,CCCAGG,0.0,0.0,0.0,,1511179200,2017-12-26 23:28:30.889609,0.0,0.0
1480,0.009158,,1,JordanManual,CCCAGG,0.009158,0.009036,0.009036,CLINT,1511179200,2017-12-28 08:19:08.878898,0.0,0.0
1481,0.0,CLINT,1,JordanManual,CCCAGG,0.0,0.0,0.0,,1511182800,2017-12-26 23:28:30.889609,0.0,0.0
1482,0.0,CLINT,1,JordanManual,CCCAGG,0.0,0.0,0.0,,1511186400,2017-12-26 23:28:30.889609,0.0,0.0
1483,0.0,CLINT,1,JordanManual,CCCAGG,0.0,0.0,0.0,,1511190000,2017-12-26 23:28:30.889609,0.0,0.0
1484,0.009161,,1,JordanManual,CCCAGG,0.009161,0.009112,0.009112,CLINT,1511190000,2017-12-28 08:19:08.878898,0.0,0.0
1485,0.0,CLINT,1,JordanManual,CCCAGG,0.0,0.0,0.0,,1511193600,2017-12-26 23:28:30.889609,0.0,0.0
1486,0.0,CLINT,1,JordanManual,CCCAGG,0.0,0.0,0.0,,1511197200,2017-12-26 23:28:30.889609,0.0,0.0
1487,0.009151,,1,JordanManual,CCCAGG,0.009151,0.009114,0.009114,CLINT,1511200800,2017-12-28 08:19:08.878898,0.0,0.0
1488,0.0,CLINT,1,JordanManual,CCCAGG,0.0,0.0,0.0,,1511200800,2017-12-26 23:28:30.889609,0.0,0.0
1489,0.0,CLINT,1,JordanManual,CCCAGG,0.0,0.0,0.0,,1511204400,2017-12-26 23:28:30.889609,0.0,0.0
1490,0.0,CLINT,1,JordanManual,CCCAGG,0.0,0.0,0.0,,1511208000,2017-12-26 23:28:30.889609,0.0,0.0
1491,0.009152,,1,JordanManual,CCCAGG,0.009181,0.009152,0.009176,CLINT,1511211600,2017-12-28 08:19:08.878898,0.0,0.0
1492,0.0,CLINT,1,JordanManual,CCCAGG,0.0,0.0,0.0,,1511211600,2017-12-26 23:28:30.889609,0.0,0.0
1493,0.0,CLINT,1,JordanManual,CCCAGG,0.0,0.0,0.0,,1511215200,2017-12-26 23:28:30.889609,0.0,0.0
1494,0.0,CLINT,1,JordanManual,CCCAGG,0.0,0.0,0.0,,1511218800,2017-12-26 23:28:30.889609,0.0,0.0
1495,0.0,CLINT,1,JordanManual,CCCAGG,0.0,0.0,0.0,,1511222400,2017-12-26 23:28:30.889609,0.0,0.0
1496,0.008986,,1,JordanManual,CCCAGG,0.00917,0.008986,0.009159,CLINT,1511222400,2017-12-28 08:19:08.878898,0.0,0.0
1497,0.0,CLINT,1,JordanManual,CCCAGG,0.0,0.0,0.0,,1511226000,2017-12-26 23:28:30.889609,0.0,0.0
1498,0.0,CLINT,1,JordanManual,CCCAGG,0.0,0.0,0.0,,1511229600,2017-12-26 23:28:30.889609,0.0,0.0
1499,0.008976,,1,JordanManual,CCCAGG,0.008976,0.008723,0.008765,CLINT,1511233200,2017-12-28 08:19:08.878898,0.0,0.0
1500,0.0,CLINT,1,JordanManual,CCCAGG,0.0,0.0,0.0,,1511233200,2017-12-26 23:28:30.889609,0.0,0.0
1501,0.0,CLINT,1,JordanManual,CCCAGG,0.0,0.0,0.0,,1511236800,2017-12-26 23:28:30.889609,0.0,0.0
1502,0.0,CLINT,1,JordanManual,CCCAGG,0.0,0.0,0.0,,1511240400,2017-12-26 23:28:30.889609,0.0,0.0
1503,0.009095,,1,JordanManual,CCCAGG,0.009095,0.008947,0.008947,CLINT,1511244000,2017-12-28 08:19:08.878898,0.0,0.0
1504,0.0,CLINT,1,JordanManual,CCCAGG,0.0,0.0,0.0,,1511244000,2017-12-26 23:28:30.889609,0.0,0.0
1505,0.0,CLINT,1,JordanManual,CCCAGG,0.0,0.0,0.0,,1511247600,2017-12-26 23:28:30.889609,0.0,0.0
1506,0.0,CLINT,1,JordanManual,CCCAGG,0.0,0.0,0.0,,1511251200,2017-12-26 23:28:30.889609,0.0,0.0
1507,0.009107,,1,JordanManual,CCCAGG,0.009117,0.009087,0.009117,CLINT,1511254800,2017-12-28 08:19:08.878898,0.0,0.0
1508,0.0,CLINT,1,JordanManual,CCCAGG,0.0,0.0,0.0,,1511254800,2017-12-26 23:28:30.889609,0.0,0.0
1509,0.0,CLINT,1,JordanManual,CCCAGG,0.0,0.0,0.0,,1511258400,2017-12-26 23:28:30.889609,0.0,0.0
1510,0.0,CLINT,1,JordanManual,CCCAGG,0.0,0.0,0.0,,1511262000,2017-12-26 23:28:30.889609,0.0,0.0
1511,0.009256,,1,JordanManual,CCCAGG,0.009256,0.009114,0.009114,CLINT,1511265600,2017-12-28 08:19:08.878898,0.0,0.0
1512,0.0,CLINT,1,JordanManual,CCCAGG,0.0,0.0,0.0,,1511265600,2017-12-26 23:28:30.889609,0.0,0.0
1513,0.0,CLINT,1,JordanManual,CCCAGG,0.0,0.0,0.0,,1511269200,2017-12-26 23:28:30.889609,0.0,0.0
1514,0.0,CLINT,1,JordanManual,CCCAGG,0.0,0.0,0.0,,1511272800,2017-12-26 23:28:30.889609,0.0,0.0
1515,0.0,CLINT,1,JordanManual,CCCAGG,0.0,0.0,0.0,,1511276400,2017-12-26 23:28:30.889609,0.0,0.0
1516,0.009204,,1,JordanManual,CCCAGG,0.009267,0.009188,0.009267,CLINT,1511276400,2017-12-28 08:19:08.878898,0.0,0.0
1517,0.0,CLINT,1,JordanManual,CCCAGG,0.0,0.0,0.0,,1511280000,2017-12-26 23:28:30.889609,0.0,0.0
1518,0.0,CLINT,1,JordanManual,CCCAGG,0.0,0.0,0.0,,1511283600,2017-12-26 23:28:30.889609,0.0,0.0
1519,0.0,CLINT,1,JordanManual,CCCAGG,0.0,0.0,0.0,,1511287200,2017-12-26 23:28:30.889609,0.0,0.0
1520,0.009101,,1,JordanManual,CCCAGG,0.009165,0.009024,0.009165,CLINT,1511287200,2017-12-28 08:19:08.878898,0.0,0.0
1521,0.0,CLINT,1,JordanManual,CCCAGG,0.0,0.0,0.0,,1511290800,2017-12-26 23:28:30.889609,0.0,0.0
1522,0.0,CLINT,1,JordanManual,CCCAGG,0.0,0.0,0.0,,1511294400,2017-12-26 23:28:30.889609,0.0,0.0
1523,0.0,CLINT,1,JordanManual,CCCAGG,0.0,0.0,0.0,,1511298000,2017-12-26 23:28:30.889609,0.0,0.0
1524,0.008991,,1,JordanManual,CCCAGG,0.009045,0.008879,0.009045,CLINT,1511298000,2017-12-28 08:19:08.878898,0.0,0.0
1525,0.0,CLINT,1,JordanManual,CCCAGG,0.0,0.0,0.0,,1511301600,2017-12-26 23:28:30.889609,0.0,0.0
1526,0.0,CLINT,1,JordanManual,CCCAGG,0.0,0.0,0.0,,1511305200,2017-12-26 23:28:30.889609,0.0,0.0
1527,0.0,CLINT,1,JordanManual,CCCAGG,0.0,0.0,0.0,,1511308800,2017-12-26 23:28:30.889609,0.0,0.0
1528,0.009079,,1,JordanManual,CCCAGG,0.009079,0.009045,0.009045,CLINT,1511308800,2017-12-28 08:19:08.878898,0.0,0.0
1529,0.0,CLINT,1,JordanManual,CCCAGG,0.0,0.0,0.0,,1511312400,2017-12-26 23:28:30.889609,0.0,0.0
1530,0.0,CLINT,1,JordanManual,CCCAGG,0.0,0.0,0.0,,1511316000,2017-12-26 23:28:30.889609,0.0,0.0
1531,0.0,CLINT,1,JordanManual,CCCAGG,0.0,0.0,0.0,,1511319600,2017-12-26 23:28:30.889609,0.0,0.0
1532,0.009056,,1,JordanManual,CCCAGG,0.009077,0.009056,0.009073,CLINT,1511319600,2017-12-28 08:19:08.878898,0.0,0.0
1533,0.0,CLINT,1,JordanManual,CCCAGG,0.0,0.0,0.0,,1511323200,2017-12-26 23:28:30.889609,0.0,0.0
1534,0.0,CLINT,1,JordanManual,CCCAGG,0.0,0.0,0.0,,1511326800,2017-12-26 23:28:30.889609,0.0,0.0
1535,0.0,CLINT,1,JordanManual,CCCAGG,0.0,0.0,0.0,,1511330400,2017-12-26 23:28:30.889609,0.0,0.0
1536,0.009189,,1,JordanManual,CCCAGG,0.009189,0.009089,0.009089,CLINT,1511330400,2017-12-28 08:19:08.878898,0.0,0.0
1537,0.0,CLINT,1,JordanManual,CCCAGG,0.0,0.0,0.0,,1511334000,2017-12-26 23:28:30.889609,0.0,0.0
1538,0.0,CLINT,1,JordanManual,CCCAGG,0.0,0.0,0.0,,1511337600,2017-12-26 23:28:30.889609,0.0,0.0
1539,0.0,CLINT,1,JordanManual,CCCAGG,0.0,0.0,0.0,,1511341200,2017-12-26 23:28:30.889609,0.0,0.0
1540,0.009187,,1,JordanManual,CCCAGG,0.009213,0.009172,0.009172,CLINT,1511341200,2017-12-28 08:19:08.878898,0.0,0.0
1541,0.0,CLINT,1,JordanManual,CCCAGG,0.0,0.0,0.0,,1511344800,2017-12-26 23:28:30.889609,0.0,0.0
1542,0.0,CLINT,1,JordanManual,CCCAGG,0.0,0.0,0.0,,1511348400,2017-12-26 23:28:30.889609,0.0,0.0
1543,0.0,CLINT,1,JordanManual,CCCAGG,0.0,0.0,0.0,,1511352000,2017-12-26 23:28:30.889609,0.0,0.0
1544,0.009135,,1,JordanManual,CCCAGG,0.009147,0.009088,0.009147,CLINT,1511352000,2017-12-28 08:19:08.878898,0.0,0.0
1545,0.0,CLINT,1,JordanManual,CCCAGG,0.0,0.0,0.0,,1511355600,2017-12-26 23:28:30.889609,0.0,0.0
1546,0.0,CLINT,1,JordanManual,CCCAGG,0.0,0.0,0.0,,1511359200,2017-12-26 23:28:30.889609,0.0,0.0
1547,0.0,CLINT,1,JordanManual,CCCAGG,0.0,0.0,0.0,,1511362800,2017-12-26 23:28:30.889609,0.0,0.0
1548,0.009047,,1,JordanManual,CCCAGG,0.009139,0.009047,0.009139,CLINT,1511362800,2017-12-28 08:19:08.878898,0.0,0.0
1549,0.0,CLINT,1,JordanManual,CCCAGG,0.0,0.0,0.0,,1511366400,2017-12-26 23:28:30.889609,0.0,0.0
1550,0.0,CLINT,1,JordanManual,CCCAGG,0.0,0.0,0.0,,1511370000,2017-12-26 23:28:30.889609,0.0,0.0
1551,0.009102,,1,JordanManual,CCCAGG,0.009102,0.009055,0.009055,CLINT,1511373600,2017-12-28 08:19:08.878898,0.0,0.0
1552,0.0,CLINT,1,JordanManual,CCCAGG,0.0,0.0,0.0,,1511373600,2017-12-26 23:28:30.889609,0.0,0.0
1553,0.0,CLINT,1,JordanManual,CCCAGG,0.0,0.0,0.0,,1511377200,2017-12-26 23:28:30.889609,0.0,0.0
1554,0.0,CLINT,1,JordanManual,CCCAGG,0.0,0.0,0.0,,1511380800,2017-12-26 23:28:30.889609,0.0,0.0
1555,0.0,CLINT,1,JordanManual,CCCAGG,0.0,0.0,0.0,,1511384400,2017-12-26 23:28:30.889609,0.0,0.0
1556,0.00914,,1,JordanManual,CCCAGG,0.00917,0.009104,0.009104,CLINT,1511384400,2017-12-28 08:19:08.878898,0.0,0.0
1557,0.0,CLINT,1,JordanManual,CCCAGG,0.0,0.0,0.0,,1511388000,2017-12-26 23:28:30.889609,0.0,0.0
1558,0.0,CLINT,1,JordanManual,CCCAGG,0.0,0.0,0.0,,1511391600,2017-12-26 23:28:30.889609,0.0,0.0
1559,0.009133,,1,JordanManual,CCCAGG,0.009133,0.009089,0.009129,CLINT,1511395200,2017-12-28 08:19:08.878898,0.0,0.0
1560,0.0,CLINT,1,JordanManual,CCCAGG,0.0,0.0,0.0,,1511395200,2017-12-26 23:28:30.889609,0.0,0.0
1561,0.0,CLINT,1,JordanManual,CCCAGG,0.0,0.0,0.0,,1511398800,2017-12-26 23:28:30.889609,0.0,0.0
1562,0.0,CLINT,1,JordanManual,CCCAGG,0.0,0.0,0.0,,1511402400,2017-12-26 23:28:30.889609,0.0,0.0
1563,0.00915,,1,JordanManual,CCCAGG,0.00915,0.009109,0.009109,CLINT,1511406000,2017-12-28 08:19:08.878898,0.0,0.0
1564,0.0,CLINT,1,JordanManual,CCCAGG,0.0,0.0,0.0,,1511406000,2017-12-26 23:28:30.889609,0.0,0.0
1565,0.0,CLINT,1,JordanManual,CCCAGG,0.0,0.0,0.0,,1511409600,2017-12-26 23:28:30.889609,0.0,0.0
1566,0.0,CLINT,1,JordanManual,CCCAGG,0.0,0.0,0.0,,1511413200,2017-12-26 23:28:30.889609,0.0,0.0
1567,0.0,CLINT,1,JordanManual,CCCAGG,0.0,0.0,0.0,,1511416800,2017-12-26 23:28:30.889609,0.0,0.0
1568,0.009065,,1,JordanManual,CCCAGG,0.009151,0.009039,0.009151,CLINT,1511416800,2017-12-28 08:19:08.878898,0.0,0.0
1569,0.0,CLINT,1,JordanManual,CCCAGG,0.0,0.0,0.0,,1511420400,2017-12-26 23:28:30.889609,0.0,0.0
1570,0.0,CLINT,1,JordanManual,CCCAGG,0.0,0.0,0.0,,1511424000,2017-12-26 23:28:30.889609,0.0,0.0
1571,0.009035,,1,JordanManual,CCCAGG,0.009069,0.009004,0.009069,CLINT,1511427600,2017-12-28 08:19:08.878898,0.0,0.0
1572,0.0,CLINT,1,JordanManual,CCCAGG,0.0,0.0,0.0,,1511427600,2017-12-26 23:28:30.889609,0.0,0.0
1573,0.0,CLINT,1,JordanManual,CCCAGG,0.0,0.0,0.0,,1511431200,2017-12-26 23:28:30.889609,0.0,0.0
1574,0.0,CLINT,1,JordanManual,CCCAGG,0.0,0.0,0.0,,1511434800,2017-12-26 23:28:30.889609,0.0,0.0
1575,0.009089,,1,JordanManual,CCCAGG,0.009104,0.009071,0.009071,CLINT,1511438400,2017-12-28 08:19:08.878898,0.0,0.0
1576,0.0,CLINT,1,JordanManual,CCCAGG,0.0,0.0,0.0,,1511438400,2017-12-26 23:28:30.889609,0.0,0.0
1577,0.0,CLINT,1,JordanManual,CCCAGG,0.0,0.0,0.0,,1511442000,2017-12-26 23:28:30.889609,0.0,0.0
1578,0.0,CLINT,1,JordanManual,CCCAGG,0.0,0.0,0.0,,1511445600,2017-12-26 23:28:30.889609,0.0,0.0
1579,0.0,CLINT,1,JordanManual,CCCAGG,0.0,0.0,0.0,,1511449200,2017-12-26 23:28:30.889609,0.0,0.0
1580,0.00905,,1,JordanManual,CCCAGG,0.009072,0.00905,0.009072,CLINT,1511449200,2017-12-28 08:19:08.878898,0.0,0.0
1581,0.0,CLINT,1,JordanManual,CCCAGG,0.0,0.0,0.0,,1511452800,2017-12-26 23:28:30.889609,0.0,0.0
1582,0.0,CLINT,1,JordanManual,CCCAGG,0.0,0.0,0.0,,1511456400,2017-12-26 23:28:30.889609,0.0,0.0
1583,0.0,CLINT,1,JordanManual,CCCAGG,0.0,0.0,0.0,,1511460000,2017-12-26 23:28:30.889609,0.0,0.0
1584,0.009082,,1,JordanManual,CCCAGG,0.009082,0.009032,0.009032,CLINT,1511460000,2017-12-28 08:19:08.878898,0.0,0.0
1585,0.0,CLINT,1,JordanManual,CCCAGG,0.0,0.0,0.0,,1511463600,2017-12-26 23:28:30.889609,0.0,0.0
1586,0.0,CLINT,1,JordanManual,CCCAGG,0.0,0.0,0.0,,1511467200,2017-12-26 23:28:30.889609,0.0,0.0
1587,0.0,CLINT,1,JordanManual,CCCAGG,0.0,0.0,0.0,,1511470800,2017-12-26 23:28:30.889609,0.0,0.0
1588,0.008895,,1,JordanManual,CCCAGG,0.009068,0.008895,0.009068,CLINT,1511470800,2017-12-28 08:19:08.878898,0.0,0.0
1589,0.0,CLINT,1,JordanManual,CCCAGG,0.0,0.0,0.0,,1511474400,2017-12-26 23:28:30.889609,0.0,0.0
1590,0.0,CLINT,1,JordanManual,CCCAGG,0.0,0.0,0.0,,1511478000,2017-12-26 23:28:30.889609,0.0,0.0
1591,0.0,CLINT,1,JordanManual,CCCAGG,0.0,0.0,0.0,,1511481600,2017-12-26 23:28:30.889609,0.0,0.0
1592,0.008958,,1,JordanManual,CCCAGG,0.008958,0.008824,0.008874,CLINT,1511481600,2017-12-28 08:19:08.878898,0.0,0.0
1593,0.0,CLINT,1,JordanManual,CCCAGG,0.0,0.0,0.0,,1511485200,2017-12-26 23:28:30.889609,0.0,0.0
1594,0.0,CLINT,1,JordanManual,CCCAGG,0.0,0.0,0.0,,1511488800,2017-12-26 23:28:30.889609,0.0,0.0
1595,0.0,CLINT,1,JordanManual,CCCAGG,0.0,0.0,0.0,,1511492400,2017-12-26 23:28:30.889609,0.0,0.0
1596,0.008999,,1,JordanManual,CCCAGG,0.008999,0.008959,0.008977,CLINT,1511492400,2017-12-28 08:19:08.878898,0.0,0.0
1597,0.0,CLINT,1,JordanManual,CCCAGG,0.0,0.0,0.0,,1511496000,2017-12-26 23:28:30.889609,0.0,0.0
1598,0.0,CLINT,1,JordanManual,CCCAGG,0.0,0.0,0.0,,1511499600,2017-12-26 23:28:30.889609,0.0,0.0
1599,0.0,CLINT,1,JordanManual,CCCAGG,0.0,0.0,0.0,,1511503200,2017-12-26 23:28:30.889609,0.0,0.0
1600,0.009148,,1,JordanManual,CCCAGG,0.00916,0.009081,0.009081,CLINT,1511503200,2017-12-28 08:19:08.878898,0.0,0.0
1601,0.0,CLINT,1,JordanManual,CCCAGG,0.0,0.0,0.0,,1511506800,2017-12-26 23:28:30.889609,0.0,0.0
1602,0.0,CLINT,1,JordanManual,CCCAGG,0.0,0.0,0.0,,1511510400,2017-12-26 23:28:30.889609,0.0,0.0
1603,0.009147,,1,JordanManual,CCCAGG,0.009147,0.00908,0.00911,CLINT,1511514000,2017-12-28 08:19:08.878898,1396.55,12.77
1604,0.0,CLINT,1,JordanManual,CCCAGG,0.0,0.0,0.0,,1511514000,2017-12-26 23:28:30.889609,0.0,0.0
1605,0.0,CLINT,1,JordanManual,CCCAGG,0.0,0.0,0.0,,1511517600,2017-12-26 23:28:30.889609,0.0,0.0
1606,0.0,CLINT,1,JordanManual,CCCAGG,0.0,0.0,0.0,,1511521200,2017-12-26 23:28:30.889609,0.0,0.0
1607,0.0,CLINT,1,JordanManual,CCCAGG,0.0,0.0,0.0,,1511524800,2017-12-26 23:28:30.889609,0.0,0.0
1608,0.009081,,1,JordanManual,CCCAGG,0.009105,0.009081,0.00909,CLINT,1511524800,2017-12-28 08:19:08.878898,0.0,0.0
1609,0.0,CLINT,1,JordanManual,CCCAGG,0.0,0.0,0.0,,1511528400,2017-12-26 23:28:30.889609,0.0,0.0
1610,0.0,CLINT,1,JordanManual,CCCAGG,0.0,0.0,0.0,,1511532000,2017-12-26 23:28:30.889609,0.0,0.0
1611,0.0,CLINT,1,JordanManual,CCCAGG,0.0,0.0,0.0,,1511535600,2017-12-26 23:28:30.889609,0.0,0.0
1612,0.009121,,1,JordanManual,CCCAGG,0.009121,0.009072,0.009072,CLINT,1511535600,2017-12-28 08:19:08.878898,0.0,0.0
1613,0.0,CLINT,1,JordanManual,CCCAGG,0.0,0.0,0.0,,1511539200,2017-12-26 23:28:30.889609,0.0,0.0
1614,0.0,CLINT,1,JordanManual,CCCAGG,0.0,0.0,0.0,,1511542800,2017-12-26 23:28:30.889609,0.0,0.0
1615,0.0,CLINT,1,JordanManual,CCCAGG,0.0,0.0,0.0,,1511546400,2017-12-26 23:28:30.889609,0.0,0.0
1616,0.009116,,1,JordanManual,CCCAGG,0.009149,0.009116,0.009149,CLINT,1511546400,2017-12-28 08:19:08.878898,0.0,0.0
1617,0.0,CLINT,1,JordanManual,CCCAGG,0.0,0.0,0.0,,1511550000,2017-12-26 23:28:30.889609,0.0,0.0
1618,0.0,CLINT,1,JordanManual,CCCAGG,0.0,0.0,0.0,,1511553600,2017-12-26 23:28:30.889609,0.0,0.0
1619,0.0,CLINT,1,JordanManual,CCCAGG,0.0,0.0,0.0,,1511557200,2017-12-26 23:28:30.889609,0.0,0.0
1620,0.009103,,1,JordanManual,CCCAGG,0.009159,0.009103,0.009159,CLINT,1511557200,2017-12-28 08:19:08.878898,0.0,0.0
1621,0.0,CLINT,1,JordanManual,CCCAGG,0.0,0.0,0.0,,1511560800,2017-12-26 23:28:30.889609,0.0,0.0
1622,0.0,CLINT,1,JordanManual,CCCAGG,0.0,0.0,0.0,,1511564400,2017-12-26 23:28:30.889609,0.0,0.0
1623,0.0,CLINT,1,JordanManual,CCCAGG,0.0,0.0,0.0,,1511568000,2017-12-26 23:28:30.889609,0.0,0.0
1624,0.009091,,1,JordanManual,CCCAGG,0.009091,0.009069,0.009086,CLINT,1511568000,2017-12-28 08:19:08.878898,0.0,0.0
1625,0.0,CLINT,1,JordanManual,CCCAGG,0.0,0.0,0.0,,1511571600,2017-12-26 23:28:30.889609,0.0,0.0
1626,0.0,CLINT,1,JordanManual,CCCAGG,0.0,0.0,0.0,,1511575200,2017-12-26 23:28:30.889609,0.0,0.0
1627,0.009137,,1,JordanManual,CCCAGG,0.009146,0.009096,0.009096,CLINT,1511578800,2017-12-28 08:19:08.878898,0.0,0.0
1628,0.0,CLINT,1,JordanManual,CCCAGG,0.0,0.0,0.0,,1511578800,2017-12-26 23:28:30.889609,0.0,0.0
1629,0.0,CLINT,1,JordanManual,CCCAGG,0.0,0.0,0.0,,1511582400,2017-12-26 23:28:30.889609,0.0,0.0
1630,0.0,CLINT,1,JordanManual,CCCAGG,0.0,0.0,0.0,,1511586000,2017-12-26 23:28:30.889609,0.0,0.0
1631,0.0,CLINT,1,JordanManual,CCCAGG,0.0,0.0,0.0,,1511589600,2017-12-26 23:28:30.889609,0.0,0.0
1632,0.009313,,1,JordanManual,CCCAGG,0.009313,0.009138,0.009138,CLINT,1511589600,2017-12-28 08:19:08.878898,0.0,0.0
1633,0.0,CLINT,1,JordanManual,CCCAGG,0.0,0.0,0.0,,1511593200,2017-12-26 23:28:30.889609,0.0,0.0
1634,0.0,CLINT,1,JordanManual,CCCAGG,0.0,0.0,0.0,,1511596800,2017-12-26 23:28:30.889609,0.0,0.0
1635,0.0,CLINT,1,JordanManual,CCCAGG,0.0,0.0,0.0,,1511600400,2017-12-26 23:28:30.889609,0.0,0.0
1636,0.00939,,1,JordanManual,CCCAGG,0.00939,0.009369,0.009369,CLINT,1511600400,2017-12-28 08:19:08.878898,0.0,0.0
1637,0.0,CLINT,1,JordanManual,CCCAGG,0.0,0.0,0.0,,1511604000,2017-12-26 23:28:30.889609,0.0,0.0
1638,0.0,CLINT,1,JordanManual,CCCAGG,0.0,0.0,0.0,,1511607600,2017-12-26 23:28:30.889609,0.0,0.0
1639,0.0,CLINT,1,JordanManual,CCCAGG,0.0,0.0,0.0,,1511611200,2017-12-26 23:28:30.889609,0.0,0.0
1640,0.009521,,1,JordanManual,CCCAGG,0.009572,0.009521,0.009558,CLINT,1511611200,2017-12-28 08:19:08.878898,0.0,0.0
1641,0.0,CLINT,1,JordanManual,CCCAGG,0.0,0.0,0.0,,1511614800,2017-12-26 23:28:30.889609,0.0,0.0
1642,0.0,CLINT,1,JordanManual,CCCAGG,0.0,0.0,0.0,,1511618400,2017-12-26 23:28:30.889609,0.0,0.0
1643,0.0,CLINT,1,JordanManual,CCCAGG,0.0,0.0,0.0,,1511622000,2017-12-26 23:28:30.889609,0.0,0.0
1644,0.009653,,1,JordanManual,CCCAGG,0.009662,0.009578,0.009578,CLINT,1511622000,2017-12-28 08:19:08.878898,0.0,0.0
1645,0.0,CLINT,1,JordanManual,CCCAGG,0.0,0.0,0.0,,1511625600,2017-12-26 23:28:30.889609,0.0,0.0
1646,0.0,CLINT,1,JordanManual,CCCAGG,0.0,0.0,0.0,,1511629200,2017-12-26 23:28:30.889609,0.0,0.0
1647,0.0,CLINT,1,JordanManual,CCCAGG,0.0,0.0,0.0,,1511632800,2017-12-26 23:28:30.889609,0.0,0.0
1648,0.009647,,1,JordanManual,CCCAGG,0.009647,0.009587,0.009587,CLINT,1511632800,2017-12-28 08:19:08.878898,0.0,0.0
1649,0.0,CLINT,1,JordanManual,CCCAGG,0.0,0.0,0.0,,1511636400,2017-12-26 23:28:30.889609,0.0,0.0
1650,0.0,CLINT,1,JordanManual,CCCAGG,0.0,0.0,0.0,,1511640000,2017-12-26 23:28:30.889609,0.0,0.0
1651,0.009718,,1,JordanManual,CCCAGG,0.009718,0.009646,0.009649,CLINT,1511643600,2017-12-28 08:19:08.878898,0.0,0.0
1652,0.0,CLINT,1,JordanManual,CCCAGG,0.0,0.0,0.0,,1511643600,2017-12-26 23:28:30.889609,0.0,0.0
1653,0.0,CLINT,1,JordanManual,CCCAGG,0.0,0.0,0.0,,1511647200,2017-12-26 23:28:30.889609,0.0,0.0
1654,0.0,CLINT,1,JordanManual,CCCAGG,0.0,0.0,0.0,,1511650800,2017-12-26 23:28:30.889609,0.0,0.0
1655,0.009778,,1,JordanManual,CCCAGG,0.009806,0.009778,0.0098,CLINT,1511654400,2017-12-28 08:19:08.878898,0.0,0.0
1656,0.0,CLINT,1,JordanManual,CCCAGG,0.0,0.0,0.0,,1511654400,2017-12-26 23:28:30.889609,0.0,0.0
1657,0.0,CLINT,1,JordanManual,CCCAGG,0.0,0.0,0.0,,1511658000,2017-12-26 23:28:30.889609,0.0,0.0
1658,0.0,CLINT,1,JordanManual,CCCAGG,0.0,0.0,0.0,,1511661600,2017-12-26 23:28:30.889609,0.0,0.0
1659,0.009919,,1,JordanManual,CCCAGG,0.009919,0.009826,0.009826,CLINT,1511665200,2017-12-28 08:19:08.878898,0.0,0.0
1660,0.0,CLINT,1,JordanManual,CCCAGG,0.0,0.0,0.0,,1511665200,2017-12-26 23:28:30.889609,0.0,0.0
1661,0.0,CLINT,1,JordanManual,CCCAGG,0.0,0.0,0.0,,1511668800,2017-12-26 23:28:30.889609,0.0,0.0
1662,0.0,CLINT,1,JordanManual,CCCAGG,0.0,0.0,0.0,,1511672400,2017-12-26 23:28:30.889609,0.0,0.0
1663,0.009856,,1,JordanManual,CCCAGG,0.01002,0.009856,0.01002,CLINT,1511676000,2017-12-28 08:19:08.878898,0.0,0.0
1664,0.0,CLINT,1,JordanManual,CCCAGG,0.0,0.0,0.0,,1511676000,2017-12-26 23:28:30.889609,0.0,0.0
1665,0.0,CLINT,1,JordanManual,CCCAGG,0.0,0.0,0.0,,1511679600,2017-12-26 23:28:30.889609,0.0,0.0
1666,0.0,CLINT,1,JordanManual,CCCAGG,0.0,0.0,0.0,,1511683200,2017-12-26 23:28:30.889609,0.0,0.0
1667,0.00997,,1,JordanManual,CCCAGG,0.00997,0.009882,0.009882,CLINT,1511686800,2017-12-28 08:19:08.878898,0.0,0.0
1668,0.0,CLINT,1,JordanManual,CCCAGG,0.0,0.0,0.0,,1511686800,2017-12-26 23:28:30.889609,0.0,0.0
1669,0.0,CLINT,1,JordanManual,CCCAGG,0.0,0.0,0.0,,1511690400,2017-12-26 23:28:30.889609,0.0,0.0
1670,0.0,CLINT,1,JordanManual,CCCAGG,0.0,0.0,0.0,,1511694000,2017-12-26 23:28:30.889609,0.0,0.0
1671,0.0,CLINT,1,JordanManual,CCCAGG,0.0,0.0,0.0,,1511697600,2017-12-26 23:28:30.889609,0.0,0.0
1672,0.009709,,1,JordanManual,CCCAGG,0.00996,0.009691,0.00996,CLINT,1511697600,2017-12-28 08:19:08.878898,3215.07,31.16
1673,0.0,CLINT,1,JordanManual,CCCAGG,0.0,0.0,0.0,,1511701200,2017-12-26 23:28:30.889609,0.0,0.0
1674,0.0,CLINT,1,JordanManual,CCCAGG,0.0,0.0,0.0,,1511704800,2017-12-26 23:28:30.889609,0.0,0.0
1675,0.01003,,1,JordanManual,CCCAGG,0.01004,0.009838,0.009838,CLINT,1511708400,2017-12-28 08:19:08.878898,0.0,0.0
1676,0.0,CLINT,1,JordanManual,CCCAGG,0.0,0.0,0.0,,1511708400,2017-12-26 23:28:30.889609,0.0,0.0
1677,0.0,CLINT,1,JordanManual,CCCAGG,0.0,0.0,0.0,,1511712000,2017-12-26 23:28:30.889609,0.0,0.0
1678,0.0,CLINT,1,JordanManual,CCCAGG,0.0,0.0,0.0,,1511715600,2017-12-26 23:28:30.889609,0.0,0.0
1679,0.0,CLINT,1,JordanManual,CCCAGG,0.0,0.0,0.0,,1511719200,2017-12-26 23:28:30.889609,0.0,0.0
1680,0.01004,,1,JordanManual,CCCAGG,0.01022,0.009981,0.01022,CLINT,1511719200,2017-12-28 08:19:08.878898,0.0,0.0
1681,0.0,CLINT,1,JordanManual,CCCAGG,0.0,0.0,0.0,,1511722800,2017-12-26 23:28:30.889609,0.0,0.0
1682,0.0,CLINT,1,JordanManual,CCCAGG,0.0,0.0,0.0,,1511726400,2017-12-26 23:28:30.889609,0.0,0.0
1683,0.0,CLINT,1,JordanManual,CCCAGG,0.0,0.0,0.0,,1511730000,2017-12-26 23:28:30.889609,0.0,0.0
1684,0.01006,,1,JordanManual,CCCAGG,0.01008,0.01006,0.01008,CLINT,1511730000,2017-12-28 08:19:08.878898,0.0,0.0
1685,0.0,CLINT,1,JordanManual,CCCAGG,0.0,0.0,0.0,,1511733600,2017-12-26 23:28:30.889609,0.0,0.0
1686,0.0,CLINT,1,JordanManual,CCCAGG,0.0,0.0,0.0,,1511737200,2017-12-26 23:28:30.889609,0.0,0.0
1687,0.0,CLINT,1,JordanManual,CCCAGG,0.0,0.0,0.0,,1511740800,2017-12-26 23:28:30.889609,0.0,0.0
1688,0.01034,,1,JordanManual,CCCAGG,0.01041,0.01031,0.01031,CLINT,1511740800,2017-12-28 08:19:08.878898,0.0,0.0
1689,0.0,CLINT,1,JordanManual,CCCAGG,0.0,0.0,0.0,,1511744400,2017-12-26 23:28:30.889609,0.0,0.0
1690,0.0,CLINT,1,JordanManual,CCCAGG,0.0,0.0,0.0,,1511748000,2017-12-26 23:28:30.889609,0.0,0.0
1691,0.0,CLINT,1,JordanManual,CCCAGG,0.0,0.0,0.0,,1511751600,2017-12-26 23:28:30.889609,0.0,0.0
1692,0.0104,,1,JordanManual,CCCAGG,0.01043,0.01035,0.01035,CLINT,1511751600,2017-12-28 08:19:08.878898,0.0,0.0
1693,0.0,CLINT,1,JordanManual,CCCAGG,0.0,0.0,0.0,,1511755200,2017-12-26 23:28:30.889609,0.0,0.0
1694,0.0,CLINT,1,JordanManual,CCCAGG,0.0,0.0,0.0,,1511758800,2017-12-26 23:28:30.889609,0.0,0.0
1695,0.0,CLINT,1,JordanManual,CCCAGG,0.0,0.0,0.0,,1511762400,2017-12-26 23:28:30.889609,0.0,0.0
1696,0.01051,,1,JordanManual,CCCAGG,0.01051,0.01042,0.01042,CLINT,1511762400,2017-12-28 08:19:08.878898,0.0,0.0
1697,0.0,CLINT,1,JordanManual,CCCAGG,0.0,0.0,0.0,,1511766000,2017-12-26 23:28:30.889609,0.0,0.0
1698,0.0,CLINT,1,JordanManual,CCCAGG,0.0,0.0,0.0,,1511769600,2017-12-26 23:28:30.889609,0.0,0.0
1699,0.0,CLINT,1,JordanManual,CCCAGG,0.0,0.0,0.0,,1511773200,2017-12-26 23:28:30.889609,0.0,0.0
1700,0.01042,,1,JordanManual,CCCAGG,0.01042,0.01026,0.01026,CLINT,1511773200,2017-12-28 08:19:08.878898,0.0,0.0
1701,0.0,CLINT,1,JordanManual,CCCAGG,0.0,0.0,0.0,,1511776800,2017-12-26 23:28:30.889609,0.0,0.0
1702,0.0,CLINT,1,JordanManual,CCCAGG,0.0,0.0,0.0,,1511780400,2017-12-26 23:28:30.889609,0.0,0.0
1703,0.009733,,1,JordanManual,CCCAGG,0.01041,0.009733,0.01041,CLINT,1511784000,2017-12-28 08:19:08.878898,10009.48,97.42
1704,0.0,CLINT,1,JordanManual,CCCAGG,0.0,0.0,0.0,,1511784000,2017-12-26 23:28:30.889609,0.0,0.0
1705,0.0,CLINT,1,JordanManual,CCCAGG,0.0,0.0,0.0,,1511787600,2017-12-26 23:28:30.889609,0.0,0.0
1706,0.0,CLINT,1,JordanManual,CCCAGG,0.0,0.0,0.0,,1511791200,2017-12-26 23:28:30.889609,0.0,0.0
1707,0.008617,,1,JordanManual,CCCAGG,0.009748,0.008617,0.009748,CLINT,1511794800,2017-12-28 08:19:08.878898,1695.26,14.7123
1708,0.0,CLINT,1,JordanManual,CCCAGG,0.0,0.0,0.0,,1511794800,2017-12-26 23:28:30.889609,0.0,0.0
1709,0.0,CLINT,1,JordanManual,CCCAGG,0.0,0.0,0.0,,1511798400,2017-12-26 23:28:30.889609,0.0,0.0
1710,0.0,CLINT,1,JordanManual,CCCAGG,0.0,0.0,0.0,,1511802000,2017-12-26 23:28:30.889609,0.0,0.0
1711,0.0,CLINT,1,JordanManual,CCCAGG,0.0,0.0,0.0,,1511805600,2017-12-26 23:28:30.889609,0.0,0.0
1712,0.00863,,1,JordanManual,CCCAGG,0.00863,0.008575,0.008575,CLINT,1511805600,2017-12-28 08:19:08.878898,0.0,0.0
1713,0.0,CLINT,1,JordanManual,CCCAGG,0.0,0.0,0.0,,1511809200,2017-12-26 23:28:30.889609,0.0,0.0
1714,0.0,CLINT,1,JordanManual,CCCAGG,0.0,0.0,0.0,,1511812800,2017-12-26 23:28:30.889609,0.0,0.0
1715,0.00876,,1,JordanManual,CCCAGG,0.00876,0.00868,0.00868,CLINT,1511816400,2017-12-28 08:19:08.878898,369.57,3.21
1716,0.0,CLINT,1,JordanManual,CCCAGG,0.0,0.0,0.0,,1511816400,2017-12-26 23:28:30.889609,0.0,0.0
1717,0.0,CLINT,1,JordanManual,CCCAGG,0.0,0.0,0.0,,1511820000,2017-12-26 23:28:30.889609,0.0,0.0
1718,0.0,CLINT,1,JordanManual,CCCAGG,0.0,0.0,0.0,,1511823600,2017-12-26 23:28:30.889609,0.0,0.0
1719,0.008683,,1,JordanManual,CCCAGG,0.008731,0.008683,0.008731,CLINT,1511827200,2017-12-28 08:19:08.878898,0.0,0.0
1720,0.0,CLINT,1,JordanManual,CCCAGG,0.0,0.0,0.0,,1511827200,2017-12-26 23:28:30.889609,0.0,0.0
1721,0.0,CLINT,1,JordanManual,CCCAGG,0.0,0.0,0.0,,1511830800,2017-12-26 23:28:30.889609,0.0,0.0
1722,0.0,CLINT,1,JordanManual,CCCAGG,0.0,0.0,0.0,,1511834400,2017-12-26 23:28:30.889609,0.0,0.0
1723,0.008879,,1,JordanManual,CCCAGG,0.008879,0.008736,0.008736,CLINT,1511838000,2017-12-28 08:19:08.878898,0.0,0.0
1724,0.0,CLINT,1,JordanManual,CCCAGG,0.0,0.0,0.0,,1511838000,2017-12-26 23:28:30.889609,0.0,0.0
1725,0.0,CLINT,1,JordanManual,CCCAGG,0.0,0.0,0.0,,1511841600,2017-12-26 23:28:30.889609,0.0,0.0
1726,0.0,CLINT,1,JordanManual,CCCAGG,0.0,0.0,0.0,,1511845200,2017-12-26 23:28:30.889609,0.0,0.0
1727,0.008864,,1,JordanManual,CCCAGG,0.008889,0.008864,0.008871,CLINT,1511848800,2017-12-28 08:19:08.878898,0.0,0.0
1728,0.0,CLINT,1,JordanManual,CCCAGG,0.0,0.0,0.0,,1511848800,2017-12-26 23:28:30.889609,0.0,0.0
1729,0.0,CLINT,1,JordanManual,CCCAGG,0.0,0.0,0.0,,1511852400,2017-12-26 23:28:30.889609,0.0,0.0
1730,0.0,CLINT,1,JordanManual,CCCAGG,0.0,0.0,0.0,,1511856000,2017-12-26 23:28:30.889609,0.0,0.0
1731,0.008932,,1,JordanManual,CCCAGG,0.008932,0.008875,0.008875,CLINT,1511859600,2017-12-28 08:19:08.878898,0.0,0.0
1732,0.0,CLINT,1,JordanManual,CCCAGG,0.0,0.0,0.0,,1511859600,2017-12-26 23:28:30.889609,0.0,0.0
1733,0.0,CLINT,1,JordanManual,CCCAGG,0.0,0.0,0.0,,1511863200,2017-12-26 23:28:30.889609,0.0,0.0
1734,0.0,CLINT,1,JordanManual,CCCAGG,0.0,0.0,0.0,,1511866800,2017-12-26 23:28:30.889609,0.0,0.0
1735,0.008919,,1,JordanManual,CCCAGG,0.008919,0.00883,0.008896,CLINT,1511870400,2017-12-28 08:19:08.878898,0.0,0.0
1736,0.0,CLINT,1,JordanManual,CCCAGG,0.0,0.0,0.0,,1511870400,2017-12-26 23:28:30.889609,0.0,0.0
1737,0.0,CLINT,1,JordanManual,CCCAGG,0.0,0.0,0.0,,1511874000,2017-12-26 23:28:30.889609,0.0,0.0
1738,0.0,CLINT,1,JordanManual,CCCAGG,0.0,0.0,0.0,,1511877600,2017-12-26 23:28:30.889609,0.0,0.0
1739,0.008937,,1,JordanManual,CCCAGG,0.008937,0.00891,0.00891,CLINT,1511881200,2017-12-28 08:19:08.878898,1363.2,12.16
1740,0.0,CLINT,1,JordanManual,CCCAGG,0.0,0.0,0.0,,1511881200,2017-12-26 23:28:30.889609,0.0,0.0
1741,0.0,CLINT,1,JordanManual,CCCAGG,0.0,0.0,0.0,,1511884800,2017-12-26 23:28:30.889609,0.0,0.0
1742,0.0,CLINT,1,JordanManual,CCCAGG,0.0,0.0,0.0,,1511888400,2017-12-26 23:28:30.889609,0.0,0.0
1743,0.0,CLINT,1,JordanManual,CCCAGG,0.0,0.0,0.0,,1511892000,2017-12-26 23:28:30.889609,0.0,0.0
1744,0.008887,,1,JordanManual,CCCAGG,0.008962,0.008887,0.00896,CLINT,1511892000,2017-12-28 08:19:08.878898,0.0,0.0
1745,0.0,CLINT,1,JordanManual,CCCAGG,0.0,0.0,0.0,,1511895600,2017-12-26 23:28:30.889609,0.0,0.0
1746,0.0,CLINT,1,JordanManual,CCCAGG,0.0,0.0,0.0,,1511899200,2017-12-26 23:28:30.889609,0.0,0.0
1747,0.0,CLINT,1,JordanManual,CCCAGG,0.0,0.0,0.0,,1511902800,2017-12-26 23:28:30.889609,0.0,0.0
1748,0.008915,,1,JordanManual,CCCAGG,0.008953,0.008915,0.008953,CLINT,1511902800,2017-12-28 08:19:08.878898,0.0,0.0
1749,0.0,CLINT,1,JordanManual,CCCAGG,0.0,0.0,0.0,,1511906400,2017-12-26 23:28:30.889609,0.0,0.0
1750,0.0,CLINT,1,JordanManual,CCCAGG,0.0,0.0,0.0,,1511910000,2017-12-26 23:28:30.889609,0.0,0.0
1751,0.0,CLINT,1,JordanManual,CCCAGG,0.0,0.0,0.0,,1511913600,2017-12-26 23:28:30.889609,0.0,0.0
1752,0.009133,,1,JordanManual,CCCAGG,0.009133,0.008946,0.008946,CLINT,1511913600,2017-12-28 08:19:08.878898,0.0,0.0
1753,0.0,CLINT,1,JordanManual,CCCAGG,0.0,0.0,0.0,,1511917200,2017-12-26 23:28:30.889609,0.0,0.0
1754,0.0,CLINT,1,JordanManual,CCCAGG,0.0,0.0,0.0,,1511920800,2017-12-26 23:28:30.889609,0.0,0.0
1755,0.009118,,1,JordanManual,CCCAGG,0.009409,0.009118,0.009264,CLINT,1511924400,2017-12-28 08:19:08.878898,0.0,0.0
1756,0.0,CLINT,1,JordanManual,CCCAGG,0.0,0.0,0.0,,1511924400,2017-12-26 23:28:30.889609,0.0,0.0
1757,0.0,CLINT,1,JordanManual,CCCAGG,0.0,0.0,0.0,,1511928000,2017-12-26 23:28:30.889609,0.0,0.0
1758,0.0,CLINT,1,JordanManual,CCCAGG,0.0,0.0,0.0,,1511931600,2017-12-26 23:28:30.889609,0.0,0.0
1759,0.009584,,1,JordanManual,CCCAGG,0.009584,0.00931,0.00931,CLINT,1511935200,2017-12-28 08:19:08.878898,0.0,0.0
1760,0.0,CLINT,1,JordanManual,CCCAGG,0.0,0.0,0.0,,1511935200,2017-12-26 23:28:30.889609,0.0,0.0
1761,0.0,CLINT,1,JordanManual,CCCAGG,0.0,0.0,0.0,,1511938800,2017-12-26 23:28:30.889609,0.0,0.0
1762,0.0,CLINT,1,JordanManual,CCCAGG,0.0,0.0,0.0,,1511942400,2017-12-26 23:28:30.889609,0.0,0.0
1763,0.009753,,1,JordanManual,CCCAGG,0.009769,0.009681,0.009681,CLINT,1511946000,2017-12-28 08:19:08.878898,0.0,0.0
1764,0.0,CLINT,1,JordanManual,CCCAGG,0.0,0.0,0.0,,1511946000,2017-12-26 23:28:30.889609,0.0,0.0
1765,0.0,CLINT,1,JordanManual,CCCAGG,0.0,0.0,0.0,,1511949600,2017-12-26 23:28:30.889609,0.0,0.0
1766,0.0,CLINT,1,JordanManual,CCCAGG,0.0,0.0,0.0,,1511953200,2017-12-26 23:28:30.889609,0.0,0.0
1767,0.01005,,1,JordanManual,CCCAGG,0.01007,0.009832,0.009832,CLINT,1511956800,2017-12-28 08:19:08.878898,0.0,0.0
1768,0.0,CLINT,1,JordanManual,CCCAGG,0.0,0.0,0.0,,1511956800,2017-12-26 23:28:30.889609,0.0,0.0
1769,0.0,CLINT,1,JordanManual,CCCAGG,0.0,0.0,0.0,,1511960400,2017-12-26 23:28:30.889609,0.0,0.0
1770,0.0,CLINT,1,JordanManual,CCCAGG,0.0,0.0,0.0,,1511964000,2017-12-26 23:28:30.889609,0.0,0.0
1771,0.009538,,1,JordanManual,CCCAGG,0.009778,0.009538,0.009778,CLINT,1511967600,2017-12-28 08:19:08.878898,0.0,0.0
1772,0.0,CLINT,1,JordanManual,CCCAGG,0.0,0.0,0.0,,1511967600,2017-12-26 23:28:30.889609,0.0,0.0
1773,0.0,CLINT,1,JordanManual,CCCAGG,0.0,0.0,0.0,,1511971200,2017-12-26 23:28:30.889609,0.0,0.0
1774,0.0,CLINT,1,JordanManual,CCCAGG,0.0,0.0,0.0,,1511974800,2017-12-26 23:28:30.889609,0.0,0.0
1775,0.0,CLINT,1,JordanManual,CCCAGG,0.0,0.0,0.0,,1511978400,2017-12-26 23:28:30.889609,0.0,0.0
1776,0.008559,,1,JordanManual,CCCAGG,0.009338,0.008559,0.009338,CLINT,1511978400,2017-12-28 08:19:08.878898,0.0,0.0
1777,0.0,CLINT,1,JordanManual,CCCAGG,0.0,0.0,0.0,,1511982000,2017-12-26 23:28:30.889609,0.0,0.0
1778,0.0,CLINT,1,JordanManual,CCCAGG,0.0,0.0,0.0,,1511985600,2017-12-26 23:28:30.889609,0.0,0.0
1779,0.008854,,1,JordanManual,CCCAGG,0.009175,0.008854,0.009175,CLINT,1511989200,2017-12-28 08:19:08.878898,0.0,0.0
1780,0.0,CLINT,1,JordanManual,CCCAGG,0.0,0.0,0.0,,1511989200,2017-12-26 23:28:30.889609,0.0,0.0
1781,2.0,CLINT,1,JordanManual,CCCAGG,2.0,2.0,2.0,,1511992800,2017-12-26 23:28:30.889609,0.1,0.1999
1782,2.0,CLINT,1,JordanManual,CCCAGG,2.0,2.0,2.0,,1511996400,2017-12-26 23:28:30.889609,0.0,0.0
1783,0.009422,,1,JordanManual,CCCAGG,0.009448,0.009016,0.009016,CLINT,1512000000,2017-12-28 08:19:08.878898,0.0,0.0
1784,2.0,CLINT,1,JordanManual,CCCAGG,2.0,2.0,2.0,,1512000000,2017-12-26 23:28:30.889609,0.0,0.0
1785,2.0,CLINT,1,JordanManual,CCCAGG,2.0,2.0,2.0,,1512003600,2017-12-26 23:28:30.889609,0.0,0.0
1786,2.0,CLINT,1,JordanManual,CCCAGG,2.0,2.0,2.0,,1512007200,2017-12-26 23:28:30.889609,0.0,0.0
1787,0.009361,,1,JordanManual,CCCAGG,0.009528,0.009361,0.009492,CLINT,1512010800,2017-12-28 08:19:08.878898,0.0,0.0
1788,2.0,CLINT,1,JordanManual,CCCAGG,2.0,2.0,2.0,,1512010800,2017-12-26 23:28:30.889609,0.0,0.0
1789,2.0,CLINT,1,JordanManual,CCCAGG,2.0,2.0,2.0,,1512014400,2017-12-26 23:28:30.889609,0.0,0.0
1790,2.0,CLINT,1,JordanManual,CCCAGG,2.0,2.0,2.0,,1512018000,2017-12-26 23:28:30.889609,0.0,0.0
1791,2.0,CLINT,1,JordanManual,CCCAGG,2.0,2.0,2.0,,1512021600,2017-12-26 23:28:30.889609,0.0,0.0
1792,0.009268,,1,JordanManual,CCCAGG,0.009268,0.009151,0.009151,CLINT,1512021600,2017-12-28 08:19:08.878898,0.0,0.0
1793,2.0,CLINT,1,JordanManual,CCCAGG,2.0,2.0,2.0,,1512025200,2017-12-26 23:28:30.889609,0.0,0.0
1794,2.0,CLINT,1,JordanManual,CCCAGG,2.0,2.0,2.0,,1512028800,2017-12-26 23:28:30.889609,0.0,0.0
1795,2.0,CLINT,1,JordanManual,CCCAGG,2.0,2.0,2.0,,1512032400,2017-12-26 23:28:30.889609,0.0,0.0
1796,0.008779,,1,JordanManual,CCCAGG,0.009155,0.008661,0.009155,CLINT,1512032400,2017-12-28 08:19:08.878898,0.0,0.0
1797,2.0,CLINT,1,JordanManual,CCCAGG,2.0,2.0,2.0,,1512036000,2017-12-26 23:28:30.889609,0.0,0.0
1798,2.0,CLINT,1,JordanManual,CCCAGG,2.0,2.0,2.0,,1512039600,2017-12-26 23:28:30.889609,0.0,0.0
1799,0.0085,,1,JordanManual,CCCAGG,0.008883,0.008319,0.008883,CLINT,1512043200,2017-12-28 08:19:08.878898,0.0,0.0
1800,2.0,CLINT,1,JordanManual,CCCAGG,2.0,2.0,2.0,,1512043200,2017-12-26 23:28:30.889609,0.0,0.0
1801,2.0,CLINT,1,JordanManual,CCCAGG,2.0,2.0,2.0,,1512046800,2017-12-26 23:28:30.889609,0.0,0.0
1802,2.0,CLINT,1,JordanManual,CCCAGG,2.0,2.0,2.0,,1512050400,2017-12-26 23:28:30.889609,0.0,0.0
1803,0.008661,,1,JordanManual,CCCAGG,0.008661,0.00835,0.00835,CLINT,1512054000,2017-12-28 08:19:08.878898,0.0,0.0
1804,2.0,CLINT,1,JordanManual,CCCAGG,2.0,2.0,2.0,,1512054000,2017-12-26 23:28:30.889609,0.0,0.0
1805,2.0,CLINT,1,JordanManual,CCCAGG,2.0,2.0,2.0,,1512057600,2017-12-26 23:28:30.889609,0.0,0.0
1806,2.0,CLINT,1,JordanManual,CCCAGG,2.0,2.0,2.0,,1512061200,2017-12-26 23:28:30.889609,0.0,0.0
1807,0.008501,,1,JordanManual,CCCAGG,0.008874,0.008501,0.008696,CLINT,1512064800,2017-12-28 08:19:08.878898,0.0,0.0
1808,2.0,CLINT,1,JordanManual,CCCAGG,2.0,2.0,2.0,,1512064800,2017-12-26 23:28:30.889609,0.0,0.0
1809,2.0,CLINT,1,JordanManual,CCCAGG,2.0,2.0,2.0,,1512068400,2017-12-26 23:28:30.889609,0.0,0.0
1810,2.0,CLINT,1,JordanManual,CCCAGG,2.0,2.0,2.0,,1512072000,2017-12-26 23:28:30.889609,0.0,0.0
1811,2.0,CLINT,1,JordanManual,CCCAGG,2.0,2.0,2.0,,1512075600,2017-12-26 23:28:30.889609,0.0,0.0
1812,0.008952,,1,JordanManual,CCCAGG,0.008952,0.008724,0.008724,CLINT,1512075600,2017-12-28 08:19:08.878898,0.0,0.0
1813,2.0,CLINT,1,JordanManual,CCCAGG,2.0,2.0,2.0,,1512079200,2017-12-26 23:28:30.889609,0.0,0.0
1814,2.0,CLINT,1,JordanManual,CCCAGG,2.0,2.0,2.0,,1512082800,2017-12-26 23:28:30.889609,0.0,0.0
1815,0.008834,,1,JordanManual,CCCAGG,0.00889,0.008801,0.00889,CLINT,1512086400,2017-12-28 08:19:08.878898,0.0,0.0
1816,2.0,CLINT,1,JordanManual,CCCAGG,2.0,2.0,2.0,,1512086400,2017-12-26 23:28:30.889609,0.0,0.0
1817,2.0,CLINT,1,JordanManual,CCCAGG,2.0,2.0,2.0,,1512090000,2017-12-26 23:28:30.889609,0.0,0.0
1818,2.0,CLINT,1,JordanManual,CCCAGG,2.0,2.0,2.0,,1512093600,2017-12-26 23:28:30.889609,0.0,0.0
1819,2.0,CLINT,1,JordanManual,CCCAGG,2.0,2.0,2.0,,1512097200,2017-12-26 23:28:30.889609,0.0,0.0
1820,0.008639,,1,JordanManual,CCCAGG,0.008876,0.008639,0.008749,CLINT,1512097200,2017-12-28 08:19:08.878898,0.0,0.0
1821,2.0,CLINT,1,JordanManual,CCCAGG,2.0,2.0,2.0,,1512100800,2017-12-26 23:28:30.889609,0.0,0.0
1822,2.0,CLINT,1,JordanManual,CCCAGG,2.0,2.0,2.0,,1512104400,2017-12-26 23:28:30.889609,0.0,0.0
1823,2.0,CLINT,1,JordanManual,CCCAGG,2.0,2.0,2.0,,1512108000,2017-12-26 23:28:30.889609,0.0,0.0
1824,0.008838,,1,JordanManual,CCCAGG,0.008838,0.008528,0.008528,CLINT,1512108000,2017-12-28 08:19:08.878898,0.0,0.0
1825,2.0,CLINT,1,JordanManual,CCCAGG,2.0,2.0,2.0,,1512111600,2017-12-26 23:28:30.889609,0.0,0.0
1826,2.0,CLINT,1,JordanManual,CCCAGG,2.0,2.0,2.0,,1512115200,2017-12-26 23:28:30.889609,0.0,0.0
1827,2.0,CLINT,1,JordanManual,CCCAGG,2.0,2.0,2.0,,1512118800,2017-12-26 23:28:30.889609,0.0,0.0
1828,0.008967,,1,JordanManual,CCCAGG,0.009021,0.008824,0.009021,CLINT,1512118800,2017-12-28 08:19:08.878898,0.0,0.0
1829,2.0,CLINT,1,JordanManual,CCCAGG,2.0,2.0,2.0,,1512122400,2017-12-26 23:28:30.889609,0.0,0.0
1830,2.0,CLINT,1,JordanManual,CCCAGG,2.0,2.0,2.0,,1512126000,2017-12-26 23:28:30.889609,0.0,0.0
1831,2.0,CLINT,1,JordanManual,CCCAGG,2.0,2.0,2.0,,1512129600,2017-12-26 23:28:30.889609,0.0,0.0
1832,0.009519,,1,JordanManual,CCCAGG,0.009595,0.009138,0.009138,CLINT,1512129600,2017-12-28 08:19:08.878898,0.0,0.0
1833,2.0,CLINT,1,JordanManual,CCCAGG,2.0,2.0,2.0,,1512133200,2017-12-26 23:28:30.889609,0.0,0.0
1834,2.0,CLINT,1,JordanManual,CCCAGG,2.0,2.0,2.0,,1512136800,2017-12-26 23:28:30.889609,0.0,0.0
1835,2.0,CLINT,1,JordanManual,CCCAGG,2.0,2.0,2.0,,1512140400,2017-12-26 23:28:30.889609,0.0,0.0
1836,0.009405,,1,JordanManual,CCCAGG,0.009574,0.009405,0.009494,CLINT,1512140400,2017-12-28 08:19:08.878898,0.0,0.0
1837,2.0,CLINT,1,JordanManual,CCCAGG,2.0,2.0,2.0,,1512144000,2017-12-26 23:28:30.889609,0.0,0.0
1838,2.0,CLINT,1,JordanManual,CCCAGG,2.0,2.0,2.0,,1512147600,2017-12-26 23:28:30.889609,0.0,0.0
1839,2.0,CLINT,1,JordanManual,CCCAGG,2.0,2.0,2.0,,1512151200,2017-12-26 23:28:30.889609,0.0,0.0
1840,0.009712,,1,JordanManual,CCCAGG,0.009712,0.009442,0.009442,CLINT,1512151200,2017-12-28 08:19:08.878898,0.0,0.0
1841,2.0,CLINT,1,JordanManual,CCCAGG,2.0,2.0,2.0,,1512154800,2017-12-26 23:28:30.889609,0.0,0.0
1842,2.0,CLINT,1,JordanManual,CCCAGG,2.0,2.0,2.0,,1512158400,2017-12-26 23:28:30.889609,0.0,0.0
1843,2.0,CLINT,1,JordanManual,CCCAGG,2.0,2.0,2.0,,1512162000,2017-12-26 23:28:30.889609,0.0,0.0
1844,0.009775,,1,JordanManual,CCCAGG,0.009809,0.009747,0.009809,CLINT,1512162000,2017-12-28 08:19:08.878898,0.0,0.0
1845,2.0,CLINT,1,JordanManual,CCCAGG,2.0,2.0,2.0,,1512165600,2017-12-26 23:28:30.889609,0.0,0.0
1846,2.0,CLINT,1,JordanManual,CCCAGG,2.0,2.0,2.0,,1512169200,2017-12-26 23:28:30.889609,0.0,0.0
1847,0.00993,,1,JordanManual,CCCAGG,0.009952,0.009835,0.009835,CLINT,1512172800,2017-12-28 08:19:08.878898,0.0,0.0
1848,2.0,CLINT,1,JordanManual,CCCAGG,2.0,2.0,2.0,,1512172800,2017-12-26 23:28:30.889609,0.0,0.0
1849,2.0,CLINT,1,JordanManual,CCCAGG,2.0,2.0,2.0,,1512176400,2017-12-26 23:28:30.889609,0.0,0.0
1850,2.0,CLINT,1,JordanManual,CCCAGG,2.0,2.0,2.0,,1512180000,2017-12-26 23:28:30.889609,0.0,0.0
1851,0.009814,,1,JordanManual,CCCAGG,0.009848,0.009763,0.009848,CLINT,1512183600,2017-12-28 08:19:08.878898,0.0,0.0
1852,2.0,CLINT,1,JordanManual,CCCAGG,2.0,2.0,2.0,,1512183600,2017-12-26 23:28:30.889609,0.0,0.0
1853,2.0,CLINT,1,JordanManual,CCCAGG,2.0,2.0,2.0,,1512187200,2017-12-26 23:28:30.889609,0.0,0.0
1854,2.0,CLINT,1,JordanManual,CCCAGG,2.0,2.0,2.0,,1512190800,2017-12-26 23:28:30.889609,0.0,0.0
1855,2.0,CLINT,1,JordanManual,CCCAGG,2.0,2.0,2.0,,1512194400,2017-12-26 23:28:30.889609,0.0,0.0
1856,0.009862,,1,JordanManual,CCCAGG,0.00987,0.009795,0.009795,CLINT,1512194400,2017-12-28 08:19:08.878898,0.0,0.0
1857,2.0,CLINT,1,JordanManual,CCCAGG,2.0,2.0,2.0,,1512198000,2017-12-26 23:28:30.889609,0.0,0.0
1858,2.0,CLINT,1,JordanManual,CCCAGG,2.0,2.0,2.0,,1512201600,2017-12-26 23:28:30.889609,0.0,0.0
1859,0.009866,,1,JordanManual,CCCAGG,0.01002,0.009866,0.01002,CLINT,1512205200,2017-12-28 08:19:08.878898,0.0,0.0
1860,2.0,CLINT,1,JordanManual,CCCAGG,2.0,2.0,2.0,,1512205200,2017-12-26 23:28:30.889609,0.0,0.0
1861,2.0,CLINT,1,JordanManual,CCCAGG,2.0,2.0,2.0,,1512208800,2017-12-26 23:28:30.889609,0.0,0.0
1862,2.0,CLINT,1,JordanManual,CCCAGG,2.0,2.0,2.0,,1512212400,2017-12-26 23:28:30.889609,0.0,0.0
1863,0.009816,,1,JordanManual,CCCAGG,0.009988,0.009816,0.009988,CLINT,1512216000,2017-12-28 08:19:08.878898,0.0,0.0
1864,2.0,CLINT,1,JordanManual,CCCAGG,2.0,2.0,2.0,,1512216000,2017-12-26 23:28:30.889609,0.0,0.0
1865,2.0,CLINT,1,JordanManual,CCCAGG,2.0,2.0,2.0,,1512219600,2017-12-26 23:28:30.889609,0.0,0.0
1866,2.0,CLINT,1,JordanManual,CCCAGG,2.0,2.0,2.0,,1512223200,2017-12-26 23:28:30.889609,0.0,0.0
1867,2.0,CLINT,1,JordanManual,CCCAGG,2.0,2.0,2.0,,1512226800,2017-12-26 23:28:30.889609,0.0,0.0
1868,0.009819,,1,JordanManual,CCCAGG,0.009819,0.00968,0.00968,CLINT,1512226800,2017-12-28 08:19:08.878898,0.0,0.0
1869,2.0,CLINT,1,JordanManual,CCCAGG,2.0,2.0,2.0,,1512230400,2017-12-26 23:28:30.889609,0.0,0.0
1870,2.0,CLINT,1,JordanManual,CCCAGG,2.0,2.0,2.0,,1512234000,2017-12-26 23:28:30.889609,0.0,0.0
1871,0.009857,,1,JordanManual,CCCAGG,0.009857,0.009821,0.009847,CLINT,1512237600,2017-12-28 08:19:08.878898,0.0,0.0
1872,2.0,CLINT,1,JordanManual,CCCAGG,2.0,2.0,2.0,,1512237600,2017-12-26 23:28:30.889609,0.0,0.0
1873,2.0,CLINT,1,JordanManual,CCCAGG,2.0,2.0,2.0,,1512241200,2017-12-26 23:28:30.889609,0.0,0.0
1874,2.0,CLINT,1,JordanManual,CCCAGG,2.0,2.0,2.0,,1512244800,2017-12-26 23:28:30.889609,0.0,0.0
1875,0.009821,,1,JordanManual,CCCAGG,0.009934,0.009821,0.009934,CLINT,1512248400,2017-12-28 08:19:08.878898,0.0,0.0
1876,2.0,CLINT,1,JordanManual,CCCAGG,2.0,2.0,2.0,,1512248400,2017-12-26 23:28:30.889609,0.0,0.0
1877,2.0,CLINT,1,JordanManual,CCCAGG,2.0,2.0,2.0,,1512252000,2017-12-26 23:28:30.889609,0.0,0.0
1878,2.0,CLINT,1,JordanManual,CCCAGG,2.0,2.0,2.0,,1512255600,2017-12-26 23:28:30.889609,0.0,0.0
1879,0.009852,,1,JordanManual,CCCAGG,0.009852,0.009806,0.009806,CLINT,1512259200,2017-12-28 08:19:08.878898,0.0,0.0
1880,2.0,CLINT,1,JordanManual,CCCAGG,2.0,2.0,2.0,,1512259200,2017-12-26 23:28:30.889609,0.0,0.0
1881,2.0,CLINT,1,JordanManual,CCCAGG,2.0,2.0,2.0,,1512262800,2017-12-26 23:28:30.889609,0.0,0.0
1882,2.0,CLINT,1,JordanManual,CCCAGG,2.0,2.0,2.0,,1512266400,2017-12-26 23:28:30.889609,0.0,0.0
1883,2.0,CLINT,1,JordanManual,CCCAGG,2.0,2.0,2.0,,1512270000,2017-12-26 23:28:30.889609,0.0,0.0
1884,0.009957,,1,JordanManual,CCCAGG,0.009972,0.009876,0.009876,CLINT,1512270000,2017-12-28 08:19:08.878898,0.0,0.0
1885,2.0,CLINT,1,JordanManual,CCCAGG,2.0,2.0,2.0,,1512273600,2017-12-26 23:28:30.889609,0.0,0.0
1886,2.0,CLINT,1,JordanManual,CCCAGG,2.0,2.0,2.0,,1512277200,2017-12-26 23:28:30.889609,0.0,0.0
1887,0.01003,,1,JordanManual,CCCAGG,0.01005,0.009999,0.009999,CLINT,1512280800,2017-12-28 08:19:08.878898,0.0,0.0
1888,2.0,CLINT,1,JordanManual,CCCAGG,2.0,2.0,2.0,,1512280800,2017-12-26 23:28:30.889609,0.0,0.0
1889,2.0,CLINT,1,JordanManual,CCCAGG,2.0,2.0,2.0,,1512284400,2017-12-26 23:28:30.889609,0.0,0.0
1890,2.0,CLINT,1,JordanManual,CCCAGG,2.0,2.0,2.0,,1512288000,2017-12-26 23:28:30.889609,0.0,0.0
1891,2.0,CLINT,1,JordanManual,CCCAGG,2.0,2.0,2.0,,1512291600,2017-12-26 23:28:30.889609,0.0,0.0
1892,0.01043,,1,JordanManual,CCCAGG,0.01043,0.009996,0.009996,CLINT,1512291600,2017-12-28 08:19:08.878898,0.0,0.0
1893,2.0,CLINT,1,JordanManual,CCCAGG,2.0,2.0,2.0,,1512295200,2017-12-26 23:28:30.889609,0.0,0.0
1894,2.0,CLINT,1,JordanManual,CCCAGG,2.0,2.0,2.0,,1512298800,2017-12-26 23:28:30.889609,0.0,0.0
1895,2.0,CLINT,1,JordanManual,CCCAGG,2.0,2.0,2.0,,1512302400,2017-12-26 23:28:30.889609,0.0,0.0
1896,0.01048,,1,JordanManual,CCCAGG,0.01051,0.01048,0.01048,CLINT,1512302400,2017-12-28 08:19:08.878898,0.0,0.0
1897,2.0,CLINT,1,JordanManual,CCCAGG,2.0,2.0,2.0,,1512306000,2017-12-26 23:28:30.889609,0.0,0.0
1898,2.0,CLINT,1,JordanManual,CCCAGG,2.0,2.0,2.0,,1512309600,2017-12-26 23:28:30.889609,0.0,0.0
1899,0.01052,,1,JordanManual,CCCAGG,0.01057,0.01051,0.01057,CLINT,1512313200,2017-12-28 08:19:08.878898,0.0,0.0
1900,2.0,CLINT,1,JordanManual,CCCAGG,2.0,2.0,2.0,,1512313200,2017-12-26 23:28:30.889609,0.0,0.0
1901,2.0,CLINT,1,JordanManual,CCCAGG,2.0,2.0,2.0,,1512316800,2017-12-26 23:28:30.889609,0.0,0.0
1902,2.0,CLINT,1,JordanManual,CCCAGG,2.0,2.0,2.0,,1512320400,2017-12-26 23:28:30.889609,0.0,0.0
1903,0.01183,,1,JordanManual,CCCAGG,0.02309,0.01001,0.01056,CLINT,1512324000,2017-12-28 08:19:08.878898,392309.32,4641.02
1904,2.0,CLINT,1,JordanManual,CCCAGG,2.0,2.0,2.0,,1512324000,2017-12-26 23:28:30.889609,0.0,0.0
1905,2.0,CLINT,1,JordanManual,CCCAGG,2.0,2.0,2.0,,1512327600,2017-12-26 23:28:30.889609,0.0,0.0
1906,1.99,CLINT,1,JordanManual,CCCAGG,2.0,1.99,2.0,,1512331200,2017-12-26 23:28:30.889609,13.68,27.22
1907,1.99,CLINT,1,JordanManual,CCCAGG,1.99,1.99,1.99,,1512334800,2017-12-26 23:28:30.889609,0.0,0.0
1908,0.01147,,1,JordanManual,CCCAGG,0.0208,0.01117,0.01139,CLINT,1512334800,2017-12-28 08:19:08.878898,19514.6,217.98
1909,1.99,CLINT,1,JordanManual,CCCAGG,1.99,1.99,1.99,,1512338400,2017-12-26 23:28:30.889609,0.0,0.0
1910,1.99,CLINT,1,JordanManual,CCCAGG,1.99,1.99,1.99,,1512342000,2017-12-26 23:28:30.889609,0.0,0.0
1911,1.99,CLINT,1,JordanManual,CCCAGG,1.99,1.99,1.99,,1512345600,2017-12-26 23:28:30.889609,0.0,0.0
1912,0.01141,,1,JordanManual,CCCAGG,0.01166,0.01141,0.01149,CLINT,1512345600,2017-12-28 08:19:08.878898,2140.94,24.43
1913,1.99,CLINT,1,JordanManual,CCCAGG,1.99,1.99,1.99,,1512349200,2017-12-26 23:28:30.889609,0.0,0.0
1914,1.99,CLINT,1,JordanManual,CCCAGG,1.99,1.99,1.99,,1512352800,2017-12-26 23:28:30.889609,0.0,0.0
1915,0.01444,,1,JordanManual,CCCAGG,0.0145,0.01152,0.01152,CLINT,1512356400,2017-12-28 08:19:08.878898,2890.11,41.53
1916,1.99,CLINT,1,JordanManual,CCCAGG,1.99,1.99,1.99,,1512356400,2017-12-26 23:28:30.889609,0.0,0.0
1917,1.99,CLINT,1,JordanManual,CCCAGG,1.99,1.99,1.99,,1512360000,2017-12-26 23:28:30.889609,0.0,0.0
1918,1.99,CLINT,1,JordanManual,CCCAGG,1.99,1.99,1.99,,1512363600,2017-12-26 23:28:30.889609,0.0,0.0
1919,0.01731,,1,JordanManual,CCCAGG,0.02142,0.01202,0.01443,CLINT,1512367200,2017-12-28 08:19:08.878898,470407.68,8039.99
1920,1.99,CLINT,1,JordanManual,CCCAGG,1.99,1.99,1.99,,1512367200,2017-12-26 23:28:30.889609,0.0,0.0
1921,1.99,CLINT,1,JordanManual,CCCAGG,1.99,1.99,1.99,,1512370800,2017-12-26 23:28:30.889609,0.0,0.0
1922,0.099,CLINT,1,JordanManual,CCCAGG,1.99,0.099,1.99,,1512374400,2017-12-26 23:28:30.889609,8.01,0.7934
1923,0.005,CLINT,1,JordanManual,CCCAGG,0.099,0.005,0.099,,1512378000,2017-12-26 23:28:30.889609,1432.09,139.49
1924,0.01557,,1,JordanManual,CCCAGG,0.01709,0.01266,0.01709,CLINT,1512378000,2017-12-28 08:19:08.878898,58062.07,973.12
1925,0.005,CLINT,1,JordanManual,CCCAGG,0.005,0.005,0.005,,1512381600,2017-12-26 23:28:30.889609,0.0,0.0
1926,0.005,CLINT,1,JordanManual,CCCAGG,0.005,0.005,0.005,,1512385200,2017-12-26 23:28:30.889609,0.0,0.0
1927,0.01176,,1,JordanManual,CCCAGG,0.01569,0.0114,0.01559,CLINT,1512388800,2017-12-28 08:19:08.878898,4518.46,51.93
1928,0.005,CLINT,1,JordanManual,CCCAGG,0.005,0.005,0.005,,1512388800,2017-12-26 23:28:30.889609,0.0,0.0
1929,0.005,CLINT,1,JordanManual,CCCAGG,0.005,0.005,0.005,,1512392400,2017-12-26 23:28:30.889609,0.0,0.0
1930,0.0551,CLINT,1,JordanManual,CCCAGG,0.099,0.005,0.005,,1512396000,2017-12-26 23:28:30.889609,2025.19,23.94
1931,0.01254,,1,JordanManual,CCCAGG,0.0156,0.01173,0.01173,CLINT,1512399600,2017-12-28 08:19:08.878898,7921.01,112.22
1932,0.0951,CLINT,1,JordanManual,CCCAGG,0.0951,0.0551,0.0551,,1512399600,2017-12-26 23:28:30.889609,3.0,0.2853
1933,0.0951,CLINT,1,JordanManual,CCCAGG,0.0951,0.0951,0.0951,,1512403200,2017-12-26 23:28:30.889609,0.0,0.0
1934,0.0951,CLINT,1,JordanManual,CCCAGG,0.0951,0.0951,0.0951,,1512406800,2017-12-26 23:28:30.889609,0.0,0.0
1935,0.0951,CLINT,1,JordanManual,CCCAGG,0.0951,0.0951,0.0951,,1512410400,2017-12-26 23:28:30.889609,0.0,0.0
1936,0.01179,,1,JordanManual,CCCAGG,0.01317,0.01156,0.01246,CLINT,1512410400,2017-12-28 08:19:08.878898,9717.0,113.07
1937,0.0951,CLINT,1,JordanManual,CCCAGG,0.0951,0.0951,0.0951,,1512414000,2017-12-26 23:28:30.889609,0.0,0.0
1938,0.011,CLINT,1,JordanManual,CCCAGG,0.0951,0.011,0.0951,,1512417600,2017-12-26 23:28:30.889609,770.81,11.26
1939,0.01314,,1,JordanManual,CCCAGG,0.01314,0.01184,0.01184,CLINT,1512421200,2017-12-28 08:19:08.878898,412.38,5.3627
1940,0.011,CLINT,1,JordanManual,CCCAGG,0.011,0.011,0.011,,1512421200,2017-12-26 23:28:30.889609,0.0,0.0
1941,0.011,CLINT,1,JordanManual,CCCAGG,0.011,0.011,0.011,,1512424800,2017-12-26 23:28:30.889609,0.0,0.0
1942,0.011,CLINT,1,JordanManual,CCCAGG,0.011,0.011,0.011,,1512428400,2017-12-26 23:28:30.889609,0.0,0.0
1943,0.01306,,1,JordanManual,CCCAGG,0.01311,0.01306,0.01311,CLINT,1512432000,2017-12-28 08:19:08.878898,0.0,0.0
1944,0.011,CLINT,1,JordanManual,CCCAGG,0.011,0.011,0.011,,1512432000,2017-12-26 23:28:30.889609,0.0,0.0
1945,0.011,CLINT,1,JordanManual,CCCAGG,0.011,0.011,0.011,,1512435600,2017-12-26 23:28:30.889609,0.0,0.0
1946,0.011,CLINT,1,JordanManual,CCCAGG,0.011,0.011,0.011,,1512439200,2017-12-26 23:28:30.889609,0.0,0.0
1947,0.011,CLINT,1,JordanManual,CCCAGG,0.011,0.011,0.011,,1512442800,2017-12-26 23:28:30.889609,0.0,0.0
1948,0.01167,,1,JordanManual,CCCAGG,0.01312,0.01167,0.01312,CLINT,1512442800,2017-12-28 08:19:08.878898,1525.88,17.81
1949,0.011,CLINT,1,JordanManual,CCCAGG,0.011,0.011,0.011,,1512446400,2017-12-26 23:28:30.889609,0.0,0.0
1950,0.0127,CLINT,1,JordanManual,CCCAGG,0.0127,0.011,0.011,,1512450000,2017-12-26 23:28:30.889609,774.34,9.83
1951,0.0105,,1,JordanManual,CCCAGG,0.01191,0.0105,0.01171,CLINT,1512453600,2017-12-28 08:19:08.878898,13087.1,146.0
1952,0.0127,CLINT,1,JordanManual,CCCAGG,0.0127,0.0127,0.0127,,1512453600,2017-12-26 23:28:30.889609,0.0,0.0
1953,0.011,CLINT,1,JordanManual,CCCAGG,0.013,0.011,0.0127,,1512457200,2017-12-26 23:28:30.889609,6584.23,81.75
1954,0.011,CLINT,1,JordanManual,CCCAGG,0.011,0.011,0.011,,1512460800,2017-12-26 23:28:30.889609,0.0,0.0
1955,0.01029,,1,JordanManual,CCCAGG,0.0104,0.01026,0.0104,CLINT,1512464400,2017-12-28 08:19:08.878898,12614.33,129.42
1956,0.065,CLINT,1,JordanManual,CCCAGG,0.065,0.011,0.011,,1512464400,2017-12-26 23:28:30.889609,1000.0,65.0
1957,0.065,CLINT,1,JordanManual,CCCAGG,0.065,0.065,0.065,,1512468000,2017-12-26 23:28:30.889609,0.0,0.0
1958,0.012,CLINT,1,JordanManual,CCCAGG,0.065,0.012,0.065,,1512471600,2017-12-26 23:28:30.889609,82.33,0.988
1959,0.012,CLINT,1,JordanManual,CCCAGG,0.012,0.012,0.012,,1512475200,2017-12-26 23:28:30.889609,0.0,0.0
1960,0.01037,,1,JordanManual,CCCAGG,0.01037,0.01035,0.01035,CLINT,1512475200,2017-12-28 08:19:08.878898,0.0,0.0
1961,0.012,CLINT,1,JordanManual,CCCAGG,0.012,0.012,0.012,,1512478800,2017-12-26 23:28:30.889609,0.0,0.0
1962,0.012,CLINT,1,JordanManual,CCCAGG,0.012,0.012,0.012,,1512482400,2017-12-26 23:28:30.889609,0.0,0.0
1963,0.01042,,1,JordanManual,CCCAGG,0.01123,0.01038,0.0104,CLINT,1512486000,2017-12-28 08:19:08.878898,1000.0,10.47
1964,0.011,CLINT,1,JordanManual,CCCAGG,0.012,0.011,0.012,,1512486000,2017-12-26 23:28:30.889609,1463.36,16.15
1965,0.011,CLINT,1,JordanManual,CCCAGG,0.011,0.011,0.011,,1512489600,2017-12-26 23:28:30.889609,0.0,0.0
1966,0.011,CLINT,1,JordanManual,CCCAGG,0.011,0.011,0.011,,1512493200,2017-12-26 23:28:30.889609,0.0,0.0
1967,0.011,CLINT,1,JordanManual,CCCAGG,0.011,0.011,0.011,,1512496800,2017-12-26 23:28:30.889609,0.0,0.0
1968,0.01048,,1,JordanManual,CCCAGG,0.01048,0.01044,0.01044,CLINT,1512496800,2017-12-28 08:19:08.878898,0.0,0.0
1969,0.011,CLINT,1,JordanManual,CCCAGG,0.011,0.011,0.011,,1512500400,2017-12-26 23:28:30.889609,0.0,0.0
1970,0.011,CLINT,1,JordanManual,CCCAGG,0.011,0.011,0.011,,1512504000,2017-12-26 23:28:30.889609,0.0,0.0
1971,0.011,CLINT,1,JordanManual,CCCAGG,0.011,0.011,0.011,,1512507600,2017-12-26 23:28:30.889609,0.0,0.0
1972,0.01038,,1,JordanManual,CCCAGG,0.01048,0.01038,0.01048,CLINT,1512507600,2017-12-28 08:19:08.878898,0.0,0.0
1973,0.011,CLINT,1,JordanManual,CCCAGG,0.011,0.011,0.011,,1512511200,2017-12-26 23:28:30.889609,0.0,0.0
1974,0.011,CLINT,1,JordanManual,CCCAGG,0.011,0.011,0.011,,1512514800,2017-12-26 23:28:30.889609,0.0,0.0
1975,0.01082,,1,JordanManual,CCCAGG,0.01082,0.01054,0.01054,CLINT,1512518400,2017-12-28 08:19:08.878898,0.0,0.0
1976,0.011,CLINT,1,JordanManual,CCCAGG,0.011,0.011,0.011,,1512518400,2017-12-26 23:28:30.889609,0.0,0.0
1977,0.011,CLINT,1,JordanManual,CCCAGG,0.011,0.011,0.011,,1512522000,2017-12-26 23:28:30.889609,0.0,0.0
1978,0.011,CLINT,1,JordanManual,CCCAGG,0.011,0.011,0.011,,1512525600,2017-12-26 23:28:30.889609,0.0,0.0
1979,0.01092,,1,JordanManual,CCCAGG,0.01092,0.01088,0.01089,CLINT,1512529200,2017-12-28 08:19:08.878898,2347.94,25.57
1980,0.011,CLINT,1,JordanManual,CCCAGG,0.011,0.011,0.011,,1512529200,2017-12-26 23:28:30.889609,0.0,0.0
1981,0.011,CLINT,1,JordanManual,CCCAGG,0.011,0.011,0.011,,1512532800,2017-12-26 23:28:30.889609,0.0,0.0
1982,0.011,CLINT,1,JordanManual,CCCAGG,0.011,0.011,0.011,,1512536400,2017-12-26 23:28:30.889609,0.0,0.0
1983,0.011,CLINT,1,JordanManual,CCCAGG,0.011,0.011,0.011,,1512540000,2017-12-26 23:28:30.889609,0.0,0.0
1984,0.0111,,1,JordanManual,CCCAGG,0.0111,0.01105,0.01106,CLINT,1512540000,2017-12-28 08:19:08.878898,6000.0,66.3
1985,0.011,CLINT,1,JordanManual,CCCAGG,0.011,0.011,0.011,,1512543600,2017-12-26 23:28:30.889609,0.0,0.0
1986,0.011,CLINT,1,JordanManual,CCCAGG,0.011,0.011,0.011,,1512547200,2017-12-26 23:28:30.889609,0.0,0.0
1987,0.01023,,1,JordanManual,CCCAGG,0.01132,0.01019,0.0112,CLINT,1512550800,2017-12-28 08:19:08.878898,27022.75,275.92
1988,0.011,CLINT,1,JordanManual,CCCAGG,0.011,0.011,0.011,,1512550800,2017-12-26 23:28:30.889609,0.0,0.0
1989,0.011,CLINT,1,JordanManual,CCCAGG,0.011,0.011,0.011,,1512554400,2017-12-26 23:28:30.889609,0.0,0.0
1990,0.011,CLINT,1,JordanManual,CCCAGG,0.011,0.011,0.011,,1512558000,2017-12-26 23:28:30.889609,0.0,0.0
1991,0.01037,,1,JordanManual,CCCAGG,0.01037,0.01027,0.01031,CLINT,1512561600,2017-12-28 08:19:08.878898,729.18,7.49
1992,0.011,CLINT,1,JordanManual,CCCAGG,0.011,0.011,0.011,,1512561600,2017-12-26 23:28:30.889609,0.0,0.0
1993,0.011,CLINT,1,JordanManual,CCCAGG,0.011,0.011,0.011,,1512565200,2017-12-26 23:28:30.889609,0.0,0.0
1994,0.011,CLINT,1,JordanManual,CCCAGG,0.011,0.011,0.011,,1512568800,2017-12-26 23:28:30.889609,0.0,0.0
1995,0.01028,,1,JordanManual,CCCAGG,0.01028,0.01012,0.01012,CLINT,1512572400,2017-12-28 08:19:08.878898,0.0,0.0
1996,0.011,CLINT,1,JordanManual,CCCAGG,0.011,0.011,0.011,,1512572400,2017-12-26 23:28:30.889609,0.0,0.0
1997,0.011,CLINT,1,JordanManual,CCCAGG,0.011,0.011,0.011,,1512576000,2017-12-26 23:28:30.889609,0.0,0.0
1998,0.011,CLINT,1,JordanManual,CCCAGG,0.011,0.011,0.011,,1512579600,2017-12-26 23:28:30.889609,0.0,0.0
1999,0.01069,,1,JordanManual,CCCAGG,0.01069,0.01042,0.01042,CLINT,1512583200,2017-12-28 08:19:08.878898,0.0,0.0
2000,0.011,CLINT,1,JordanManual,CCCAGG,0.011,0.011,0.011,,1512583200,2017-12-26 23:28:30.889609,0.0,0.0
2001,0.011,CLINT,1,JordanManual,CCCAGG,0.011,0.011,0.011,,1512586800,2017-12-26 23:28:30.889609,0.0,0.0
2002,0.011,CLINT,1,JordanManual,CCCAGG,0.011,0.011,0.011,,1512590400,2017-12-26 23:28:30.889609,0.0,0.0
2003,0.011,CLINT,1,JordanManual,CCCAGG,0.011,0.011,0.011,,1512594000,2017-12-26 23:28:30.889609,0.0,0.0
2004,0.01114,,1,JordanManual,CCCAGG,0.01121,0.01075,0.01075,CLINT,1512594000,2017-12-28 08:19:08.878898,0.0,0.0
2005,0.011,CLINT,1,JordanManual,CCCAGG,0.011,0.011,0.011,,1512597600,2017-12-26 23:28:30.889609,0.0,0.0
2006,0.011,CLINT,1,JordanManual,CCCAGG,0.011,0.011,0.011,,1512601200,2017-12-26 23:28:30.889609,0.0,0.0
2007,0.011,CLINT,1,JordanManual,CCCAGG,0.011,0.011,0.011,,1512604800,2017-12-26 23:28:30.889609,0.0,0.0
2008,0.01109,,1,JordanManual,CCCAGG,0.01141,0.01109,0.01141,CLINT,1512604800,2017-12-28 08:19:08.878898,0.0,0.0
2009,0.011,CLINT,1,JordanManual,CCCAGG,0.011,0.011,0.011,,1512608400,2017-12-26 23:28:30.889609,0.0,0.0
2010,0.011,CLINT,1,JordanManual,CCCAGG,0.011,0.011,0.011,,1512612000,2017-12-26 23:28:30.889609,0.0,0.0
2011,0.011,CLINT,1,JordanManual,CCCAGG,0.011,0.011,0.011,,1512615600,2017-12-26 23:28:30.889609,0.0,0.0
2012,0.01148,,1,JordanManual,CCCAGG,0.01148,0.01114,0.01114,CLINT,1512615600,2017-12-28 08:19:08.878898,0.0,0.0
2013,0.011,CLINT,1,JordanManual,CCCAGG,0.011,0.011,0.011,,1512619200,2017-12-26 23:28:30.889609,0.0,0.0
2014,0.011,CLINT,1,JordanManual,CCCAGG,0.011,0.011,0.011,,1512622800,2017-12-26 23:28:30.889609,0.0,0.0
2015,0.01176,,1,JordanManual,CCCAGG,0.01176,0.01142,0.01142,CLINT,1512626400,2017-12-28 08:19:08.878898,0.0,0.0
2016,0.011,CLINT,1,JordanManual,CCCAGG,0.011,0.011,0.011,,1512626400,2017-12-26 23:28:30.889609,0.0,0.0
2017,0.011,CLINT,1,JordanManual,CCCAGG,0.011,0.011,0.011,,1512630000,2017-12-26 23:28:30.889609,0.0,0.0
2018,0.011,CLINT,1,JordanManual,CCCAGG,0.011,0.011,0.011,,1512633600,2017-12-26 23:28:30.889609,0.0,0.0
2019,0.011,CLINT,1,JordanManual,CCCAGG,0.011,0.011,0.011,,1512637200,2017-12-26 23:28:30.889609,0.0,0.0
2020,0.01153,,1,JordanManual,CCCAGG,0.01217,0.01153,0.01187,CLINT,1512637200,2017-12-28 08:19:08.878898,0.0,0.0
2021,0.011,CLINT,1,JordanManual,CCCAGG,0.011,0.011,0.011,,1512640800,2017-12-26 23:28:30.889609,0.0,0.0
2022,0.011,CLINT,1,JordanManual,CCCAGG,0.011,0.011,0.011,,1512644400,2017-12-26 23:28:30.889609,0.0,0.0
2023,0.011,CLINT,1,JordanManual,CCCAGG,0.011,0.011,0.011,,1512648000,2017-12-26 23:28:30.889609,0.0,0.0
2024,0.01262,,1,JordanManual,CCCAGG,0.01262,0.01193,0.01193,CLINT,1512648000,2017-12-28 08:19:08.878898,490.0,6.11
2025,0.011,CLINT,1,JordanManual,CCCAGG,0.011,0.011,0.011,,1512651600,2017-12-26 23:28:30.889609,0.0,0.0
2026,0.011,CLINT,1,JordanManual,CCCAGG,0.011,0.011,0.011,,1512655200,2017-12-26 23:28:30.889609,0.0,0.0
2027,0.01302,,1,JordanManual,CCCAGG,0.01303,0.01267,0.01303,CLINT,1512658800,2017-12-28 08:19:08.878898,0.0,0.0
2028,0.011,CLINT,1,JordanManual,CCCAGG,0.011,0.011,0.011,,1512658800,2017-12-26 23:28:30.889609,0.0,0.0
2029,0.011,CLINT,1,JordanManual,CCCAGG,0.011,0.011,0.011,,1512662400,2017-12-26 23:28:30.889609,0.0,0.0
2030,0.011,CLINT,1,JordanManual,CCCAGG,0.011,0.011,0.011,,1512666000,2017-12-26 23:28:30.889609,0.0,0.0
2031,0.011,CLINT,1,JordanManual,CCCAGG,0.011,0.011,0.011,,1512669600,2017-12-26 23:28:30.889609,0.0,0.0
2032,0.013,,1,JordanManual,CCCAGG,0.0132,0.01276,0.0132,CLINT,1512669600,2017-12-28 08:19:08.878898,500.11,6.6
2033,0.011,CLINT,1,JordanManual,CCCAGG,0.011,0.011,0.011,,1512673200,2017-12-26 23:28:30.889609,0.0,0.0
2034,0.011,CLINT,1,JordanManual,CCCAGG,0.011,0.011,0.011,,1512676800,2017-12-26 23:28:30.889609,0.0,0.0
2035,0.011,CLINT,1,JordanManual,CCCAGG,0.011,0.011,0.011,,1512680400,2017-12-26 23:28:30.889609,0.0,0.0
2036,0.01382,,1,JordanManual,CCCAGG,0.01382,0.01322,0.01322,CLINT,1512680400,2017-12-28 08:19:08.878898,0.0,0.0
2037,0.011,CLINT,1,JordanManual,CCCAGG,0.011,0.011,0.011,,1512684000,2017-12-26 23:28:30.889609,0.0,0.0
2038,0.011,CLINT,1,JordanManual,CCCAGG,0.011,0.011,0.011,,1512687600,2017-12-26 23:28:30.889609,0.0,0.0
2039,0.011,CLINT,1,JordanManual,CCCAGG,0.011,0.011,0.011,,1512691200,2017-12-26 23:28:30.889609,0.0,0.0
2040,0.01388,,1,JordanManual,CCCAGG,0.01415,0.01388,0.01403,CLINT,1512691200,2017-12-28 08:19:08.878898,155.0,2.15
2041,0.011,CLINT,1,JordanManual,CCCAGG,0.011,0.011,0.011,,1512694800,2017-12-26 23:28:30.889609,0.0,0.0
2042,0.011,CLINT,1,JordanManual,CCCAGG,0.011,0.011,0.011,,1512698400,2017-12-26 23:28:30.889609,0.0,0.0
2043,0.011,CLINT,1,JordanManual,CCCAGG,0.011,0.011,0.011,,1512702000,2017-12-26 23:28:30.889609,0.0,0.0
2044,0.01411,,1,JordanManual,CCCAGG,0.01418,0.01292,0.01348,CLINT,1512702000,2017-12-28 08:19:08.878898,143.66,2.04
2045,0.011,CLINT,1,JordanManual,CCCAGG,0.011,0.011,0.011,,1512705600,2017-12-26 23:28:30.889609,0.0,0.0
2046,0.011,CLINT,1,JordanManual,CCCAGG,0.011,0.011,0.011,,1512709200,2017-12-26 23:28:30.889609,0.0,0.0
2047,0.011,CLINT,1,JordanManual,CCCAGG,0.011,0.011,0.011,,1512712800,2017-12-26 23:28:30.889609,0.0,0.0
2048,0.01408,,1,JordanManual,CCCAGG,0.0145,0.01408,0.01448,CLINT,1512712800,2017-12-28 08:19:08.878898,0.0,0.0
2049,0.011,CLINT,1,JordanManual,CCCAGG,0.011,0.011,0.011,,1512716400,2017-12-26 23:28:30.889609,0.0,0.0
2050,0.011,CLINT,1,JordanManual,CCCAGG,0.011,0.011,0.011,,1512720000,2017-12-26 23:28:30.889609,0.0,0.0
2051,0.011,CLINT,1,JordanManual,CCCAGG,0.011,0.011,0.011,,1512723600,2017-12-26 23:28:30.889609,0.0,0.0
2052,0.01342,,1,JordanManual,CCCAGG,0.01384,0.01342,0.01384,CLINT,1512723600,2017-12-28 08:19:08.878898,0.0,0.0
2053,0.011,CLINT,1,JordanManual,CCCAGG,0.011,0.011,0.011,,1512727200,2017-12-26 23:28:30.889609,0.0,0.0
2054,0.011,CLINT,1,JordanManual,CCCAGG,0.011,0.011,0.011,,1512730800,2017-12-26 23:28:30.889609,0.0,0.0
2055,0.011,CLINT,1,JordanManual,CCCAGG,0.011,0.011,0.011,,1512734400,2017-12-26 23:28:30.889609,0.0,0.0
2056,0.01428,,1,JordanManual,CCCAGG,0.01428,0.01348,0.01348,CLINT,1512734400,2017-12-28 08:19:08.878898,0.0,0.0
2057,0.011,CLINT,1,JordanManual,CCCAGG,0.011,0.011,0.011,,1512738000,2017-12-26 23:28:30.889609,0.0,0.0
2058,0.011,CLINT,1,JordanManual,CCCAGG,0.011,0.011,0.011,,1512741600,2017-12-26 23:28:30.889609,0.0,0.0
2059,0.011,CLINT,1,JordanManual,CCCAGG,0.011,0.011,0.011,,1512745200,2017-12-26 23:28:30.889609,0.0,0.0
2060,0.01351,,1,JordanManual,CCCAGG,0.01393,0.01351,0.01393,CLINT,1512745200,2017-12-28 08:19:08.878898,0.0,0.0
2061,0.011,CLINT,1,JordanManual,CCCAGG,0.011,0.011,0.011,,1512748800,2017-12-26 23:28:30.889609,0.0,0.0
2062,0.011,CLINT,1,JordanManual,CCCAGG,0.011,0.011,0.011,,1512752400,2017-12-26 23:28:30.889609,0.0,0.0
2063,0.011,CLINT,1,JordanManual,CCCAGG,0.011,0.011,0.011,,1512756000,2017-12-26 23:28:30.889609,0.0,0.0
2064,0.01366,,1,JordanManual,CCCAGG,0.01375,0.01366,0.0137,CLINT,1512756000,2017-12-28 08:19:08.878898,0.0,0.0
2065,0.011,CLINT,1,JordanManual,CCCAGG,0.011,0.011,0.011,,1512759600,2017-12-26 23:28:30.889609,0.0,0.0
2066,0.011,CLINT,1,JordanManual,CCCAGG,0.011,0.011,0.011,,1512763200,2017-12-26 23:28:30.889609,0.0,0.0
2067,0.011,CLINT,1,JordanManual,CCCAGG,0.011,0.011,0.011,,1512766800,2017-12-26 23:28:30.889609,0.0,0.0
2068,0.01444,,1,JordanManual,CCCAGG,0.01444,0.01424,0.01424,CLINT,1512766800,2017-12-28 08:19:08.878898,0.0,0.0
2069,0.011,CLINT,1,JordanManual,CCCAGG,0.011,0.011,0.011,,1512770400,2017-12-26 23:28:30.889609,0.0,0.0
2070,0.011,CLINT,1,JordanManual,CCCAGG,0.011,0.011,0.011,,1512774000,2017-12-26 23:28:30.889609,0.0,0.0
2071,0.01422,,1,JordanManual,CCCAGG,0.01432,0.014,0.01432,CLINT,1512777600,2017-12-28 08:19:08.878898,0.0,0.0
2072,0.011,CLINT,1,JordanManual,CCCAGG,0.011,0.011,0.011,,1512777600,2017-12-26 23:28:30.889609,0.0,0.0
2073,0.011,CLINT,1,JordanManual,CCCAGG,0.011,0.011,0.011,,1512781200,2017-12-26 23:28:30.889609,0.0,0.0
2074,0.011,CLINT,1,JordanManual,CCCAGG,0.011,0.011,0.011,,1512784800,2017-12-26 23:28:30.889609,0.0,0.0
2075,0.01374,,1,JordanManual,CCCAGG,0.01413,0.01374,0.01413,CLINT,1512788400,2017-12-28 08:19:08.878898,0.0,0.0
2076,0.011,CLINT,1,JordanManual,CCCAGG,0.011,0.011,0.011,,1512788400,2017-12-26 23:28:30.889609,0.0,0.0
2077,0.011,CLINT,1,JordanManual,CCCAGG,0.011,0.011,0.011,,1512792000,2017-12-26 23:28:30.889609,0.0,0.0
2078,0.011,CLINT,1,JordanManual,CCCAGG,0.011,0.011,0.011,,1512795600,2017-12-26 23:28:30.889609,0.0,0.0
2079,0.0138,,1,JordanManual,CCCAGG,0.01403,0.0138,0.0139,CLINT,1512799200,2017-12-28 08:19:08.878898,0.0,0.0
2080,0.011,CLINT,1,JordanManual,CCCAGG,0.011,0.011,0.011,,1512799200,2017-12-26 23:28:30.889609,0.0,0.0
2081,0.011,CLINT,1,JordanManual,CCCAGG,0.011,0.011,0.011,,1512802800,2017-12-26 23:28:30.889609,0.0,0.0
2082,0.011,CLINT,1,JordanManual,CCCAGG,0.011,0.011,0.011,,1512806400,2017-12-26 23:28:30.889609,0.0,0.0
2083,0.0136,,1,JordanManual,CCCAGG,0.01369,0.01338,0.01369,CLINT,1512810000,2017-12-28 08:19:08.878898,0.0,0.0
2084,0.011,CLINT,1,JordanManual,CCCAGG,0.011,0.011,0.011,,1512810000,2017-12-26 23:28:30.889609,0.0,0.0
2085,0.011,CLINT,1,JordanManual,CCCAGG,0.011,0.011,0.011,,1512813600,2017-12-26 23:28:30.889609,0.0,0.0
2086,0.011,CLINT,1,JordanManual,CCCAGG,0.011,0.011,0.011,,1512817200,2017-12-26 23:28:30.889609,0.0,0.0
2087,0.01356,,1,JordanManual,CCCAGG,0.0137,0.01339,0.01339,CLINT,1512820800,2017-12-28 08:19:08.878898,0.0,0.0
2088,0.011,CLINT,1,JordanManual,CCCAGG,0.011,0.011,0.011,,1512820800,2017-12-26 23:28:30.889609,0.0,0.0
2089,0.011,CLINT,1,JordanManual,CCCAGG,0.011,0.011,0.011,,1512824400,2017-12-26 23:28:30.889609,0.0,0.0
2090,0.011,CLINT,1,JordanManual,CCCAGG,0.011,0.011,0.011,,1512828000,2017-12-26 23:28:30.889609,0.0,0.0
2091,0.011,CLINT,1,JordanManual,CCCAGG,0.011,0.011,0.011,,1512831600,2017-12-26 23:28:30.889609,0.0,0.0
2092,0.0121,,1,JordanManual,CCCAGG,0.01326,0.0121,0.01326,CLINT,1512831600,2017-12-28 08:19:08.878898,0.0,0.0
2093,0.011,CLINT,1,JordanManual,CCCAGG,0.011,0.011,0.011,,1512835200,2017-12-26 23:28:30.889609,0.0,0.0
2094,0.011,CLINT,1,JordanManual,CCCAGG,0.011,0.011,0.011,,1512838800,2017-12-26 23:28:30.889609,0.0,0.0
2095,0.011,CLINT,1,JordanManual,CCCAGG,0.011,0.011,0.011,,1512842400,2017-12-26 23:28:30.889609,0.0,0.0
2096,0.01308,,1,JordanManual,CCCAGG,0.01308,0.01283,0.01289,CLINT,1512842400,2017-12-28 08:19:08.878898,0.0,0.0
2097,0.011,CLINT,1,JordanManual,CCCAGG,0.011,0.011,0.011,,1512846000,2017-12-26 23:28:30.889609,0.0,0.0
2098,0.011,CLINT,1,JordanManual,CCCAGG,0.011,0.011,0.011,,1512849600,2017-12-26 23:28:30.889609,0.0,0.0
2099,0.01336,,1,JordanManual,CCCAGG,0.01337,0.01312,0.01312,CLINT,1512853200,2017-12-28 08:19:08.878898,0.0,0.0
2100,0.011,CLINT,1,JordanManual,CCCAGG,0.011,0.011,0.011,,1512853200,2017-12-26 23:28:30.889609,0.0,0.0
2101,0.011,CLINT,1,JordanManual,CCCAGG,0.011,0.011,0.011,,1512856800,2017-12-26 23:28:30.889609,0.0,0.0
2102,0.011,CLINT,1,JordanManual,CCCAGG,0.011,0.011,0.011,,1512860400,2017-12-26 23:28:30.889609,0.0,0.0
2103,0.01223,,1,JordanManual,CCCAGG,0.01294,0.01223,0.01294,CLINT,1512864000,2017-12-28 08:19:08.878898,0.0,0.0
2104,0.011,CLINT,1,JordanManual,CCCAGG,0.011,0.011,0.011,,1512864000,2017-12-26 23:28:30.889609,0.0,0.0
2105,0.011,CLINT,1,JordanManual,CCCAGG,0.011,0.011,0.011,,1512867600,2017-12-26 23:28:30.889609,0.0,0.0
2106,0.011,CLINT,1,JordanManual,CCCAGG,0.011,0.011,0.011,,1512871200,2017-12-26 23:28:30.889609,0.0,0.0
2107,0.011,CLINT,1,JordanManual,CCCAGG,0.011,0.011,0.011,,1512874800,2017-12-26 23:28:30.889609,0.0,0.0
2108,0.01216,,1,JordanManual,CCCAGG,0.01229,0.01174,0.01174,CLINT,1512874800,2017-12-28 08:19:08.878898,0.0,0.0
2109,0.011,CLINT,1,JordanManual,CCCAGG,0.011,0.011,0.011,,1512878400,2017-12-26 23:28:30.889609,0.0,0.0
2110,0.011,CLINT,1,JordanManual,CCCAGG,0.011,0.011,0.011,,1512882000,2017-12-26 23:28:30.889609,0.0,0.0
2111,0.011,CLINT,1,JordanManual,CCCAGG,0.011,0.011,0.011,,1512885600,2017-12-26 23:28:30.889609,0.0,0.0
2112,0.01217,,1,JordanManual,CCCAGG,0.01258,0.01217,0.01258,CLINT,1512885600,2017-12-28 08:19:08.878898,0.0,0.0
2113,0.011,CLINT,1,JordanManual,CCCAGG,0.011,0.011,0.011,,1512889200,2017-12-26 23:28:30.889609,0.0,0.0
2114,0.011,CLINT,1,JordanManual,CCCAGG,0.011,0.011,0.011,,1512892800,2017-12-26 23:28:30.889609,0.0,0.0
2115,0.011,CLINT,1,JordanManual,CCCAGG,0.011,0.011,0.011,,1512896400,2017-12-26 23:28:30.889609,0.0,0.0
2116,0.01246,,1,JordanManual,CCCAGG,0.01247,0.01238,0.01238,CLINT,1512896400,2017-12-28 08:19:08.878898,0.0,0.0
2117,0.011,CLINT,1,JordanManual,CCCAGG,0.011,0.011,0.011,,1512900000,2017-12-26 23:28:30.889609,0.0,0.0
2118,0.011,CLINT,1,JordanManual,CCCAGG,0.011,0.011,0.011,,1512903600,2017-12-26 23:28:30.889609,0.0,0.0
2119,0.01369,,1,JordanManual,CCCAGG,0.01369,0.01255,0.01255,CLINT,1512907200,2017-12-28 08:19:08.878898,0.0,0.0
2120,0.011,CLINT,1,JordanManual,CCCAGG,0.011,0.011,0.011,,1512907200,2017-12-26 23:28:30.889609,0.0,0.0
2121,0.011,CLINT,1,JordanManual,CCCAGG,0.011,0.011,0.011,,1512910800,2017-12-26 23:28:30.889609,0.0,0.0
2122,0.011,CLINT,1,JordanManual,CCCAGG,0.011,0.011,0.011,,1512914400,2017-12-26 23:28:30.889609,0.0,0.0
2123,0.01388,,1,JordanManual,CCCAGG,0.0139,0.01369,0.0139,CLINT,1512918000,2017-12-28 08:19:08.878898,0.0,0.0
2124,0.011,CLINT,1,JordanManual,CCCAGG,0.011,0.011,0.011,,1512918000,2017-12-26 23:28:30.889609,0.0,0.0
2125,0.011,CLINT,1,JordanManual,CCCAGG,0.011,0.011,0.011,,1512921600,2017-12-26 23:28:30.889609,0.0,0.0
2126,0.011,CLINT,1,JordanManual,CCCAGG,0.011,0.011,0.011,,1512925200,2017-12-26 23:28:30.889609,0.0,0.0
2127,0.011,CLINT,1,JordanManual,CCCAGG,0.011,0.011,0.011,,1512928800,2017-12-26 23:28:30.889609,0.0,0.0
2128,0.01384,,1,JordanManual,CCCAGG,0.01405,0.01372,0.01372,CLINT,1512928800,2017-12-28 08:19:08.878898,0.0,0.0
2129,0.011,CLINT,1,JordanManual,CCCAGG,0.011,0.011,0.011,,1512932400,2017-12-26 23:28:30.889609,0.0,0.0
2130,0.011,CLINT,1,JordanManual,CCCAGG,0.011,0.011,0.011,,1512936000,2017-12-26 23:28:30.889609,0.0,0.0
2131,0.011,CLINT,1,JordanManual,CCCAGG,0.011,0.011,0.011,,1512939600,2017-12-26 23:28:30.889609,0.0,0.0
2132,0.01355,,1,JordanManual,CCCAGG,0.01355,0.01309,0.01309,CLINT,1512939600,2017-12-28 08:19:08.878898,0.0,0.0
2133,0.011,CLINT,1,JordanManual,CCCAGG,0.011,0.011,0.011,,1512943200,2017-12-26 23:28:30.889609,0.0,0.0
2134,0.011,CLINT,1,JordanManual,CCCAGG,0.011,0.011,0.011,,1512946800,2017-12-26 23:28:30.889609,0.0,0.0
2135,0.011,CLINT,1,JordanManual,CCCAGG,0.011,0.011,0.011,,1512950400,2017-12-26 23:28:30.889609,0.0,0.0
2136,0.01469,,1,JordanManual,CCCAGG,0.01469,0.01384,0.01384,CLINT,1512950400,2017-12-28 08:19:08.878898,0.0,0.0
2137,0.011,CLINT,1,JordanManual,CCCAGG,0.011,0.011,0.011,,1512954000,2017-12-26 23:28:30.889609,0.0,0.0
2138,0.011,CLINT,1,JordanManual,CCCAGG,0.011,0.011,0.011,,1512957600,2017-12-26 23:28:30.889609,0.0,0.0
2139,0.011,CLINT,1,JordanManual,CCCAGG,0.011,0.011,0.011,,1512961200,2017-12-26 23:28:30.889609,0.0,0.0
2140,0.01465,,1,JordanManual,CCCAGG,0.01469,0.01463,0.01469,CLINT,1512961200,2017-12-28 08:19:08.878898,0.0,0.0
2141,0.011,CLINT,1,JordanManual,CCCAGG,0.011,0.011,0.011,,1512964800,2017-12-26 23:28:30.889609,0.0,0.0
2142,0.011,CLINT,1,JordanManual,CCCAGG,0.011,0.011,0.011,,1512968400,2017-12-26 23:28:30.889609,0.0,0.0
2143,0.01487,,1,JordanManual,CCCAGG,0.01505,0.01487,0.01505,CLINT,1512972000,2017-12-28 08:19:08.878898,0.0,0.0
2144,0.011,CLINT,1,JordanManual,CCCAGG,0.011,0.011,0.011,,1512972000,2017-12-26 23:28:30.889609,0.0,0.0
2145,0.011,CLINT,1,JordanManual,CCCAGG,0.011,0.011,0.011,,1512975600,2017-12-26 23:28:30.889609,0.0,0.0
2146,0.011,CLINT,1,JordanManual,CCCAGG,0.011,0.011,0.011,,1512979200,2017-12-26 23:28:30.889609,0.0,0.0
2147,0.01478,,1,JordanManual,CCCAGG,0.015,0.01478,0.01489,CLINT,1512982800,2017-12-28 08:19:08.878898,0.0,0.0
2148,0.011,CLINT,1,JordanManual,CCCAGG,0.011,0.011,0.011,,1512982800,2017-12-26 23:28:30.889609,0.0,0.0
2149,0.011,CLINT,1,JordanManual,CCCAGG,0.011,0.011,0.011,,1512986400,2017-12-26 23:28:30.889609,0.0,0.0
2150,0.011,CLINT,1,JordanManual,CCCAGG,0.011,0.011,0.011,,1512990000,2017-12-26 23:28:30.889609,0.0,0.0
2151,0.01306,,1,JordanManual,CCCAGG,0.01484,0.01306,0.01484,CLINT,1512993600,2017-12-28 08:19:08.878898,1262.53,16.54
2152,0.011,CLINT,1,JordanManual,CCCAGG,0.011,0.011,0.011,,1512993600,2017-12-26 23:28:30.889609,0.0,0.0
2153,0.011,CLINT,1,JordanManual,CCCAGG,0.011,0.011,0.011,,1512997200,2017-12-26 23:28:30.889609,0.0,0.0
2154,0.006,CLINT,1,JordanManual,CCCAGG,0.011,0.006,0.011,,1513000800,2017-12-26 23:28:30.889609,50.51,0.303
2155,0.006,CLINT,1,JordanManual,CCCAGG,0.006,0.006,0.006,,1513004400,2017-12-26 23:28:30.889609,0.0,0.0
2156,0.0131,,1,JordanManual,CCCAGG,0.01319,0.0131,0.01319,CLINT,1513004400,2017-12-28 08:19:08.878898,0.0,0.0
2157,0.006,CLINT,1,JordanManual,CCCAGG,0.006,0.006,0.006,,1513008000,2017-12-26 23:28:30.889609,0.0,0.0
2158,0.006,CLINT,1,JordanManual,CCCAGG,0.006,0.006,0.006,,1513011600,2017-12-26 23:28:30.889609,0.0,0.0
2159,0.02446,CLINT,1,JordanManual,CCCAGG,0.02446,0.006,0.006,,1513015200,2017-12-26 23:28:30.889609,12.67,0.3098
2160,0.01379,,1,JordanManual,CCCAGG,0.01379,0.01325,0.01325,CLINT,1513015200,2017-12-28 08:19:08.878898,0.0,0.0
2161,0.02446,CLINT,1,JordanManual,CCCAGG,0.02446,0.02446,0.02446,,1513018800,2017-12-26 23:28:30.889609,0.0,0.0
2162,0.02446,CLINT,1,JordanManual,CCCAGG,0.02446,0.02446,0.02446,,1513022400,2017-12-26 23:28:30.889609,0.0,0.0
2163,0.01339,,1,JordanManual,CCCAGG,0.01375,0.01339,0.01375,CLINT,1513026000,2017-12-28 08:19:08.878898,0.0,0.0
2164,0.02446,CLINT,1,JordanManual,CCCAGG,0.02446,0.02446,0.02446,,1513026000,2017-12-26 23:28:30.889609,0.0,0.0
2165,0.02446,CLINT,1,JordanManual,CCCAGG,0.02446,0.02446,0.02446,,1513029600,2017-12-26 23:28:30.889609,0.0,0.0
2166,0.02446,CLINT,1,JordanManual,CCCAGG,0.02446,0.02446,0.02446,,1513033200,2017-12-26 23:28:30.889609,0.0,0.0
2167,0.02446,CLINT,1,JordanManual,CCCAGG,0.02446,0.02446,0.02446,,1513036800,2017-12-26 23:28:30.889609,0.0,0.0
2168,0.01337,,1,JordanManual,CCCAGG,0.01353,0.01337,0.01338,CLINT,1513036800,2017-12-28 08:19:08.878898,0.0,0.0
2169,0.02446,CLINT,1,JordanManual,CCCAGG,0.02446,0.02446,0.02446,,1513040400,2017-12-26 23:28:30.889609,0.0,0.0
2170,0.02446,CLINT,1,JordanManual,CCCAGG,0.02446,0.02446,0.02446,,1513044000,2017-12-26 23:28:30.889609,0.0,0.0
2171,0.01324,,1,JordanManual,CCCAGG,0.01324,0.01304,0.01311,CLINT,1513047600,2017-12-28 08:19:08.878898,0.0,0.0
2172,0.02446,CLINT,1,JordanManual,CCCAGG,0.02446,0.02446,0.02446,,1513047600,2017-12-26 23:28:30.889609,0.0,0.0
2173,0.02446,CLINT,1,JordanManual,CCCAGG,0.02446,0.02446,0.02446,,1513051200,2017-12-26 23:28:30.889609,0.0,0.0
2174,0.02446,CLINT,1,JordanManual,CCCAGG,0.02446,0.02446,0.02446,,1513054800,2017-12-26 23:28:30.889609,0.0,0.0
2175,0.01351,,1,JordanManual,CCCAGG,0.01351,0.01326,0.01326,CLINT,1513058400,2017-12-28 08:19:08.878898,0.0,0.0
2176,0.02446,CLINT,1,JordanManual,CCCAGG,0.02446,0.02446,0.02446,,1513058400,2017-12-26 23:28:30.889609,0.0,0.0
2177,0.02446,CLINT,1,JordanManual,CCCAGG,0.02446,0.02446,0.02446,,1513062000,2017-12-26 23:28:30.889609,0.0,0.0
2178,0.02446,CLINT,1,JordanManual,CCCAGG,0.02446,0.02446,0.02446,,1513065600,2017-12-26 23:28:30.889609,0.0,0.0
2179,0.02446,CLINT,1,JordanManual,CCCAGG,0.02446,0.02446,0.02446,,1513069200,2017-12-26 23:28:30.889609,0.0,0.0
2180,0.01342,,1,JordanManual,CCCAGG,0.01349,0.01337,0.01349,CLINT,1513069200,2017-12-28 08:19:08.878898,0.0,0.0
2181,0.02446,CLINT,1,JordanManual,CCCAGG,0.02446,0.02446,0.02446,,1513072800,2017-12-26 23:28:30.889609,0.0,0.0
2182,0.02446,CLINT,1,JordanManual,CCCAGG,0.02446,0.02446,0.02446,,1513076400,2017-12-26 23:28:30.889609,0.0,0.0
2183,0.01355,,1,JordanManual,CCCAGG,0.01375,0.01338,0.01338,CLINT,1513080000,2017-12-28 08:19:08.878898,0.0,0.0
2184,0.02446,CLINT,1,JordanManual,CCCAGG,0.02446,0.02446,0.02446,,1513080000,2017-12-26 23:28:30.889609,0.0,0.0
2185,0.02446,CLINT,1,JordanManual,CCCAGG,0.02446,0.02446,0.02446,,1513083600,2017-12-26 23:28:30.889609,0.0,0.0
2186,0.02446,CLINT,1,JordanManual,CCCAGG,0.02446,0.02446,0.02446,,1513087200,2017-12-26 23:28:30.889609,0.0,0.0
2187,0.01374,,1,JordanManual,CCCAGG,0.01374,0.01364,0.01366,CLINT,1513090800,2017-12-28 08:19:08.878898,0.0,0.0
2188,0.02446,CLINT,1,JordanManual,CCCAGG,0.02446,0.02446,0.02446,,1513090800,2017-12-26 23:28:30.889609,0.0,0.0
2189,0.02446,CLINT,1,JordanManual,CCCAGG,0.02446,0.02446,0.02446,,1513094400,2017-12-26 23:28:30.889609,0.0,0.0
2190,0.02446,CLINT,1,JordanManual,CCCAGG,0.02446,0.02446,0.02446,,1513098000,2017-12-26 23:28:30.889609,0.0,0.0
2191,0.02446,CLINT,1,JordanManual,CCCAGG,0.02446,0.02446,0.02446,,1513101600,2017-12-26 23:28:30.889609,0.0,0.0
2192,0.0137,,1,JordanManual,CCCAGG,0.01388,0.0137,0.01386,CLINT,1513101600,2017-12-28 08:19:08.878898,312.65,4.33
2193,0.02446,CLINT,1,JordanManual,CCCAGG,0.02446,0.02446,0.02446,,1513105200,2017-12-26 23:28:30.889609,0.0,0.0
2194,0.02446,CLINT,1,JordanManual,CCCAGG,0.02446,0.02446,0.02446,,1513108800,2017-12-26 23:28:30.889609,0.0,0.0
2195,0.02446,CLINT,1,JordanManual,CCCAGG,0.02446,0.02446,0.02446,,1513112400,2017-12-26 23:28:30.889609,0.0,0.0
2196,0.01367,,1,JordanManual,CCCAGG,0.01381,0.01367,0.01371,CLINT,1513112400,2017-12-28 08:19:08.878898,0.0,0.0
2197,0.02446,CLINT,1,JordanManual,CCCAGG,0.02446,0.02446,0.02446,,1513116000,2017-12-26 23:28:30.889609,0.0,0.0
2198,0.02446,CLINT,1,JordanManual,CCCAGG,0.02446,0.02446,0.02446,,1513119600,2017-12-26 23:28:30.889609,0.0,0.0
2199,0.01323,,1,JordanManual,CCCAGG,0.0138,0.01323,0.0138,CLINT,1513123200,2017-12-28 08:19:08.878898,0.0,0.0
2200,0.02446,CLINT,1,JordanManual,CCCAGG,0.02446,0.02446,0.02446,,1513123200,2017-12-26 23:28:30.889609,0.0,0.0
2201,0.02446,CLINT,1,JordanManual,CCCAGG,0.02446,0.02446,0.02446,,1513126800,2017-12-26 23:28:30.889609,0.0,0.0
2202,0.02446,CLINT,1,JordanManual,CCCAGG,0.02446,0.02446,0.02446,,1513130400,2017-12-26 23:28:30.889609,0.0,0.0
2203,0.02446,CLINT,1,JordanManual,CCCAGG,0.02446,0.02446,0.02446,,1513134000,2017-12-26 23:28:30.889609,0.0,0.0
2204,0.01346,,1,JordanManual,CCCAGG,0.01346,0.01325,0.01325,CLINT,1513134000,2017-12-28 08:19:08.878898,0.0,0.0
2205,0.02446,CLINT,1,JordanManual,CCCAGG,0.02446,0.02446,0.02446,,1513137600,2017-12-26 23:28:30.889609,0.0,0.0
2206,0.02446,CLINT,1,JordanManual,CCCAGG,0.02446,0.02446,0.02446,,1513141200,2017-12-26 23:28:30.889609,0.0,0.0
2207,0.01338,,1,JordanManual,CCCAGG,0.01341,0.01336,0.01341,CLINT,1513144800,2017-12-28 08:19:08.878898,0.0,0.0
2208,0.02446,CLINT,1,JordanManual,CCCAGG,0.02446,0.02446,0.02446,,1513144800,2017-12-26 23:28:30.889609,0.0,0.0
2209,0.02446,CLINT,1,JordanManual,CCCAGG,0.02446,0.02446,0.02446,,1513148400,2017-12-26 23:28:30.889609,0.0,0.0
2210,0.02446,CLINT,1,JordanManual,CCCAGG,0.02446,0.02446,0.02446,,1513152000,2017-12-26 23:28:30.889609,0.0,0.0
2211,0.02446,CLINT,1,JordanManual,CCCAGG,0.02446,0.02446,0.02446,,1513155600,2017-12-26 23:28:30.889609,0.0,0.0
2212,0.01338,,1,JordanManual,CCCAGG,0.0134,0.01338,0.0134,CLINT,1513155600,2017-12-28 08:19:08.878898,0.0,0.0
2213,0.02446,CLINT,1,JordanManual,CCCAGG,0.02446,0.02446,0.02446,,1513159200,2017-12-26 23:28:30.889609,0.0,0.0
2214,0.02446,CLINT,1,JordanManual,CCCAGG,0.02446,0.02446,0.02446,,1513162800,2017-12-26 23:28:30.889609,0.0,0.0
2215,0.01339,,1,JordanManual,CCCAGG,0.01364,0.01339,0.01364,CLINT,1513166400,2017-12-28 08:19:08.878898,2716.12,36.59
2216,0.02446,CLINT,1,JordanManual,CCCAGG,0.02446,0.02446,0.02446,,1513166400,2017-12-26 23:28:30.889609,0.0,0.0
2217,0.02446,CLINT,1,JordanManual,CCCAGG,0.02446,0.02446,0.02446,,1513170000,2017-12-26 23:28:30.889609,0.0,0.0
2218,0.02446,CLINT,1,JordanManual,CCCAGG,0.02446,0.02446,0.02446,,1513173600,2017-12-26 23:28:30.889609,0.0,0.0
2219,0.02446,CLINT,1,JordanManual,CCCAGG,0.02446,0.02446,0.02446,,1513177200,2017-12-26 23:28:30.889609,0.0,0.0
2220,0.01294,,1,JordanManual,CCCAGG,0.01332,0.01294,0.01332,CLINT,1513177200,2017-12-28 08:19:08.878898,0.0,0.0
2221,0.02446,CLINT,1,JordanManual,CCCAGG,0.02446,0.02446,0.02446,,1513180800,2017-12-26 23:28:30.889609,0.0,0.0
2222,0.02446,CLINT,1,JordanManual,CCCAGG,0.02446,0.02446,0.02446,,1513184400,2017-12-26 23:28:30.889609,0.0,0.0
2223,0.02446,CLINT,1,JordanManual,CCCAGG,0.02446,0.02446,0.02446,,1513188000,2017-12-26 23:28:30.889609,0.0,0.0
2224,0.01276,,1,JordanManual,CCCAGG,0.01293,0.01276,0.01278,CLINT,1513188000,2017-12-28 08:19:08.878898,0.0,0.0
2225,0.02446,CLINT,1,JordanManual,CCCAGG,0.02446,0.02446,0.02446,,1513191600,2017-12-26 23:28:30.889609,0.0,0.0
2226,0.02446,CLINT,1,JordanManual,CCCAGG,0.02446,0.02446,0.02446,,1513195200,2017-12-26 23:28:30.889609,0.0,0.0
2227,0.02446,CLINT,1,JordanManual,CCCAGG,0.02446,0.02446,0.02446,,1513198800,2017-12-26 23:28:30.889609,0.0,0.0
2228,0.01287,,1,JordanManual,CCCAGG,0.01315,0.01287,0.01315,CLINT,1513198800,2017-12-28 08:19:08.878898,0.0,0.0
2229,0.02446,CLINT,1,JordanManual,CCCAGG,0.02446,0.02446,0.02446,,1513202400,2017-12-26 23:28:30.889609,0.0,0.0
2230,0.02446,CLINT,1,JordanManual,CCCAGG,0.02446,0.02446,0.02446,,1513206000,2017-12-26 23:28:30.889609,0.0,0.0
2231,0.02446,CLINT,1,JordanManual,CCCAGG,0.02446,0.02446,0.02446,,1513209600,2017-12-26 23:28:30.889609,0.0,0.0
2232,0.01272,,1,JordanManual,CCCAGG,0.01303,0.01272,0.01303,CLINT,1513209600,2017-12-28 08:19:08.878898,0.0,0.0
2233,0.02446,CLINT,1,JordanManual,CCCAGG,0.02446,0.02446,0.02446,,1513213200,2017-12-26 23:28:30.889609,0.0,0.0
2234,0.02446,CLINT,1,JordanManual,CCCAGG,0.02446,0.02446,0.02446,,1513216800,2017-12-26 23:28:30.889609,0.0,0.0
2235,0.02446,CLINT,1,JordanManual,CCCAGG,0.02446,0.02446,0.02446,,1513220400,2017-12-26 23:28:30.889609,0.0,0.0
2236,0.01286,,1,JordanManual,CCCAGG,0.01296,0.01276,0.01276,CLINT,1513220400,2017-12-28 08:19:08.878898,0.0,0.0
2237,0.02446,CLINT,1,JordanManual,CCCAGG,0.02446,0.02446,0.02446,,1513224000,2017-12-26 23:28:30.889609,0.0,0.0
2238,0.02446,CLINT,1,JordanManual,CCCAGG,0.02446,0.02446,0.02446,,1513227600,2017-12-26 23:28:30.889609,0.0,0.0
2239,0.01316,,1,JordanManual,CCCAGG,0.01316,0.01284,0.01284,CLINT,1513231200,2017-12-28 08:19:08.878898,0.0,0.0
2240,0.02446,CLINT,1,JordanManual,CCCAGG,0.02446,0.02446,0.02446,,1513231200,2017-12-26 23:28:30.889609,0.0,0.0
2241,0.02446,CLINT,1,JordanManual,CCCAGG,0.02446,0.02446,0.02446,,1513234800,2017-12-26 23:28:30.889609,0.0,0.0
2242,0.02446,CLINT,1,JordanManual,CCCAGG,0.02446,0.02446,0.02446,,1513238400,2017-12-26 23:28:30.889609,0.0,0.0
2243,0.0131,,1,JordanManual,CCCAGG,0.0131,0.01297,0.01297,CLINT,1513242000,2017-12-28 08:19:08.878898,0.0,0.0
2244,0.02446,CLINT,1,JordanManual,CCCAGG,0.02446,0.02446,0.02446,,1513242000,2017-12-26 23:28:30.889609,0.0,0.0
2245,0.02446,CLINT,1,JordanManual,CCCAGG,0.02446,0.02446,0.02446,,1513245600,2017-12-26 23:28:30.889609,0.0,0.0
2246,0.02446,CLINT,1,JordanManual,CCCAGG,0.02446,0.02446,0.02446,,1513249200,2017-12-26 23:28:30.889609,0.0,0.0
2247,0.01303,,1,JordanManual,CCCAGG,0.01319,0.01303,0.01319,CLINT,1513252800,2017-12-28 08:19:08.878898,0.0,0.0
2248,0.02446,CLINT,1,JordanManual,CCCAGG,0.02446,0.02446,0.02446,,1513252800,2017-12-26 23:28:30.889609,0.0,0.0
2249,0.02446,CLINT,1,JordanManual,CCCAGG,0.02446,0.02446,0.02446,,1513256400,2017-12-26 23:28:30.889609,0.0,0.0
2250,0.02446,CLINT,1,JordanManual,CCCAGG,0.02446,0.02446,0.02446,,1513260000,2017-12-26 23:28:30.889609,0.0,0.0
2251,0.01238,,1,JordanManual,CCCAGG,0.01393,0.01229,0.01297,CLINT,1513263600,2017-12-28 08:19:08.878898,12456.01,153.08
2252,0.02446,CLINT,1,JordanManual,CCCAGG,0.02446,0.02446,0.02446,,1513263600,2017-12-26 23:28:30.889609,0.0,0.0
2253,0.02446,CLINT,1,JordanManual,CCCAGG,0.02446,0.02446,0.02446,,1513267200,2017-12-26 23:28:30.889609,0.0,0.0
2254,0.02446,CLINT,1,JordanManual,CCCAGG,0.02446,0.02446,0.02446,,1513270800,2017-12-26 23:28:30.889609,0.0,0.0
2255,0.02446,CLINT,1,JordanManual,CCCAGG,0.02446,0.02446,0.02446,,1513274400,2017-12-26 23:28:30.889609,0.0,0.0
2256,0.01227,,1,JordanManual,CCCAGG,0.01237,0.01227,0.01236,CLINT,1513274400,2017-12-28 08:19:08.878898,0.0,0.0
2257,0.02446,CLINT,1,JordanManual,CCCAGG,0.02446,0.02446,0.02446,,1513278000,2017-12-26 23:28:30.889609,0.0,0.0
2258,0.02446,CLINT,1,JordanManual,CCCAGG,0.02446,0.02446,0.02446,,1513281600,2017-12-26 23:28:30.889609,0.0,0.0
2259,0.01235,,1,JordanManual,CCCAGG,0.01235,0.01232,0.01233,CLINT,1513285200,2017-12-28 08:19:08.878898,0.0,0.0
2260,0.02446,CLINT,1,JordanManual,CCCAGG,0.02446,0.02446,0.02446,,1513285200,2017-12-26 23:28:30.889609,0.0,0.0
2261,0.02446,CLINT,1,JordanManual,CCCAGG,0.02446,0.02446,0.02446,,1513288800,2017-12-26 23:28:30.889609,0.0,0.0
2262,0.02446,CLINT,1,JordanManual,CCCAGG,0.02446,0.02446,0.02446,,1513292400,2017-12-26 23:28:30.889609,0.0,0.0
2263,0.02446,CLINT,1,JordanManual,CCCAGG,0.02446,0.02446,0.02446,,1513296000,2017-12-26 23:28:30.889609,0.0,0.0
2264,0.01303,,1,JordanManual,CCCAGG,0.01303,0.01272,0.01272,CLINT,1513296000,2017-12-28 08:19:08.878898,0.0,0.0
2265,0.02446,CLINT,1,JordanManual,CCCAGG,0.02446,0.02446,0.02446,,1513299600,2017-12-26 23:28:30.889609,0.0,0.0
2266,0.02446,CLINT,1,JordanManual,CCCAGG,0.02446,0.02446,0.02446,,1513303200,2017-12-26 23:28:30.889609,0.0,0.0
2267,0.02446,CLINT,1,JordanManual,CCCAGG,0.02446,0.02446,0.02446,,1513306800,2017-12-26 23:28:30.889609,0.0,0.0
2268,0.01296,,1,JordanManual,CCCAGG,0.01298,0.01291,0.01291,CLINT,1513306800,2017-12-28 08:19:08.878898,0.0,0.0
2269,0.02446,CLINT,1,JordanManual,CCCAGG,0.02446,0.02446,0.02446,,1513310400,2017-12-26 23:28:30.889609,0.0,0.0
2270,0.02446,CLINT,1,JordanManual,CCCAGG,0.02446,0.02446,0.02446,,1513314000,2017-12-26 23:28:30.889609,0.0,0.0
2271,0.01298,,1,JordanManual,CCCAGG,0.01298,0.01284,0.01289,CLINT,1513317600,2017-12-28 08:19:08.878898,0.0,0.0
2272,0.02446,CLINT,1,JordanManual,CCCAGG,0.02446,0.02446,0.02446,,1513317600,2017-12-26 23:28:30.889609,0.0,0.0
2273,0.02446,CLINT,1,JordanManual,CCCAGG,0.02446,0.02446,0.02446,,1513321200,2017-12-26 23:28:30.889609,0.0,0.0
2274,0.02446,CLINT,1,JordanManual,CCCAGG,0.02446,0.02446,0.02446,,1513324800,2017-12-26 23:28:30.889609,0.0,0.0
2275,0.01345,,1,JordanManual,CCCAGG,0.01345,0.01322,0.01322,CLINT,1513328400,2017-12-28 08:19:08.878898,0.0,0.0
2276,0.02446,CLINT,1,JordanManual,CCCAGG,0.02446,0.02446,0.02446,,1513328400,2017-12-26 23:28:30.889609,0.0,0.0
2277,0.02446,CLINT,1,JordanManual,CCCAGG,0.02446,0.02446,0.02446,,1513332000,2017-12-26 23:28:30.889609,0.0,0.0
2278,0.02446,CLINT,1,JordanManual,CCCAGG,0.02446,0.02446,0.02446,,1513335600,2017-12-26 23:28:30.889609,0.0,0.0
2279,0.01326,,1,JordanManual,CCCAGG,0.01341,0.01326,0.01341,CLINT,1513339200,2017-12-28 08:19:08.878898,0.0,0.0
2280,0.02446,CLINT,1,JordanManual,CCCAGG,0.02446,0.02446,0.02446,,1513339200,2017-12-26 23:28:30.889609,0.0,0.0
2281,0.02446,CLINT,1,JordanManual,CCCAGG,0.02446,0.02446,0.02446,,1513342800,2017-12-26 23:28:30.889609,0.0,0.0
2282,0.02446,CLINT,1,JordanManual,CCCAGG,0.02446,0.02446,0.02446,,1513346400,2017-12-26 23:28:30.889609,0.0,0.0
2283,0.02446,CLINT,1,JordanManual,CCCAGG,0.02446,0.02446,0.02446,,1513350000,2017-12-26 23:28:30.889609,0.0,0.0
2284,0.0132,,1,JordanManual,CCCAGG,0.01323,0.0132,0.0132,CLINT,1513350000,2017-12-28 08:19:08.878898,0.0,0.0
2285,0.02446,CLINT,1,JordanManual,CCCAGG,0.02446,0.02446,0.02446,,1513353600,2017-12-26 23:28:30.889609,0.0,0.0
2286,0.02446,CLINT,1,JordanManual,CCCAGG,0.02446,0.02446,0.02446,,1513357200,2017-12-26 23:28:30.889609,0.0,0.0
2287,0.02446,CLINT,1,JordanManual,CCCAGG,0.02446,0.02446,0.02446,,1513360800,2017-12-26 23:28:30.889609,0.0,0.0
2288,0.0133,,1,JordanManual,CCCAGG,0.01334,0.01328,0.01334,CLINT,1513360800,2017-12-28 08:19:08.878898,0.0,0.0
2289,0.02446,CLINT,1,JordanManual,CCCAGG,0.02446,0.02446,0.02446,,1513364400,2017-12-26 23:28:30.889609,0.0,0.0
2290,0.02446,CLINT,1,JordanManual,CCCAGG,0.02446,0.02446,0.02446,,1513368000,2017-12-26 23:28:30.889609,0.0,0.0
2291,0.0132,,1,JordanManual,CCCAGG,0.0132,0.01319,0.0132,CLINT,1513371600,2017-12-28 08:19:08.878898,0.0,0.0
2292,0.02446,CLINT,1,JordanManual,CCCAGG,0.02446,0.02446,0.02446,,1513371600,2017-12-26 23:28:30.889609,0.0,0.0
2293,0.02446,CLINT,1,JordanManual,CCCAGG,0.02446,0.02446,0.02446,,1513375200,2017-12-26 23:28:30.889609,0.0,0.0
2294,0.02446,CLINT,1,JordanManual,CCCAGG,0.02446,0.02446,0.02446,,1513378800,2017-12-26 23:28:30.889609,0.0,0.0
2295,0.02446,CLINT,1,JordanManual,CCCAGG,0.02446,0.02446,0.02446,,1513382400,2017-12-26 23:28:30.889609,0.0,0.0
2296,0.01309,,1,JordanManual,CCCAGG,0.01322,0.01309,0.01322,CLINT,1513382400,2017-12-28 08:19:08.878898,0.0,0.0
2297,0.02446,CLINT,1,JordanManual,CCCAGG,0.02446,0.02446,0.02446,,1513386000,2017-12-26 23:28:30.889609,0.0,0.0
2298,0.02446,CLINT,1,JordanManual,CCCAGG,0.02446,0.02446,0.02446,,1513389600,2017-12-26 23:28:30.889609,0.0,0.0
2299,0.01319,,1,JordanManual,CCCAGG,0.01319,0.01304,0.01304,CLINT,1513393200,2017-12-28 08:19:08.878898,0.0,0.0
2300,0.02446,CLINT,1,JordanManual,CCCAGG,0.02446,0.02446,0.02446,,1513393200,2017-12-26 23:28:30.889609,0.0,0.0
2301,0.02446,CLINT,1,JordanManual,CCCAGG,0.02446,0.02446,0.02446,,1513396800,2017-12-26 23:28:30.889609,0.0,0.0
2302,0.02446,CLINT,1,JordanManual,CCCAGG,0.02446,0.02446,0.02446,,1513400400,2017-12-26 23:28:30.889609,0.0,0.0
2303,0.01343,,1,JordanManual,CCCAGG,0.01343,0.01333,0.01333,CLINT,1513404000,2017-12-28 08:19:08.878898,0.0,0.0
2304,0.02446,CLINT,1,JordanManual,CCCAGG,0.02446,0.02446,0.02446,,1513404000,2017-12-26 23:28:30.889609,0.0,0.0
2305,0.02446,CLINT,1,JordanManual,CCCAGG,0.02446,0.02446,0.02446,,1513407600,2017-12-26 23:28:30.889609,0.0,0.0
2306,0.02446,CLINT,1,JordanManual,CCCAGG,0.02446,0.02446,0.02446,,1513411200,2017-12-26 23:28:30.889609,0.0,0.0
2307,0.01355,,1,JordanManual,CCCAGG,0.01355,0.01343,0.01347,CLINT,1513414800,2017-12-28 08:19:08.878898,0.0,0.0
2308,0.02446,CLINT,1,JordanManual,CCCAGG,0.02446,0.02446,0.02446,,1513414800,2017-12-26 23:28:30.889609,0.0,0.0
2309,0.02446,CLINT,1,JordanManual,CCCAGG,0.02446,0.02446,0.02446,,1513418400,2017-12-26 23:28:30.889609,0.0,0.0
2310,0.02446,CLINT,1,JordanManual,CCCAGG,0.02446,0.02446,0.02446,,1513422000,2017-12-26 23:28:30.889609,0.0,0.0
2311,0.01398,,1,JordanManual,CCCAGG,0.01398,0.01358,0.01358,CLINT,1513425600,2017-12-28 08:19:08.878898,0.0,0.0
2312,0.02446,CLINT,1,JordanManual,CCCAGG,0.02446,0.02446,0.02446,,1513425600,2017-12-26 23:28:30.889609,0.0,0.0
2313,0.02446,CLINT,1,JordanManual,CCCAGG,0.02446,0.02446,0.02446,,1513429200,2017-12-26 23:28:30.889609,0.0,0.0
2314,0.02446,CLINT,1,JordanManual,CCCAGG,0.02446,0.02446,0.02446,,1513432800,2017-12-26 23:28:30.889609,0.0,0.0
2315,0.01409,,1,JordanManual,CCCAGG,0.01414,0.01409,0.01414,CLINT,1513436400,2017-12-28 08:19:08.878898,740.42,10.47
2316,0.0238,CLINT,1,JordanManual,CCCAGG,0.02446,0.006001,0.02446,,1513436400,2017-12-26 23:28:30.889609,1007.03,6.17
2317,0.0238,CLINT,1,JordanManual,CCCAGG,0.0238,0.0238,0.0238,,1513440000,2017-12-26 23:28:30.889609,0.0,0.0
2318,0.0238,CLINT,1,JordanManual,CCCAGG,0.0238,0.0238,0.0238,,1513443600,2017-12-26 23:28:30.889609,0.0,0.0
2319,0.01442,,1,JordanManual,CCCAGG,0.01445,0.01408,0.01408,CLINT,1513447200,2017-12-28 08:19:08.878898,0.0,0.0
2320,0.0238,CLINT,1,JordanManual,CCCAGG,0.0238,0.0238,0.0238,,1513447200,2017-12-26 23:28:30.889609,0.0,0.0
2321,0.0238,CLINT,1,JordanManual,CCCAGG,0.0238,0.0238,0.0238,,1513450800,2017-12-26 23:28:30.889609,0.0,0.0
2322,0.0238,CLINT,1,JordanManual,CCCAGG,0.0238,0.0238,0.0238,,1513454400,2017-12-26 23:28:30.889609,0.0,0.0
2323,0.0238,CLINT,1,JordanManual,CCCAGG,0.0238,0.0238,0.0238,,1513458000,2017-12-26 23:28:30.889609,0.0,0.0
2324,0.01451,,1,JordanManual,CCCAGG,0.01457,0.01447,0.01447,CLINT,1513458000,2017-12-28 08:19:08.878898,1146.96,16.6
2325,0.0238,CLINT,1,JordanManual,CCCAGG,0.0238,0.0238,0.0238,,1513461600,2017-12-26 23:28:30.889609,0.0,0.0
2326,0.0238,CLINT,1,JordanManual,CCCAGG,0.0238,0.0238,0.0238,,1513465200,2017-12-26 23:28:30.889609,0.0,0.0
2327,0.0238,CLINT,1,JordanManual,CCCAGG,0.0238,0.0238,0.0238,,1513468800,2017-12-26 23:28:30.889609,0.0,0.0
2328,0.01422,,1,JordanManual,CCCAGG,0.01441,0.01422,0.0144,CLINT,1513468800,2017-12-28 08:19:08.878898,163.69,2.33
2329,0.0238,CLINT,1,JordanManual,CCCAGG,0.0238,0.0238,0.0238,,1513472400,2017-12-26 23:28:30.889609,0.0,0.0
2330,0.0238,CLINT,1,JordanManual,CCCAGG,0.0238,0.0238,0.0238,,1513476000,2017-12-26 23:28:30.889609,0.0,0.0
2331,0.0238,CLINT,1,JordanManual,CCCAGG,0.0238,0.0238,0.0238,,1513479600,2017-12-26 23:28:30.889609,0.0,0.0
2332,0.01431,,1,JordanManual,CCCAGG,0.01431,0.01414,0.01418,CLINT,1513479600,2017-12-28 08:19:08.878898,0.0,0.0
2333,0.0238,CLINT,1,JordanManual,CCCAGG,0.0238,0.0238,0.0238,,1513483200,2017-12-26 23:28:30.889609,0.0,0.0
2334,0.0238,CLINT,1,JordanManual,CCCAGG,0.0238,0.0238,0.0238,,1513486800,2017-12-26 23:28:30.889609,0.0,0.0
2335,0.0238,CLINT,1,JordanManual,CCCAGG,0.0238,0.0238,0.0238,,1513490400,2017-12-26 23:28:30.889609,0.0,0.0
2336,0.01438,,1,JordanManual,CCCAGG,0.01451,0.01436,0.01436,CLINT,1513490400,2017-12-28 08:19:08.878898,0.0,0.0
2337,0.0238,CLINT,1,JordanManual,CCCAGG,0.0238,0.0238,0.0238,,1513494000,2017-12-26 23:28:30.889609,0.0,0.0
2338,0.0238,CLINT,1,JordanManual,CCCAGG,0.0238,0.0238,0.0238,,1513497600,2017-12-26 23:28:30.889609,0.0,0.0
2339,0.01464,,1,JordanManual,CCCAGG,0.01464,0.01453,0.01453,CLINT,1513501200,2017-12-28 08:19:08.878898,0.0,0.0
2340,0.0238,CLINT,1,JordanManual,CCCAGG,0.0238,0.0238,0.0238,,1513501200,2017-12-26 23:28:30.889609,0.0,0.0
2341,0.0238,CLINT,1,JordanManual,CCCAGG,0.0238,0.0238,0.0238,,1513504800,2017-12-26 23:28:30.889609,0.0,0.0
2342,0.0238,CLINT,1,JordanManual,CCCAGG,0.0238,0.0238,0.0238,,1513508400,2017-12-26 23:28:30.889609,0.0,0.0
2343,0.0238,CLINT,1,JordanManual,CCCAGG,0.0238,0.0238,0.0238,,1513512000,2017-12-26 23:28:30.889609,0.0,0.0
2344,0.01442,,1,JordanManual,CCCAGG,0.0146,0.01442,0.01451,CLINT,1513512000,2017-12-28 08:19:08.878898,0.0,0.0
2345,0.0238,CLINT,1,JordanManual,CCCAGG,0.0238,0.0238,0.0238,,1513515600,2017-12-26 23:28:30.889609,0.0,0.0
2346,0.0238,CLINT,1,JordanManual,CCCAGG,0.0238,0.0238,0.0238,,1513519200,2017-12-26 23:28:30.889609,0.0,0.0
2347,0.0238,CLINT,1,JordanManual,CCCAGG,0.0238,0.0238,0.0238,,1513522800,2017-12-26 23:28:30.889609,0.0,0.0
2348,0.0142,,1,JordanManual,CCCAGG,0.01438,0.01416,0.01438,CLINT,1513522800,2017-12-28 08:19:08.878898,0.0,0.0
2349,0.0238,CLINT,1,JordanManual,CCCAGG,0.0238,0.0238,0.0238,,1513526400,2017-12-26 23:28:30.889609,0.0,0.0
2350,0.0238,CLINT,1,JordanManual,CCCAGG,0.0238,0.0238,0.0238,,1513530000,2017-12-26 23:28:30.889609,0.0,0.0
2351,0.0238,CLINT,1,JordanManual,CCCAGG,0.0238,0.0238,0.0238,,1513533600,2017-12-26 23:28:30.889609,0.0,0.0
2352,0.01412,,1,JordanManual,CCCAGG,0.01412,0.01398,0.01398,CLINT,1513533600,2017-12-28 08:19:08.878898,0.0,0.0
2353,0.0238,CLINT,1,JordanManual,CCCAGG,0.0238,0.0238,0.0238,,1513537200,2017-12-26 23:28:30.889609,0.0,0.0
2354,0.0238,CLINT,1,JordanManual,CCCAGG,0.0238,0.0238,0.0238,,1513540800,2017-12-26 23:28:30.889609,0.0,0.0
2355,0.0238,CLINT,1,JordanManual,CCCAGG,0.0238,0.0238,0.0238,,1513544400,2017-12-26 23:28:30.889609,0.0,0.0
2356,0.01411,,1,JordanManual,CCCAGG,0.01437,0.01408,0.01408,CLINT,1513544400,2017-12-28 08:19:08.878898,0.0,0.0
2357,0.0238,CLINT,1,JordanManual,CCCAGG,0.0238,0.0238,0.0238,,1513548000,2017-12-26 23:28:30.889609,0.0,0.0
2358,0.0238,CLINT,1,JordanManual,CCCAGG,0.0238,0.0238,0.0238,,1513551600,2017-12-26 23:28:30.889609,0.0,0.0
2359,0.01355,,1,JordanManual,CCCAGG,0.01367,0.0135,0.0135,CLINT,1513555200,2017-12-28 08:19:08.878898,0.0,0.0
2360,0.0238,CLINT,1,JordanManual,CCCAGG,0.0238,0.0238,0.0238,,1513555200,2017-12-26 23:28:30.889609,0.0,0.0
2361,0.0238,CLINT,1,JordanManual,CCCAGG,0.0238,0.0238,0.0238,,1513558800,2017-12-26 23:28:30.889609,0.0,0.0
2362,0.0238,CLINT,1,JordanManual,CCCAGG,0.0238,0.0238,0.0238,,1513562400,2017-12-26 23:28:30.889609,0.0,0.0
2363,0.0238,CLINT,1,JordanManual,CCCAGG,0.0238,0.0238,0.0238,,1513566000,2017-12-26 23:28:30.889609,0.0,0.0
2364,0.01402,,1,JordanManual,CCCAGG,0.01402,0.01377,0.01377,CLINT,1513566000,2017-12-28 08:19:08.878898,0.0,0.0
2365,0.0238,CLINT,1,JordanManual,CCCAGG,0.0238,0.0238,0.0238,,1513569600,2017-12-26 23:28:30.889609,0.0,0.0
2366,0.0238,CLINT,1,JordanManual,CCCAGG,0.0238,0.0238,0.0238,,1513573200,2017-12-26 23:28:30.889609,0.0,0.0
2367,0.0238,CLINT,1,JordanManual,CCCAGG,0.0238,0.0238,0.0238,,1513576800,2017-12-26 23:28:30.889609,0.0,0.0
2368,0.01404,,1,JordanManual,CCCAGG,0.01404,0.01382,0.01403,CLINT,1513576800,2017-12-28 08:19:08.878898,0.0,0.0
2369,0.0238,CLINT,1,JordanManual,CCCAGG,0.0238,0.0238,0.0238,,1513580400,2017-12-26 23:28:30.889609,0.0,0.0
2370,0.0238,CLINT,1,JordanManual,CCCAGG,0.0238,0.0238,0.0238,,1513584000,2017-12-26 23:28:30.889609,0.0,0.0
2371,0.01417,,1,JordanManual,CCCAGG,0.01417,0.01389,0.01389,CLINT,1513587600,2017-12-28 08:19:08.878898,0.0,0.0
2372,0.0238,CLINT,1,JordanManual,CCCAGG,0.0238,0.0238,0.0238,,1513587600,2017-12-26 23:28:30.889609,0.0,0.0
2373,0.0238,CLINT,1,JordanManual,CCCAGG,0.0238,0.0238,0.0238,,1513591200,2017-12-26 23:28:30.889609,0.0,0.0
2374,0.0238,CLINT,1,JordanManual,CCCAGG,0.0238,0.0238,0.0238,,1513594800,2017-12-26 23:28:30.889609,0.0,0.0
2375,0.01378,,1,JordanManual,CCCAGG,0.01402,0.01378,0.01402,CLINT,1513598400,2017-12-28 08:19:08.878898,0.0,0.0
2376,0.0238,CLINT,1,JordanManual,CCCAGG,0.0238,0.0238,0.0238,,1513598400,2017-12-26 23:28:30.889609,0.0,0.0
2377,0.0238,CLINT,1,JordanManual,CCCAGG,0.0238,0.0238,0.0238,,1513602000,2017-12-26 23:28:30.889609,0.0,0.0
2378,0.0238,CLINT,1,JordanManual,CCCAGG,0.0238,0.0238,0.0238,,1513605600,2017-12-26 23:28:30.889609,0.0,0.0
2379,0.0128,,1,JordanManual,CCCAGG,0.01389,0.0128,0.01389,CLINT,1513609200,2017-12-28 08:19:08.878898,442.93,5.67
2380,0.0238,CLINT,1,JordanManual,CCCAGG,0.0238,0.0238,0.0238,,1513609200,2017-12-26 23:28:30.889609,0.0,0.0
2381,0.02365,CLINT,1,JordanManual,CCCAGG,0.0238,0.02365,0.0238,,1513612800,2017-12-26 23:28:30.889609,378.21,8.94
2382,0.02365,CLINT,1,JordanManual,CCCAGG,0.02365,0.02365,0.02365,,1513616400,2017-12-26 23:28:30.889609,0.0,0.0
2383,0.01289,,1,JordanManual,CCCAGG,0.01294,0.01273,0.01273,CLINT,1513620000,2017-12-28 08:19:08.878898,0.0,0.0
2384,0.02365,CLINT,1,JordanManual,CCCAGG,0.02365,0.02365,0.02365,,1513620000,2017-12-26 23:28:30.889609,0.0,0.0
2385,0.02365,CLINT,1,JordanManual,CCCAGG,0.02365,0.02365,0.02365,,1513623600,2017-12-26 23:28:30.889609,0.0,0.0
2386,0.02365,CLINT,1,JordanManual,CCCAGG,0.02365,0.02365,0.02365,,1513627200,2017-12-26 23:28:30.889609,0.0,0.0
2387,0.01309,,1,JordanManual,CCCAGG,0.01309,0.01291,0.01291,CLINT,1513630800,2017-12-28 08:19:08.878898,0.0,0.0
2388,0.02365,CLINT,1,JordanManual,CCCAGG,0.02365,0.02365,0.02365,,1513630800,2017-12-26 23:28:30.889609,0.0,0.0
2389,0.02365,CLINT,1,JordanManual,CCCAGG,0.02365,0.02365,0.02365,,1513634400,2017-12-26 23:28:30.889609,0.0,0.0
2390,0.02365,CLINT,1,JordanManual,CCCAGG,0.02365,0.02365,0.02365,,1513638000,2017-12-26 23:28:30.889609,0.0,0.0
2391,0.02365,CLINT,1,JordanManual,CCCAGG,0.02365,0.02365,0.02365,,1513641600,2017-12-26 23:28:30.889609,0.0,0.0
2392,0.01297,,1,JordanManual,CCCAGG,0.01297,0.01295,0.01297,CLINT,1513641600,2017-12-28 08:19:08.878898,0.0,0.0
2393,0.02365,CLINT,1,JordanManual,CCCAGG,0.02365,0.02365,0.02365,,1513645200,2017-12-26 23:28:30.889609,0.0,0.0
2394,0.02365,CLINT,1,JordanManual,CCCAGG,0.02365,0.02365,0.02365,,1513648800,2017-12-26 23:28:30.889609,0.0,0.0
2395,0.02365,CLINT,1,JordanManual,CCCAGG,0.02365,0.02365,0.02365,,1513652400,2017-12-26 23:28:30.889609,0.0,0.0
2396,0.01298,,1,JordanManual,CCCAGG,0.01308,0.01298,0.01308,CLINT,1513652400,2017-12-28 08:19:08.878898,0.0,0.0
2397,0.02365,CLINT,1,JordanManual,CCCAGG,0.02365,0.02365,0.02365,,1513656000,2017-12-26 23:28:30.889609,0.0,0.0
2398,0.02365,CLINT,1,JordanManual,CCCAGG,0.02365,0.02365,0.02365,,1513659600,2017-12-26 23:28:30.889609,0.0,0.0
2399,0.01298,,1,JordanManual,CCCAGG,0.01298,0.0129,0.0129,CLINT,1513663200,2017-12-28 08:19:08.878898,0.0,0.0
2400,0.02365,CLINT,1,JordanManual,CCCAGG,0.02365,0.02365,0.02365,,1513663200,2017-12-26 23:28:30.889609,0.0,0.0
2401,0.02365,CLINT,1,JordanManual,CCCAGG,0.02365,0.02365,0.02365,,1513666800,2017-12-26 23:28:30.889609,0.0,0.0
2402,0.02365,CLINT,1,JordanManual,CCCAGG,0.02365,0.02365,0.02365,,1513670400,2017-12-26 23:28:30.889609,0.0,0.0
2403,0.02365,CLINT,1,JordanManual,CCCAGG,0.02365,0.02365,0.02365,,1513674000,2017-12-26 23:28:30.889609,0.0,0.0
2404,0.0122,,1,JordanManual,CCCAGG,0.01279,0.0122,0.01279,CLINT,1513674000,2017-12-28 08:19:08.878898,0.0,0.0
2405,0.02365,CLINT,1,JordanManual,CCCAGG,0.02365,0.02365,0.02365,,1513677600,2017-12-26 23:28:30.889609,0.0,0.0
2406,0.02365,CLINT,1,JordanManual,CCCAGG,0.02365,0.02365,0.02365,,1513681200,2017-12-26 23:28:30.889609,0.0,0.0
2407,0.02365,CLINT,1,JordanManual,CCCAGG,0.02365,0.02365,0.02365,,1513684800,2017-12-26 23:28:30.889609,0.0,0.0
2408,0.01226,,1,JordanManual,CCCAGG,0.0124,0.01226,0.01238,CLINT,1513684800,2017-12-28 08:19:08.878898,0.0,0.0
2409,0.02365,CLINT,1,JordanManual,CCCAGG,0.02365,0.02365,0.02365,,1513688400,2017-12-26 23:28:30.889609,0.0,0.0
2410,0.02365,CLINT,1,JordanManual,CCCAGG,0.02365,0.02365,0.02365,,1513692000,2017-12-26 23:28:30.889609,0.0,0.0
2411,0.02365,CLINT,1,JordanManual,CCCAGG,0.02365,0.02365,0.02365,,1513695600,2017-12-26 23:28:30.889609,0.0,0.0
2412,0.0125,,1,JordanManual,CCCAGG,0.01261,0.01231,0.01231,CLINT,1513695600,2017-12-28 08:19:08.878898,0.0,0.0
2413,0.02365,CLINT,1,JordanManual,CCCAGG,0.02365,0.02365,0.02365,,1513699200,2017-12-26 23:28:30.889609,0.0,0.0
2414,0.02365,CLINT,1,JordanManual,CCCAGG,0.02365,0.02365,0.02365,,1513702800,2017-12-26 23:28:30.889609,0.0,0.0
2415,0.02365,CLINT,1,JordanManual,CCCAGG,0.02365,0.02365,0.02365,,1513706400,2017-12-26 23:28:30.889609,0.0,0.0
2416,0.01214,,1,JordanManual,CCCAGG,0.0125,0.01214,0.0125,CLINT,1513706400,2017-12-28 08:19:08.878898,0.0,0.0
2417,0.02365,CLINT,1,JordanManual,CCCAGG,0.02365,0.02365,0.02365,,1513710000,2017-12-26 23:28:30.889609,0.0,0.0
2418,0.02365,CLINT,1,JordanManual,CCCAGG,0.02365,0.02365,0.02365,,1513713600,2017-12-26 23:28:30.889609,0.0,0.0
2419,0.01209,,1,JordanManual,CCCAGG,0.01209,0.01171,0.01171,CLINT,1513717200,2017-12-28 08:19:08.878898,0.0,0.0
2420,0.02365,CLINT,1,JordanManual,CCCAGG,0.02365,0.02365,0.02365,,1513717200,2017-12-26 23:28:30.889609,0.0,0.0
2421,0.02365,CLINT,1,JordanManual,CCCAGG,0.02365,0.02365,0.02365,,1513720800,2017-12-26 23:28:30.889609,0.0,0.0
2422,0.02365,CLINT,1,JordanManual,CCCAGG,0.02365,0.02365,0.02365,,1513724400,2017-12-26 23:28:30.889609,0.0,0.0
2423,0.01188,,1,JordanManual,CCCAGG,0.01188,0.01125,0.01167,CLINT,1513728000,2017-12-28 08:19:08.878898,0.0,0.0
2424,0.02365,CLINT,1,JordanManual,CCCAGG,0.02365,0.02365,0.02365,,1513728000,2017-12-26 23:28:30.889609,0.0,0.0
2425,0.02365,CLINT,1,JordanManual,CCCAGG,0.02365,0.02365,0.02365,,1513731600,2017-12-26 23:28:30.889609,0.0,0.0
2426,0.02365,CLINT,1,JordanManual,CCCAGG,0.02365,0.02365,0.02365,,1513735200,2017-12-26 23:28:30.889609,0.0,0.0
2427,0.01137,,1,JordanManual,CCCAGG,0.01166,0.01137,0.0116,CLINT,1513738800,2017-12-28 08:19:08.878898,0.0,0.0
2428,0.02365,CLINT,1,JordanManual,CCCAGG,0.02365,0.02365,0.02365,,1513738800,2017-12-26 23:28:30.889609,0.0,0.0
2429,0.02365,CLINT,1,JordanManual,CCCAGG,0.02365,0.02365,0.02365,,1513742400,2017-12-26 23:28:30.889609,0.0,0.0
2430,0.02365,CLINT,1,JordanManual,CCCAGG,0.02365,0.02365,0.02365,,1513746000,2017-12-26 23:28:30.889609,0.0,0.0
2431,0.01175,,1,JordanManual,CCCAGG,0.01175,0.01127,0.01127,CLINT,1513749600,2017-12-28 08:19:08.878898,0.0,0.0
2432,0.02365,CLINT,1,JordanManual,CCCAGG,0.02365,0.02365,0.02365,,1513749600,2017-12-26 23:28:30.889609,0.0,0.0
2433,0.02365,CLINT,1,JordanManual,CCCAGG,0.02365,0.02365,0.02365,,1513753200,2017-12-26 23:28:30.889609,0.0,0.0
2434,0.02365,CLINT,1,JordanManual,CCCAGG,0.02365,0.02365,0.02365,,1513756800,2017-12-26 23:28:30.889609,0.0,0.0
2435,0.02365,CLINT,1,JordanManual,CCCAGG,0.02365,0.02365,0.02365,,1513760400,2017-12-26 23:28:30.889609,0.0,0.0
2436,0.012,,1,JordanManual,CCCAGG,0.012,0.01169,0.01169,CLINT,1513760400,2017-12-28 08:19:08.878898,0.0,0.0
2437,0.02365,CLINT,1,JordanManual,CCCAGG,0.02365,0.02365,0.02365,,1513764000,2017-12-26 23:28:30.889609,0.0,0.0
2438,0.02365,CLINT,1,JordanManual,CCCAGG,0.02365,0.02365,0.02365,,1513767600,2017-12-26 23:28:30.889609,0.0,0.0
2439,0.02365,CLINT,1,JordanManual,CCCAGG,0.02365,0.02365,0.02365,,1513771200,2017-12-26 23:28:30.889609,0.0,0.0
2440,0.01188,,1,JordanManual,CCCAGG,0.01229,0.0118,0.01229,CLINT,1513771200,2017-12-28 08:19:08.878898,0.0,0.0
2441,0.02365,CLINT,1,JordanManual,CCCAGG,0.02365,0.02365,0.02365,,1513774800,2017-12-26 23:28:30.889609,0.0,0.0
2442,0.02365,CLINT,1,JordanManual,CCCAGG,0.02365,0.02365,0.02365,,1513778400,2017-12-26 23:28:30.889609,0.0,0.0
2443,0.01167,,1,JordanManual,CCCAGG,0.01167,0.01131,0.0114,CLINT,1513782000,2017-12-28 08:19:08.878898,0.0,0.0
2444,0.02365,CLINT,1,JordanManual,CCCAGG,0.02365,0.02365,0.02365,,1513782000,2017-12-26 23:28:30.889609,0.0,0.0
2445,0.02365,CLINT,1,JordanManual,CCCAGG,0.02365,0.02365,0.02365,,1513785600,2017-12-26 23:28:30.889609,0.0,0.0
2446,0.02365,CLINT,1,JordanManual,CCCAGG,0.02365,0.02365,0.02365,,1513789200,2017-12-26 23:28:30.889609,0.0,0.0
2447,0.02365,CLINT,1,JordanManual,CCCAGG,0.02365,0.02365,0.02365,,1513792800,2017-12-26 23:28:30.889609,0.0,0.0
2448,0.01152,,1,JordanManual,CCCAGG,0.01162,0.01152,0.01162,CLINT,1513792800,2017-12-28 08:19:08.878898,0.0,0.0
2449,0.02365,CLINT,1,JordanManual,CCCAGG,0.02365,0.02365,0.02365,,1513796400,2017-12-26 23:28:30.889609,0.0,0.0
2450,0.02365,CLINT,1,JordanManual,CCCAGG,0.02365,0.02365,0.02365,,1513800000,2017-12-26 23:28:30.889609,0.0,0.0
2451,0.02365,CLINT,1,JordanManual,CCCAGG,0.02365,0.02365,0.02365,,1513803600,2017-12-26 23:28:30.889609,0.0,0.0
2452,0.01136,,1,JordanManual,CCCAGG,0.01136,0.01122,0.01122,CLINT,1513803600,2017-12-28 08:19:08.878898,0.0,0.0
2453,0.02365,CLINT,1,JordanManual,CCCAGG,0.02365,0.02365,0.02365,,1513807200,2017-12-26 23:28:30.889609,0.0,0.0
2454,0.02365,CLINT,1,JordanManual,CCCAGG,0.02365,0.02365,0.02365,,1513810800,2017-12-26 23:28:30.889609,0.0,0.0
2455,0.0113,,1,JordanManual,CCCAGG,0.01151,0.0113,0.01151,CLINT,1513814400,2017-12-28 08:19:08.878898,0.0,0.0
2456,0.02365,CLINT,1,JordanManual,CCCAGG,0.02365,0.02365,0.02365,,1513814400,2017-12-26 23:28:30.889609,0.0,0.0
2457,0.02365,CLINT,1,JordanManual,CCCAGG,0.02365,0.02365,0.02365,,1513818000,2017-12-26 23:28:30.889609,0.0,0.0
2458,0.02365,CLINT,1,JordanManual,CCCAGG,0.02365,0.02365,0.02365,,1513821600,2017-12-26 23:28:30.889609,0.0,0.0
2459,0.02365,CLINT,1,JordanManual,CCCAGG,0.02365,0.02365,0.02365,,1513825200,2017-12-26 23:28:30.889609,0.0,0.0
2460,0.01157,,1,JordanManual,CCCAGG,0.01166,0.01157,0.01166,CLINT,1513825200,2017-12-28 08:19:08.878898,0.0,0.0
2461,0.02365,CLINT,1,JordanManual,CCCAGG,0.02365,0.02365,0.02365,,1513828800,2017-12-26 23:28:30.889609,0.0,0.0
2462,0.02365,CLINT,1,JordanManual,CCCAGG,0.02365,0.02365,0.02365,,1513832400,2017-12-26 23:28:30.889609,0.0,0.0
2463,0.02365,CLINT,1,JordanManual,CCCAGG,0.02365,0.02365,0.02365,,1513836000,2017-12-26 23:28:30.889609,0.0,0.0
2464,0.01157,,1,JordanManual,CCCAGG,0.01184,0.01157,0.01184,CLINT,1513836000,2017-12-28 08:19:08.878898,0.0,0.0
2465,0.02365,CLINT,1,JordanManual,CCCAGG,0.02365,0.02365,0.02365,,1513839600,2017-12-26 23:28:30.889609,0.0,0.0
2466,0.02365,CLINT,1,JordanManual,CCCAGG,0.02365,0.02365,0.02365,,1513843200,2017-12-26 23:28:30.889609,0.0,0.0
2467,0.02365,CLINT,1,JordanManual,CCCAGG,0.02365,0.02365,0.02365,,1513846800,2017-12-26 23:28:30.889609,0.0,0.0
2468,0.01148,,1,JordanManual,CCCAGG,0.01158,0.01147,0.01158,CLINT,1513846800,2017-12-28 08:19:08.878898,0.0,0.0
2469,0.02365,CLINT,1,JordanManual,CCCAGG,0.02365,0.02365,0.02365,,1513850400,2017-12-26 23:28:30.889609,0.0,0.0
2470,0.02365,CLINT,1,JordanManual,CCCAGG,0.02365,0.02365,0.02365,,1513854000,2017-12-26 23:28:30.889609,0.0,0.0
2471,0.02365,CLINT,1,JordanManual,CCCAGG,0.02365,0.02365,0.02365,,1513857600,2017-12-26 23:28:30.889609,0.0,0.0
2472,0.01102,,1,JordanManual,CCCAGG,0.0115,0.01102,0.0115,CLINT,1513857600,2017-12-28 08:19:08.878898,0.0,0.0
2473,0.02365,CLINT,1,JordanManual,CCCAGG,0.02365,0.02365,0.02365,,1513861200,2017-12-26 23:28:30.889609,0.0,0.0
2474,0.02365,CLINT,1,JordanManual,CCCAGG,0.02365,0.02365,0.02365,,1513864800,2017-12-26 23:28:30.889609,0.0,0.0
2475,0.02365,CLINT,1,JordanManual,CCCAGG,0.02365,0.02365,0.02365,,1513868400,2017-12-26 23:28:30.889609,0.0,0.0
2476,0.01026,,1,JordanManual,CCCAGG,0.01079,0.01026,0.0106,CLINT,1513868400,2017-12-28 08:19:08.878898,1000.0,10.26
2477,0.02365,CLINT,1,JordanManual,CCCAGG,0.02365,0.02365,0.02365,,1513872000,2017-12-26 23:28:30.889609,0.0,0.0
2478,0.02365,CLINT,1,JordanManual,CCCAGG,0.02365,0.02365,0.02365,,1513875600,2017-12-26 23:28:30.889609,0.0,0.0
2479,0.01034,,1,JordanManual,CCCAGG,0.01044,0.01024,0.01024,CLINT,1513879200,2017-12-28 08:19:08.878898,294.12,3.06
2480,0.02365,CLINT,1,JordanManual,CCCAGG,0.02365,0.02365,0.02365,,1513879200,2017-12-26 23:28:30.889609,0.0,0.0
2481,0.02365,CLINT,1,JordanManual,CCCAGG,0.02365,0.02365,0.02365,,1513882800,2017-12-26 23:28:30.889609,0.0,0.0
2482,0.02365,CLINT,1,JordanManual,CCCAGG,0.02365,0.02365,0.02365,,1513886400,2017-12-26 23:28:30.889609,0.0,0.0
2483,0.01063,,1,JordanManual,CCCAGG,0.01063,0.01056,0.0106,CLINT,1513890000,2017-12-28 08:19:08.878898,0.0,0.0
2484,0.02365,CLINT,1,JordanManual,CCCAGG,0.02365,0.02365,0.02365,,1513890000,2017-12-26 23:28:30.889609,0.0,0.0
2485,0.02365,CLINT,1,JordanManual,CCCAGG,0.02365,0.02365,0.02365,,1513893600,2017-12-26 23:28:30.889609,0.0,0.0
2486,0.02365,CLINT,1,JordanManual,CCCAGG,0.02365,0.02365,0.02365,,1513897200,2017-12-26 23:28:30.889609,0.0,0.0
2487,0.02365,CLINT,1,JordanManual,CCCAGG,0.02365,0.02365,0.02365,,1513900800,2017-12-26 23:28:30.889609,0.0,0.0
2488,0.009568,,1,JordanManual,CCCAGG,0.01026,0.009568,0.01026,CLINT,1513900800,2017-12-28 08:19:08.878898,0.0,0.0
2489,0.02365,CLINT,1,JordanManual,CCCAGG,0.02365,0.02365,0.02365,,1513904400,2017-12-26 23:28:30.889609,0.0,0.0
2490,0.02365,CLINT,1,JordanManual,CCCAGG,0.02365,0.02365,0.02365,,1513908000,2017-12-26 23:28:30.889609,0.0,0.0
2491,0.02365,CLINT,1,JordanManual,CCCAGG,0.02365,0.02365,0.02365,,1513911600,2017-12-26 23:28:30.889609,0.0,0.0
2492,0.009532,,1,JordanManual,CCCAGG,0.009966,0.009532,0.009655,CLINT,1513911600,2017-12-28 08:19:08.878898,0.0,0.0
2493,0.02365,CLINT,1,JordanManual,CCCAGG,0.02365,0.02365,0.02365,,1513915200,2017-12-26 23:28:30.889609,0.0,0.0
2494,0.02365,CLINT,1,JordanManual,CCCAGG,0.02365,0.02365,0.02365,,1513918800,2017-12-26 23:28:30.889609,0.0,0.0
2495,0.02365,CLINT,1,JordanManual,CCCAGG,0.02365,0.02365,0.02365,,1513922400,2017-12-26 23:28:30.889609,0.0,0.0
2496,0.00901,,1,JordanManual,CCCAGG,0.009142,0.008951,0.009142,CLINT,1513922400,2017-12-28 08:19:08.878898,0.0,0.0
2497,0.02365,CLINT,1,JordanManual,CCCAGG,0.02365,0.02365,0.02365,,1513926000,2017-12-26 23:28:30.889609,0.0,0.0
2498,0.02365,CLINT,1,JordanManual,CCCAGG,0.02365,0.02365,0.02365,,1513929600,2017-12-26 23:28:30.889609,0.0,0.0
2499,0.02365,CLINT,1,JordanManual,CCCAGG,0.02365,0.02365,0.02365,,1513933200,2017-12-26 23:28:30.889609,0.0,0.0
2500,0.009343,,1,JordanManual,CCCAGG,0.00952,0.009319,0.009319,CLINT,1513933200,2017-12-28 08:19:08.878898,0.0,0.0
2501,0.02365,CLINT,1,JordanManual,CCCAGG,0.02365,0.02365,0.02365,,1513936800,2017-12-26 23:28:30.889609,0.0,0.0
2502,0.02365,CLINT,1,JordanManual,CCCAGG,0.02365,0.02365,0.02365,,1513940400,2017-12-26 23:28:30.889609,0.0,0.0
2503,0.02365,CLINT,1,JordanManual,CCCAGG,0.02365,0.02365,0.02365,,1513944000,2017-12-26 23:28:30.889609,0.0,0.0
2504,0.008214,,1,JordanManual,CCCAGG,0.009223,0.008187,0.009223,CLINT,1513944000,2017-12-28 08:19:08.878898,0.0,0.0
2505,0.02365,CLINT,1,JordanManual,CCCAGG,0.02365,0.02365,0.02365,,1513947600,2017-12-26 23:28:30.889609,0.0,0.0
2506,0.02365,CLINT,1,JordanManual,CCCAGG,0.02365,0.02365,0.02365,,1513951200,2017-12-26 23:28:30.889609,0.0,0.0
2507,0.008776,,1,JordanManual,CCCAGG,0.008817,0.008671,0.008817,CLINT,1513954800,2017-12-28 08:19:08.878898,0.0,0.0
2508,0.02365,CLINT,1,JordanManual,CCCAGG,0.02365,0.02365,0.02365,,1513954800,2017-12-26 23:28:30.889609,0.0,0.0
2509,0.02365,CLINT,1,JordanManual,CCCAGG,0.02365,0.02365,0.02365,,1513958400,2017-12-26 23:28:30.889609,0.0,0.0
2510,0.02365,CLINT,1,JordanManual,CCCAGG,0.02365,0.02365,0.02365,,1513962000,2017-12-26 23:28:30.889609,0.0,0.0
2511,0.009668,,1,JordanManual,CCCAGG,0.009668,0.008991,0.009104,CLINT,1513965600,2017-12-28 08:19:08.878898,0.0,0.0
2512,0.02365,CLINT,1,JordanManual,CCCAGG,0.02365,0.02365,0.02365,,1513965600,2017-12-26 23:28:30.889609,0.0,0.0
2513,0.02365,CLINT,1,JordanManual,CCCAGG,0.02365,0.02365,0.02365,,1513969200,2017-12-26 23:28:30.889609,0.0,0.0
2514,0.02365,CLINT,1,JordanManual,CCCAGG,0.02365,0.02365,0.02365,,1513972800,2017-12-26 23:28:30.889609,0.0,0.0
2515,0.02365,CLINT,1,JordanManual,CCCAGG,0.02365,0.02365,0.02365,,1513976400,2017-12-26 23:28:30.889609,0.0,0.0
2516,0.009292,,1,JordanManual,CCCAGG,0.01009,0.009292,0.009484,CLINT,1513976400,2017-12-28 08:19:08.878898,0.0,0.0
2517,0.02365,CLINT,1,JordanManual,CCCAGG,0.02365,0.02365,0.02365,,1513980000,2017-12-26 23:28:30.889609,0.0,0.0
2518,0.02365,CLINT,1,JordanManual,CCCAGG,0.02365,0.02365,0.02365,,1513983600,2017-12-26 23:28:30.889609,0.0,0.0
2519,0.02365,CLINT,1,JordanManual,CCCAGG,0.02365,0.02365,0.02365,,1513987200,2017-12-26 23:28:30.889609,0.0,0.0
2520,0.009551,,1,JordanManual,CCCAGG,0.009551,0.009341,0.009341,CLINT,1513987200,2017-12-28 08:19:08.878898,0.0,0.0
2521,0.02365,CLINT,1,JordanManual,CCCAGG,0.02365,0.02365,0.02365,,1513990800,2017-12-26 23:28:30.889609,0.0,0.0
2522,0.02365,CLINT,1,JordanManual,CCCAGG,0.02365,0.02365,0.02365,,1513994400,2017-12-26 23:28:30.889609,0.0,0.0
2523,0.009411,,1,JordanManual,CCCAGG,0.009879,0.009411,0.009879,CLINT,1513998000,2017-12-28 08:19:08.878898,0.0,0.0
2524,0.02365,CLINT,1,JordanManual,CCCAGG,0.02365,0.02365,0.02365,,1513998000,2017-12-26 23:28:30.889609,0.0,0.0
2525,0.02365,CLINT,1,JordanManual,CCCAGG,0.02365,0.02365,0.02365,,1514001600,2017-12-26 23:28:30.889609,0.0,0.0
2526,0.02365,CLINT,1,JordanManual,CCCAGG,0.02365,0.02365,0.02365,,1514005200,2017-12-26 23:28:30.889609,0.0,0.0
2527,0.009675,,1,JordanManual,CCCAGG,0.009675,0.009457,0.009457,CLINT,1514008800,2017-12-28 08:19:08.878898,0.0,0.0
2528,0.02365,CLINT,1,JordanManual,CCCAGG,0.02365,0.02365,0.02365,,1514008800,2017-12-26 23:28:30.889609,0.0,0.0
2529,0.02365,CLINT,1,JordanManual,CCCAGG,0.02365,0.02365,0.02365,,1514012400,2017-12-26 23:28:30.889609,0.0,0.0
2530,0.02365,CLINT,1,JordanManual,CCCAGG,0.02365,0.02365,0.02365,,1514016000,2017-12-26 23:28:30.889609,0.0,0.0
2531,0.02365,CLINT,1,JordanManual,CCCAGG,0.02365,0.02365,0.02365,,1514019600,2017-12-26 23:28:30.889609,0.0,0.0
2532,0.0104,,1,JordanManual,CCCAGG,0.0104,0.009813,0.009813,CLINT,1514019600,2017-12-28 08:19:08.878898,381.65,3.97
2533,0.02365,CLINT,1,JordanManual,CCCAGG,0.02365,0.02365,0.02365,,1514023200,2017-12-26 23:28:30.889609,0.0,0.0
2534,0.02365,CLINT,1,JordanManual,CCCAGG,0.02365,0.02365,0.02365,,1514026800,2017-12-26 23:28:30.889609,0.0,0.0
2535,0.02365,CLINT,1,JordanManual,CCCAGG,0.02365,0.02365,0.02365,,1514030400,2017-12-26 23:28:30.889609,0.0,0.0
2536,0.0106,,1,JordanManual,CCCAGG,0.0106,0.01026,0.01026,CLINT,1514030400,2017-12-28 08:19:08.878898,0.0,0.0
2537,0.02365,CLINT,1,JordanManual,CCCAGG,0.02365,0.02365,0.02365,,1514034000,2017-12-26 23:28:30.889609,0.0,0.0
2538,0.02365,CLINT,1,JordanManual,CCCAGG,0.02365,0.02365,0.02365,,1514037600,2017-12-26 23:28:30.889609,0.0,0.0
2539,0.01032,,1,JordanManual,CCCAGG,0.01046,0.0102,0.0102,CLINT,1514041200,2017-12-28 08:19:08.878898,0.0,0.0
2540,0.02365,CLINT,1,JordanManual,CCCAGG,0.02365,0.02365,0.02365,,1514041200,2017-12-26 23:28:30.889609,0.0,0.0
2541,0.02365,CLINT,1,JordanManual,CCCAGG,0.02365,0.02365,0.02365,,1514044800,2017-12-26 23:28:30.889609,0.0,0.0
2542,0.02365,CLINT,1,JordanManual,CCCAGG,0.02365,0.02365,0.02365,,1514048400,2017-12-26 23:28:30.889609,0.0,0.0
2543,0.01044,,1,JordanManual,CCCAGG,0.01044,0.01022,0.01022,CLINT,1514052000,2017-12-28 08:19:08.878898,0.0,0.0
2544,0.02365,CLINT,1,JordanManual,CCCAGG,0.02365,0.02365,0.02365,,1514052000,2017-12-26 23:28:30.889609,0.0,0.0
2545,0.02365,CLINT,1,JordanManual,CCCAGG,0.02365,0.02365,0.02365,,1514055600,2017-12-26 23:28:30.889609,0.0,0.0
2546,0.02365,CLINT,1,JordanManual,CCCAGG,0.02365,0.02365,0.02365,,1514059200,2017-12-26 23:28:30.889609,0.0,0.0
2547,0.009934,,1,JordanManual,CCCAGG,0.01052,0.009934,0.01052,CLINT,1514062800,2017-12-28 08:19:08.878898,0.0,0.0
2548,0.02365,CLINT,1,JordanManual,CCCAGG,0.02365,0.02365,0.02365,,1514062800,2017-12-26 23:28:30.889609,0.0,0.0
2549,0.02365,CLINT,1,JordanManual,CCCAGG,0.02365,0.02365,0.02365,,1514066400,2017-12-26 23:28:30.889609,0.0,0.0
2550,0.02365,CLINT,1,JordanManual,CCCAGG,0.02365,0.02365,0.02365,,1514070000,2017-12-26 23:28:30.889609,0.0,0.0
2551,0.02365,CLINT,1,JordanManual,CCCAGG,0.02365,0.02365,0.02365,,1514073600,2017-12-26 23:28:30.889609,0.0,0.0
2552,0.009133,,1,JordanManual,CCCAGG,0.00984,0.009133,0.00984,CLINT,1514073600,2017-12-28 08:19:08.878898,0.0,0.0
2553,0.02365,CLINT,1,JordanManual,CCCAGG,0.02365,0.02365,0.02365,,1514077200,2017-12-26 23:28:30.889609,0.0,0.0
2554,0.02365,CLINT,1,JordanManual,CCCAGG,0.02365,0.02365,0.02365,,1514080800,2017-12-26 23:28:30.889609,0.0,0.0
2555,0.009581,,1,JordanManual,CCCAGG,0.009581,0.009383,0.009551,CLINT,1514084400,2017-12-28 08:19:08.878898,0.0,0.0
2556,0.02365,CLINT,1,JordanManual,CCCAGG,0.02365,0.02365,0.02365,,1514084400,2017-12-26 23:28:30.889609,0.0,0.0
2557,0.02365,CLINT,1,JordanManual,CCCAGG,0.02365,0.02365,0.02365,,1514088000,2017-12-26 23:28:30.889609,0.0,0.0
2558,0.02365,CLINT,1,JordanManual,CCCAGG,0.02365,0.02365,0.02365,,1514091600,2017-12-26 23:28:30.889609,0.0,0.0
2559,0.02365,CLINT,1,JordanManual,CCCAGG,0.02365,0.02365,0.02365,,1514095200,2017-12-26 23:28:30.889609,0.0,0.0
2560,0.009643,,1,JordanManual,CCCAGG,0.009732,0.009507,0.009732,CLINT,1514095200,2017-12-28 08:19:08.878898,164.06,1.58
2561,0.02365,CLINT,1,JordanManual,CCCAGG,0.02365,0.02365,0.02365,,1514098800,2017-12-26 23:28:30.889609,0.0,0.0
2562,0.02365,CLINT,1,JordanManual,CCCAGG,0.02365,0.02365,0.02365,,1514102400,2017-12-26 23:28:30.889609,0.0,0.0
2563,0.02365,CLINT,1,JordanManual,CCCAGG,0.02365,0.02365,0.02365,,1514106000,2017-12-26 23:28:30.889609,0.0,0.0
2564,0.00882,,1,JordanManual,CCCAGG,0.009217,0.00882,0.009217,CLINT,1514106000,2017-12-28 08:19:08.878898,0.0,0.0
2565,0.02365,CLINT,1,JordanManual,CCCAGG,0.02365,0.02365,0.02365,,1514109600,2017-12-26 23:28:30.889609,0.0,0.0
2566,0.02365,CLINT,1,JordanManual,CCCAGG,0.02365,0.02365,0.02365,,1514113200,2017-12-26 23:28:30.889609,0.0,0.0
2567,0.02365,CLINT,1,JordanManual,CCCAGG,0.02365,0.02365,0.02365,,1514116800,2017-12-26 23:28:30.889609,0.0,0.0
2568,0.009291,,1,JordanManual,CCCAGG,0.009291,0.008676,0.008676,CLINT,1514116800,2017-12-28 08:19:08.878898,0.0,0.0
2569,0.02365,CLINT,1,JordanManual,CCCAGG,0.02365,0.02365,0.02365,,1514120400,2017-12-26 23:28:30.889609,0.0,0.0
2570,0.02365,CLINT,1,JordanManual,CCCAGG,0.02365,0.02365,0.02365,,1514124000,2017-12-26 23:28:30.889609,0.0,0.0
2571,0.02365,CLINT,1,JordanManual,CCCAGG,0.02365,0.02365,0.02365,,1514127600,2017-12-26 23:28:30.889609,0.0,0.0
2572,0.008882,,1,JordanManual,CCCAGG,0.009061,0.008882,0.008973,CLINT,1514127600,2017-12-28 08:19:08.878898,0.0,0.0
2573,0.02365,CLINT,1,JordanManual,CCCAGG,0.02365,0.02365,0.02365,,1514131200,2017-12-26 23:28:30.889609,0.0,0.0
2574,0.02365,CLINT,1,JordanManual,CCCAGG,0.02365,0.02365,0.02365,,1514134800,2017-12-26 23:28:30.889609,0.0,0.0
2575,0.02365,CLINT,1,JordanManual,CCCAGG,0.02365,0.02365,0.02365,,1514138400,2017-12-26 23:28:30.889609,0.0,0.0
2576,0.009887,,1,JordanManual,CCCAGG,0.009887,0.008791,0.008791,CLINT,1514138400,2017-12-28 08:19:08.878898,1330.53,12.71
2577,0.02365,CLINT,1,JordanManual,CCCAGG,0.02365,0.02365,0.02365,,1514142000,2017-12-26 23:28:30.889609,0.0,0.0
2578,0.02365,CLINT,1,JordanManual,CCCAGG,0.02365,0.02365,0.02365,,1514145600,2017-12-26 23:28:30.889609,0.0,0.0
2579,0.02365,CLINT,1,JordanManual,CCCAGG,0.02365,0.02365,0.02365,,1514149200,2017-12-26 23:28:30.889609,0.0,0.0
2580,0.009515,,1,JordanManual,CCCAGG,0.01009,0.009284,0.009742,CLINT,1514149200,2017-12-28 08:19:08.878898,1059.92,9.84
2581,0.02365,CLINT,1,JordanManual,CCCAGG,0.02365,0.02365,0.02365,,1514152800,2017-12-26 23:28:30.889609,0.0,0.0
2582,0.02365,CLINT,1,JordanManual,CCCAGG,0.02365,0.02365,0.02365,,1514156400,2017-12-26 23:28:30.889609,0.0,0.0
2583,0.009281,,1,JordanManual,CCCAGG,0.009562,0.009281,0.009455,CLINT,1514160000,2017-12-28 08:19:08.878898,1166.09,11.15
2584,0.02365,CLINT,1,JordanManual,CCCAGG,0.02365,0.02365,0.02365,,1514160000,2017-12-26 23:28:30.889609,0.0,0.0
2585,0.02365,CLINT,1,JordanManual,CCCAGG,0.02365,0.02365,0.02365,,1514163600,2017-12-26 23:28:30.889609,0.0,0.0
2586,0.02365,CLINT,1,JordanManual,CCCAGG,0.02365,0.02365,0.02365,,1514167200,2017-12-26 23:28:30.889609,0.0,0.0
2587,0.00957,,1,JordanManual,CCCAGG,0.009625,0.009246,0.009246,CLINT,1514170800,2017-12-28 08:19:08.878898,0.0,0.0
2588,0.02365,CLINT,1,JordanManual,CCCAGG,0.02365,0.02365,0.02365,,1514170800,2017-12-26 23:28:30.889609,0.0,0.0
2589,0.02365,CLINT,1,JordanManual,CCCAGG,0.02365,0.02365,0.02365,,1514174400,2017-12-26 23:28:30.889609,0.0,0.0
2590,0.02365,CLINT,1,JordanManual,CCCAGG,0.02365,0.02365,0.02365,,1514178000,2017-12-26 23:28:30.889609,0.0,0.0
2591,0.01057,,1,JordanManual,CCCAGG,0.01057,0.0096,0.0096,CLINT,1514181600,2017-12-28 08:19:08.878898,200.0,2.11
2592,0.02365,CLINT,1,JordanManual,CCCAGG,0.02365,0.02365,0.02365,,1514181600,2017-12-26 23:28:30.889609,0.0,0.0
2593,0.02365,CLINT,1,JordanManual,CCCAGG,0.02365,0.02365,0.02365,,1514185200,2017-12-26 23:28:30.889609,0.0,0.0
2594,0.02365,CLINT,1,JordanManual,CCCAGG,0.02365,0.02365,0.02365,,1514188800,2017-12-26 23:28:30.889609,0.0,0.0
2595,0.02365,CLINT,1,JordanManual,CCCAGG,0.02365,0.02365,0.02365,,1514192400,2017-12-26 23:28:30.889609,0.0,0.0
2596,0.01053,,1,JordanManual,CCCAGG,0.01053,0.01036,0.01036,CLINT,1514192400,2017-12-28 08:19:08.878898,1500.0,15.54
2597,0.02365,CLINT,1,JordanManual,CCCAGG,0.02365,0.02365,0.02365,,1514196000,2017-12-26 23:28:30.889609,0.0,0.0
2598,0.02365,CLINT,1,JordanManual,CCCAGG,0.02365,0.02365,0.02365,,1514199600,2017-12-26 23:28:30.889609,0.0,0.0
2599,0.02365,CLINT,1,JordanManual,CCCAGG,0.02365,0.02365,0.02365,,1514203200,2017-12-26 23:28:30.889609,0.0,0.0
2600,0.01008,,1,JordanManual,CCCAGG,0.01079,0.01008,0.01079,CLINT,1514203200,2017-12-28 08:19:08.878898,0.0,0.0
2601,0.02365,CLINT,1,JordanManual,CCCAGG,0.02365,0.02365,0.02365,,1514206800,2017-12-26 23:28:30.889609,0.0,0.0
2602,0.02365,CLINT,1,JordanManual,CCCAGG,0.02365,0.02365,0.02365,,1514210400,2017-12-26 23:28:30.889609,0.0,0.0
2603,0.02365,CLINT,1,JordanManual,CCCAGG,0.02365,0.02365,0.02365,,1514214000,2017-12-26 23:28:30.889609,0.0,0.0
2604,0.01035,,1,JordanManual,CCCAGG,0.01041,0.01031,0.01031,CLINT,1514214000,2017-12-28 08:19:08.878898,0.0,0.0
2605,0.02365,CLINT,1,JordanManual,CCCAGG,0.02365,0.02365,0.02365,,1514217600,2017-12-26 23:28:30.889609,0.0,0.0
2606,0.02365,CLINT,1,JordanManual,CCCAGG,0.02365,0.02365,0.02365,,1514221200,2017-12-26 23:28:30.889609,0.0,0.0
2607,0.02365,CLINT,1,JordanManual,CCCAGG,0.02365,0.02365,0.02365,,1514224800,2017-12-26 23:28:30.889609,0.0,0.0
2608,0.01012,,1,JordanManual,CCCAGG,0.01051,0.01012,0.01051,CLINT,1514224800,2017-12-28 08:19:08.878898,2768.17,28.01
2609,0.02365,CLINT,1,JordanManual,CCCAGG,0.02365,0.02365,0.02365,,1514228400,2017-12-26 23:28:30.889609,0.0,0.0
2610,0.02365,CLINT,1,JordanManual,CCCAGG,0.02365,0.02365,0.02365,,1514232000,2017-12-26 23:28:30.889609,0.0,0.0
2611,0.02365,CLINT,1,JordanManual,CCCAGG,0.02365,0.02365,0.02365,,1514235600,2017-12-26 23:28:30.889609,0.0,0.0
2612,0.009545,,1,JordanManual,CCCAGG,0.01024,0.009545,0.01016,CLINT,1514235600,2017-12-28 08:19:08.878898,5714.29,54.54
2613,0.02365,CLINT,1,JordanManual,CCCAGG,0.02365,0.02365,0.02365,,1514239200,2017-12-26 23:28:30.889609,0.0,0.0
2614,0.02365,CLINT,1,JordanManual,CCCAGG,0.02365,0.02365,0.02365,,1514242800,2017-12-26 23:28:30.889609,0.0,0.0
2615,0.02365,CLINT,1,JordanManual,CCCAGG,0.02365,0.02365,0.02365,,1514246400,2017-12-26 23:28:30.889609,0.0,0.0
2616,0.00958,,1,JordanManual,CCCAGG,0.009588,0.009545,0.009588,CLINT,1514246400,2017-12-28 08:19:08.878898,0.0,0.0
2617,0.02365,CLINT,1,JordanManual,CCCAGG,0.02365,0.02365,0.02365,,1514250000,2017-12-26 23:28:30.889609,0.0,0.0
2618,0.02365,CLINT,1,JordanManual,CCCAGG,0.02365,0.02365,0.02365,,1514253600,2017-12-26 23:28:30.889609,0.0,0.0
2619,0.01039,,1,JordanManual,CCCAGG,0.01039,0.01003,0.01003,CLINT,1514257200,2017-12-28 08:19:08.878898,0.0,0.0
2620,0.02365,CLINT,1,JordanManual,CCCAGG,0.02365,0.02365,0.02365,,1514257200,2017-12-26 23:28:30.889609,0.0,0.0
2621,0.02365,CLINT,1,JordanManual,CCCAGG,0.02365,0.02365,0.02365,,1514260800,2017-12-26 23:28:30.889609,0.0,0.0
2622,0.02365,CLINT,1,JordanManual,CCCAGG,0.02365,0.02365,0.02365,,1514264400,2017-12-26 23:28:30.889609,0.0,0.0
2623,0.02365,CLINT,1,JordanManual,CCCAGG,0.02365,0.02365,0.02365,,1514268000,2017-12-26 23:28:30.889609,0.0,0.0
2624,0.01029,,1,JordanManual,CCCAGG,0.01059,0.01029,0.01059,CLINT,1514268000,2017-12-28 08:19:08.878898,0.0,0.0
2625,0.02365,CLINT,1,JordanManual,CCCAGG,0.02365,0.02365,0.02365,,1514271600,2017-12-26 23:28:30.889609,0.0,0.0
2626,0.02365,CLINT,1,JordanManual,CCCAGG,0.02365,0.02365,0.02365,,1514275200,2017-12-26 23:28:30.889609,0.0,0.0
2627,0.0103,,1,JordanManual,CCCAGG,0.01051,0.0103,0.01051,CLINT,1514278800,2017-12-28 08:19:08.878898,0.0,0.0
2628,0.02365,CLINT,1,JordanManual,CCCAGG,0.02365,0.02365,0.02365,,1514278800,2017-12-26 23:28:30.889609,0.0,0.0
2629,0.02365,CLINT,1,JordanManual,CCCAGG,0.02365,0.02365,0.02365,,1514282400,2017-12-26 23:28:30.889609,0.0,0.0
2630,0.02365,CLINT,1,JordanManual,CCCAGG,0.02365,0.02365,0.02365,,1514286000,2017-12-26 23:28:30.889609,0.0,0.0
2631,0.0109,,1,JordanManual,CCCAGG,0.0109,0.01044,0.01044,CLINT,1514289600,2017-12-28 08:19:08.878898,0.0,0.0
2632,0.02365,CLINT,1,JordanManual,CCCAGG,0.02365,0.02365,0.02365,,1514289600,2017-12-26 23:28:30.889609,0.0,0.0
2633,0.02365,CLINT,1,JordanManual,CCCAGG,0.02365,0.02365,0.02365,,1514293200,2017-12-26 23:28:30.889609,0.0,0.0
2634,0.02365,CLINT,1,JordanManual,CCCAGG,0.02365,0.02365,0.02365,,1514296800,2017-12-26 23:28:30.889609,0.0,0.0
2635,0.01084,,1,JordanManual,CCCAGG,0.01105,0.01084,0.01087,CLINT,1514300400,2017-12-28 08:19:08.878898,0.0,0.0
2636,0.02365,CLINT,1,JordanManual,CCCAGG,0.02365,0.02365,0.02365,,1514300400,2017-12-26 23:28:30.889609,0.0,0.0
2637,0.02365,CLINT,1,JordanManual,CCCAGG,0.02365,0.02365,0.02365,,1514304000,2017-12-26 23:28:30.889609,0.0,0.0
2638,0.02365,CLINT,1,JordanManual,CCCAGG,0.02365,0.02365,0.02365,,1514307600,2017-12-26 23:28:30.889609,0.0,0.0
2639,0.0109,,1,JordanManual,CCCAGG,0.01095,0.01081,0.01081,CLINT,1514311200,2017-12-28 08:19:08.878898,0.0,0.0
2640,0.02365,CLINT,1,JordanManual,CCCAGG,0.02365,0.02365,0.02365,,1514311200,2017-12-26 23:28:30.889609,0.0,0.0
2641,0.02365,CLINT,1,JordanManual,CCCAGG,0.02365,0.02365,0.02365,,1514314800,2017-12-26 23:28:30.889609,0.0,0.0
2642,0.02365,CLINT,1,JordanManual,CCCAGG,0.02365,0.02365,0.02365,,1514318400,2017-12-26 23:28:30.889609,0.0,0.0
2643,0.01087,,1,JordanManual,CCCAGG,0.01098,0.01086,0.01098,CLINT,1514322000,2017-12-28 08:19:08.878898,0.0,0.0
2644,0.02365,CLINT,1,JordanManual,CCCAGG,0.02365,0.02365,0.02365,,1514322000,2017-12-26 23:28:30.889609,0.0,0.0
2645,0.02365,CLINT,1,JordanManual,CCCAGG,0.02365,0.02365,0.02365,,1514325600,2017-12-26 23:28:30.889609,0.0,0.0
2646,0.02365,CLINT,1,JordanManual,CCCAGG,0.02365,0.02365,0.02365,,1514329200,2017-12-26 23:28:30.889609,0.0,0.0
2647,0.01093,,1,JordanManual,CCCAGG,0.01098,0.01085,0.01085,CLINT,1514332800,2017-12-28 08:19:08.878898,0.0,0.0
2648,0.02365,CLINT,1,JordanManual,CCCAGG,0.02365,0.02365,0.02365,,1514332800,2017-12-26 23:28:30.889609,0.0,0.0
2649,0.02365,CLINT,1,JordanManual,CCCAGG,0.02365,0.02365,0.02365,,1514336400,2017-12-26 23:28:30.889609,0.0,0.0
2650,0.02365,CLINT,1,JordanManual,CCCAGG,0.02365,0.02365,0.02365,,1514340000,2017-12-26 23:28:30.889609,0.0,0.0
2651,0.01133,,1,JordanManual,CCCAGG,0.01133,0.01095,0.01095,CLINT,1514343600,2017-12-28 08:19:08.878898,0.0,0.0
2652,0.02365,CLINT,1,JordanManual,CCCAGG,0.02365,0.02365,0.02365,,1514343600,2017-12-26 23:28:30.889609,0.0,0.0
2653,0.02365,CLINT,1,JordanManual,CCCAGG,0.02365,0.02365,0.02365,,1514347200,2017-12-26 23:28:30.889609,0.0,0.0
2654,0.02365,CLINT,1,JordanManual,CCCAGG,0.02365,0.02365,0.02365,,1514350800,2017-12-26 23:28:30.889609,0.0,0.0
2655,0.02365,CLINT,1,JordanManual,CCCAGG,0.02365,0.02365,0.02365,,1514354400,2017-12-26 23:28:30.889609,0.0,0.0
2656,0.01111,,1,JordanManual,CCCAGG,0.01133,0.01111,0.01133,CLINT,1514354400,2017-12-28 08:19:08.878898,0.0,0.0
2657,0.01084,,1,JordanManual,CCCAGG,0.01094,0.01079,0.01094,CLINT,1514365200,2017-12-28 08:19:08.878898,0.0,0.0
2658,0.01056,,1,JordanManual,CCCAGG,0.011,0.01056,0.011,CLINT,1514376000,2017-12-28 08:19:08.878898,0.0,0.0
2659,0.01031,,1,JordanManual,CCCAGG,0.01058,0.0102,0.01058,CLINT,1514386800,2017-12-28 08:19:08.878898,0.0,0.0
2660,0.0102,,1,JordanManual,CCCAGG,0.01037,0.0102,0.01037,CLINT,1514397600,2017-12-28 08:19:08.878898,0.0,0.0
2661,0.01156,,1,JordanManual,CCCAGG,0.01156,0.0105,0.0105,CLINT,1514408400,2017-12-28 08:19:08.878898,152.47,1.75
2662,0.01071,,1,JordanManual,CCCAGG,0.01159,0.01071,0.0114,CLINT,1514419200,2017-12-28 08:19:08.878898,0.0,0.0
2663,0.01032,,1,JordanManual,CCCAGG,0.01079,0.01032,0.01077,CLINT,1514430000,2017-12-28 08:19:08.878898,149.59,1.54
2664,0.01066,,1,JordanManual,CCCAGG,0.01066,0.0104,0.0104,CLINT,1514440800,2017-12-28 08:19:08.878898,219.13,2.28
2665,0.01042,,1,JordanManual,CCCAGG,0.0107,0.01015,0.0107,CLINT,1514451600,2017-12-28 08:19:08.878898,0.0,0.0
2666,0.01069,,1,JordanManual,CCCAGG,0.01069,0.01053,0.01053,CLINT,1514462400,2017-12-28 08:19:08.878898,0.0,0.0
2667,0.01079,,1,JordanManual,CCCAGG,0.01086,0.01086,0.01086,CLINT,1514473200,2017-12-28 08:19:08.878898,0.0,0.0
