close,high,low,open,time,volumefrom,volumeto,coin_units,computer_name,exchange,symbol,timestamp_api_call
143907.37,144257.14,142766.75,142766.75,1507485600,0.0,0.0,1,JordanManual,CCCAGG,CHAO,2017-12-30 17:49:46.011479
144669.03,144911.83,143994.57,143994.57,1507496400,0.0,0.0,1,JordanManual,CCCAGG,CHAO,2017-12-30 17:49:46.011479
144898.97,144898.97,143980.46,143980.46,1507507200,0.0,0.0,1,JordanManual,CCCAGG,CHAO,2017-12-30 17:49:46.011479
144372.58,145345.99,143954.42,145345.99,1507518000,0.0,0.0,1,JordanManual,CCCAGG,CHAO,2017-12-30 17:49:46.011479
143467.24,143812.94,142970.03,142970.03,1507528800,0.0,0.0,1,JordanManual,CCCAGG,CHAO,2017-12-30 17:49:46.011479
144207.58,144239.26,143889.8,143889.8,1507539600,0.0,0.0,1,JordanManual,CCCAGG,CHAO,2017-12-30 17:49:46.011479
146315.64,146315.64,144158.95,144158.95,1507550400,0.0,0.0,1,JordanManual,CCCAGG,CHAO,2017-12-30 17:49:46.011479
147815.13,147815.13,145850.11,145858.89,1507561200,0.0,0.0,1,JordanManual,CCCAGG,CHAO,2017-12-30 17:49:46.011479
151988.59,151988.59,149287.63,149287.63,1507572000,0.0,0.0,1,JordanManual,CCCAGG,CHAO,2017-12-30 17:49:46.011479
149869.86,150950.87,149078.08,150950.87,1507582800,0.0,0.0,1,JordanManual,CCCAGG,CHAO,2017-12-30 17:49:46.011479
151250.14,152537.57,150959.97,152537.57,1507593600,0.0,0.0,1,JordanManual,CCCAGG,CHAO,2017-12-30 17:49:46.011479
151571.06,151571.06,150190.15,150190.15,1507604400,0.0,0.0,1,JordanManual,CCCAGG,CHAO,2017-12-30 17:49:46.011479
150384.33,151906.4,150384.33,151906.4,1507615200,0.0,0.0,1,JordanManual,CCCAGG,CHAO,2017-12-30 17:49:46.011479
150605.49,150918.56,149999.11,149999.11,1507626000,0.0,0.0,1,JordanManual,CCCAGG,CHAO,2017-12-30 17:49:46.011479
150413.82,151776.53,150413.82,151776.53,1507636800,0.0,0.0,1,JordanManual,CCCAGG,CHAO,2017-12-30 17:49:46.011479
153562.11,153562.11,150592.63,150592.63,1507647600,0.0,0.0,1,JordanManual,CCCAGG,CHAO,2017-12-30 17:49:46.011479
153186.93,153186.93,153007.8,153007.8,1507658400,0.0,0.0,1,JordanManual,CCCAGG,CHAO,2017-12-30 17:49:46.011479
149426.6,151745.47,149426.6,151745.47,1507669200,0.0,0.0,1,JordanManual,CCCAGG,CHAO,2017-12-30 17:49:46.011479
149827.2,149827.2,148611.61,148611.61,1507680000,0.0,0.0,1,JordanManual,CCCAGG,CHAO,2017-12-30 17:49:46.011479
149267.87,149267.87,148645.49,148645.49,1507690800,0.0,0.0,1,JordanManual,CCCAGG,CHAO,2017-12-30 17:49:46.011479
151114.94,151114.94,149569.34,149569.34,1507701600,0.0,0.0,1,JordanManual,CCCAGG,CHAO,2017-12-30 17:49:46.011479
150322.53,151126.54,150322.53,150722.81,1507712400,0.0,0.0,1,JordanManual,CCCAGG,CHAO,2017-12-30 17:49:46.011479
149879.9,149932.6,149337.83,149337.83,1507723200,0.0,0.0,1,JordanManual,CCCAGG,CHAO,2017-12-30 17:49:46.011479
151782.18,152117.84,151782.18,151869.07,1507734000,0.0,0.0,1,JordanManual,CCCAGG,CHAO,2017-12-30 17:49:46.011479
151492.95,151894.17,151492.95,151819.51,1507744800,0.0,0.0,1,JordanManual,CCCAGG,CHAO,2017-12-30 17:49:46.011479
151335.15,151335.15,150734.42,150734.42,1507755600,0.0,0.0,1,JordanManual,CCCAGG,CHAO,2017-12-30 17:49:46.011479
152380.4,152380.4,151793.78,151793.78,1507766400,0.0,0.0,1,JordanManual,CCCAGG,CHAO,2017-12-30 17:49:46.011479
153716.14,153716.14,152018.08,152426.2,1507777200,0.0,0.0,1,JordanManual,CCCAGG,CHAO,2017-12-30 17:49:46.011479
160716.35,160716.35,153824.99,153824.99,1507788000,0.0,0.0,1,JordanManual,CCCAGG,CHAO,2017-12-30 17:49:46.011479
162459.9,163150.04,161716.74,161716.74,1507798800,0.0,0.0,1,JordanManual,CCCAGG,CHAO,2017-12-30 17:49:46.011479
163456.52,163542.16,162798.38,163542.16,1507809600,0.0,0.0,1,JordanManual,CCCAGG,CHAO,2017-12-30 17:49:46.011479
165573.37,168020.23,165573.37,166887.46,1507820400,0.0,0.0,1,JordanManual,CCCAGG,CHAO,2017-12-30 17:49:46.011479
166854.21,167183.59,166402.48,167183.59,1507831200,0.0,0.0,1,JordanManual,CCCAGG,CHAO,2017-12-30 17:49:46.011479
170421.29,170421.29,165929.42,165929.42,1507842000,0.0,0.0,1,JordanManual,CCCAGG,CHAO,2017-12-30 17:49:46.011479
178285.12,178285.12,169692.56,169692.56,1507852800,0.0,0.0,1,JordanManual,CCCAGG,CHAO,2017-12-30 17:49:46.011479
173037.55,180289.98,173037.55,179886.87,1507863600,0.0,0.0,1,JordanManual,CCCAGG,CHAO,2017-12-30 17:49:46.011479
177321.75,177321.75,174506.29,174506.29,1507874400,0.0,0.0,1,JordanManual,CCCAGG,CHAO,2017-12-30 17:49:46.011479
177269.67,179808.13,176953.78,179808.13,1507885200,0.0,0.0,1,JordanManual,CCCAGG,CHAO,2017-12-30 17:49:46.011479
180472.55,180472.55,174629.57,174629.57,1507896000,0.0,0.0,1,JordanManual,CCCAGG,CHAO,2017-12-30 17:49:46.011479
179222.77,179989.77,179038.94,179989.77,1507906800,0.0,0.0,1,JordanManual,CCCAGG,CHAO,2017-12-30 17:49:46.011479
176526.21,177818.65,173322.7,177818.65,1507917600,0.0,0.0,1,JordanManual,CCCAGG,CHAO,2017-12-30 17:49:46.011479
176840.85,176840.85,175474.06,175474.06,1507928400,0.0,0.0,1,JordanManual,CCCAGG,CHAO,2017-12-30 17:49:46.011479
177877.0,177877.0,175607.06,175607.06,1507939200,0.0,0.0,1,JordanManual,CCCAGG,CHAO,2017-12-30 17:49:46.011479
175925.47,178117.92,175925.47,178117.92,1507950000,0.0,0.0,1,JordanManual,CCCAGG,CHAO,2017-12-30 17:49:46.011479
176841.79,176841.79,175493.5,175493.5,1507960800,0.0,0.0,1,JordanManual,CCCAGG,CHAO,2017-12-30 17:49:46.011479
178798.02,178798.02,176575.46,176575.46,1507971600,0.0,0.0,1,JordanManual,CCCAGG,CHAO,2017-12-30 17:49:46.011479
180151.64,180151.64,178226.77,178226.77,1507982400,0.0,0.0,1,JordanManual,CCCAGG,CHAO,2017-12-30 17:49:46.011479
180334.21,180626.58,179123.95,179123.95,1507993200,0.0,0.0,1,JordanManual,CCCAGG,CHAO,2017-12-30 17:49:46.011479
178784.53,179121.45,178733.08,178733.08,1508004000,0.0,0.0,1,JordanManual,CCCAGG,CHAO,2017-12-30 17:49:46.011479
182721.15,182721.15,179631.52,179631.52,1508014800,0.0,0.0,1,JordanManual,CCCAGG,CHAO,2017-12-30 17:49:46.011479
183852.04,183852.04,182090.62,182090.62,1508025600,0.0,0.0,1,JordanManual,CCCAGG,CHAO,2017-12-30 17:49:46.011479
181298.84,181495.84,180608.38,181495.84,1508036400,0.0,0.0,1,JordanManual,CCCAGG,CHAO,2017-12-30 17:49:46.011479
175230.62,180958.79,175230.62,180958.79,1508047200,0.0,0.0,1,JordanManual,CCCAGG,CHAO,2017-12-30 17:49:46.011479
171103.27,174640.55,171103.27,174005.31,1508058000,0.0,0.0,1,JordanManual,CCCAGG,CHAO,2017-12-30 17:49:46.011479
174627.69,174627.69,172297.84,172297.84,1508068800,0.0,0.0,1,JordanManual,CCCAGG,CHAO,2017-12-30 17:49:46.011479
172807.29,173570.52,172608.72,173570.52,1508079600,0.0,0.0,1,JordanManual,CCCAGG,CHAO,2017-12-30 17:49:46.011479
172753.02,173265.29,172753.02,173265.29,1508090400,3.173e-05,5.5,1,JordanManual,CCCAGG,CHAO,2017-12-30 17:49:46.011479
178436.95,179114.54,174641.5,174641.5,1508101200,0.0,0.0,1,JordanManual,CCCAGG,CHAO,2017-12-30 17:49:46.011479
178279.79,178279.79,178098.47,178098.47,1508112000,0.0,0.0,1,JordanManual,CCCAGG,CHAO,2017-12-30 17:49:46.011479
177441.9,177441.9,176077.93,176200.58,1508122800,0.0,0.0,1,JordanManual,CCCAGG,CHAO,2017-12-30 17:49:46.011479
176300.65,177567.38,176300.65,177567.38,1508133600,0.0,0.0,1,JordanManual,CCCAGG,CHAO,2017-12-30 17:49:46.011479
180310.68,180310.68,177204.11,177204.11,1508144400,0.0,0.0,1,JordanManual,CCCAGG,CHAO,2017-12-30 17:49:46.011479
178848.53,179288.33,178443.54,179288.33,1508155200,0.0,0.0,1,JordanManual,CCCAGG,CHAO,2017-12-30 17:49:46.011479
178721.48,178810.25,177208.19,178810.25,1508166000,0.0,0.0,1,JordanManual,CCCAGG,CHAO,2017-12-30 17:49:46.011479
178535.45,179853.62,178535.45,178688.23,1508176800,0.0,0.0,1,JordanManual,CCCAGG,CHAO,2017-12-30 17:49:46.011479
180670.18,180670.18,179194.22,179194.22,1508187600,0.0,0.0,1,JordanManual,CCCAGG,CHAO,2017-12-30 17:49:46.011479
176799.75,180601.8,176060.67,180601.8,1508198400,0.0,0.0,1,JordanManual,CCCAGG,CHAO,2017-12-30 17:49:46.011479
176048.13,177524.08,176048.13,176900.14,1508209200,0.0,0.0,1,JordanManual,CCCAGG,CHAO,2017-12-30 17:49:46.011479
178219.87,178219.87,177098.39,177576.79,1508220000,0.0,0.0,1,JordanManual,CCCAGG,CHAO,2017-12-30 17:49:46.011479
174679.77,178154.94,174679.77,178154.94,1508230800,0.0,0.0,1,JordanManual,CCCAGG,CHAO,2017-12-30 17:49:46.011479
174871.44,175859.91,174463.0,174463.0,1508241600,0.0,0.0,1,JordanManual,CCCAGG,CHAO,2017-12-30 17:49:46.011479
176174.23,176174.23,175047.11,175262.94,1508252400,0.0,0.0,1,JordanManual,CCCAGG,CHAO,2017-12-30 17:49:46.011479
174905.32,176547.22,174905.32,176175.49,1508263200,0.0,0.0,1,JordanManual,CCCAGG,CHAO,2017-12-30 17:49:46.011479
175627.45,175627.45,174599.77,174986.88,1508274000,0.0,0.0,1,JordanManual,CCCAGG,CHAO,2017-12-30 17:49:46.011479
172288.75,173065.47,172059.12,173065.47,1508284800,0.0,0.0,1,JordanManual,CCCAGG,CHAO,2017-12-30 17:49:46.011479
172554.76,173341.52,172410.15,172410.15,1508295600,0.0,0.0,1,JordanManual,CCCAGG,CHAO,2017-12-30 17:49:46.011479
167902.28,168539.09,166156.85,168539.09,1508306400,0.0,0.0,1,JordanManual,CCCAGG,CHAO,2017-12-30 17:49:46.011479
166926.99,167924.55,166591.95,167924.55,1508317200,0.0,0.0,1,JordanManual,CCCAGG,CHAO,2017-12-30 17:49:46.011479
163326.96,165755.32,162564.05,165755.32,1508328000,0.0,0.0,1,JordanManual,CCCAGG,CHAO,2017-12-30 17:49:46.011479
168728.88,168924.31,167683.32,167683.32,1508338800,0.0,0.0,1,JordanManual,CCCAGG,CHAO,2017-12-30 17:49:46.011479
172758.35,172758.35,169173.08,169654.29,1508349600,0.0,0.0,1,JordanManual,CCCAGG,CHAO,2017-12-30 17:49:46.011479
174913.79,175223.41,172593.98,172593.98,1508360400,0.0,0.0,1,JordanManual,CCCAGG,CHAO,2017-12-30 17:49:46.011479
175673.25,176530.28,173928.14,173928.14,1508371200,0.0,0.0,1,JordanManual,CCCAGG,CHAO,2017-12-30 17:49:46.011479
175732.23,176967.89,175732.23,176668.0,1508382000,0.0,0.0,1,JordanManual,CCCAGG,CHAO,2017-12-30 17:49:46.011479
176504.25,176504.25,174369.83,174369.83,1508392800,0.0,0.0,1,JordanManual,CCCAGG,CHAO,2017-12-30 17:49:46.011479
178397.43,178569.96,178397.43,178569.96,1508403600,0.0,0.0,1,JordanManual,CCCAGG,CHAO,2017-12-30 17:49:46.011479
179091.02,179767.35,177593.41,177593.41,1508414400,0.0,0.0,1,JordanManual,CCCAGG,CHAO,2017-12-30 17:49:46.011479
177770.97,177844.06,176651.06,176651.06,1508425200,0.0,0.0,1,JordanManual,CCCAGG,CHAO,2017-12-30 17:49:46.011479
178742.81,178742.81,176437.11,177643.6,1508436000,0.0,0.0,1,JordanManual,CCCAGG,CHAO,2017-12-30 17:49:46.011479
178766.65,179091.02,178766.65,179091.02,1508446800,0.0,0.0,1,JordanManual,CCCAGG,CHAO,2017-12-30 17:49:46.011479
177759.05,179373.97,177759.05,179373.97,1508457600,0.0,0.0,1,JordanManual,CCCAGG,CHAO,2017-12-30 17:49:46.011479
177871.35,178504.71,177871.35,178473.34,1508468400,0.0,0.0,1,JordanManual,CCCAGG,CHAO,2017-12-30 17:49:46.011479
177162.08,177162.08,176376.26,176376.26,1508479200,0.0,0.0,1,JordanManual,CCCAGG,CHAO,2017-12-30 17:49:46.011479
177293.52,177541.02,177063.57,177063.57,1508490000,0.0,0.0,1,JordanManual,CCCAGG,CHAO,2017-12-30 17:49:46.011479
185843.1,185843.1,177291.95,177291.95,1508500800,0.0,0.0,1,JordanManual,CCCAGG,CHAO,2017-12-30 17:49:46.011479
186499.36,187728.12,186499.36,186739.02,1508511600,0.0,0.0,1,JordanManual,CCCAGG,CHAO,2017-12-30 17:49:46.011479
186975.24,189686.23,186975.24,187339.13,1508522400,0.0,0.0,1,JordanManual,CCCAGG,CHAO,2017-12-30 17:49:46.011479
188003.86,188003.86,187015.08,187015.08,1508533200,0.0,0.0,1,JordanManual,CCCAGG,CHAO,2017-12-30 17:49:46.011479
190137.96,190137.96,186906.22,186906.22,1508544000,0.0,0.0,1,JordanManual,CCCAGG,CHAO,2017-12-30 17:49:46.011479
190657.14,191351.67,189701.92,191351.67,1508554800,0.0,0.0,1,JordanManual,CCCAGG,CHAO,2017-12-30 17:49:46.011479
190748.74,191459.27,190435.04,190435.04,1508565600,0.0,0.0,1,JordanManual,CCCAGG,CHAO,2017-12-30 17:49:46.011479
191810.92,191810.92,190790.14,190790.14,1508576400,0.0,0.0,1,JordanManual,CCCAGG,CHAO,2017-12-30 17:49:46.011479
191967.77,191967.77,190980.87,190980.87,1508587200,0.0,0.0,1,JordanManual,CCCAGG,CHAO,2017-12-30 17:49:46.011479
187836.34,192810.06,187836.34,192810.06,1508598000,0.0,0.0,1,JordanManual,CCCAGG,CHAO,2017-12-30 17:49:46.011479
190994.99,190994.99,189034.37,189900.49,1508608800,0.0,0.0,1,JordanManual,CCCAGG,CHAO,2017-12-30 17:49:46.011479
188428.61,190667.49,188428.61,189663.96,1508619600,0.0,0.0,1,JordanManual,CCCAGG,CHAO,2017-12-30 17:49:46.011479
186162.13,190143.61,186162.13,190143.61,1508630400,0.0,0.0,1,JordanManual,CCCAGG,CHAO,2017-12-30 17:49:46.011479
183634.96,186488.06,181990.23,186488.06,1508641200,0.0,0.0,1,JordanManual,CCCAGG,CHAO,2017-12-30 17:49:46.011479
185694.09,185694.09,184207.15,184207.15,1508652000,0.0,0.0,1,JordanManual,CCCAGG,CHAO,2017-12-30 17:49:46.011479
182398.36,182398.36,181180.89,181757.47,1508662800,0.0,0.0,1,JordanManual,CCCAGG,CHAO,2017-12-30 17:49:46.011479
187422.57,187422.57,183526.73,184055.32,1508673600,0.0,0.0,1,JordanManual,CCCAGG,CHAO,2017-12-30 17:49:46.011479
187387.75,188313.17,186820.27,188313.17,1508684400,0.0,0.0,1,JordanManual,CCCAGG,CHAO,2017-12-30 17:49:46.011479
183587.28,184751.73,183587.28,184751.73,1508695200,0.0,0.0,1,JordanManual,CCCAGG,CHAO,2017-12-30 17:49:46.011479
187682.32,187682.32,184868.74,184868.74,1508706000,0.0,0.0,1,JordanManual,CCCAGG,CHAO,2017-12-30 17:49:46.011479
187391.83,188257.33,187120.48,187120.48,1508716800,0.0,0.0,1,JordanManual,CCCAGG,CHAO,2017-12-30 17:49:46.011479
186526.02,187988.49,186526.02,187046.76,1508727600,0.0,0.0,1,JordanManual,CCCAGG,CHAO,2017-12-30 17:49:46.011479
182306.13,184581.08,182306.13,183879.96,1508738400,0.0,0.0,1,JordanManual,CCCAGG,CHAO,2017-12-30 17:49:46.011479
184635.35,184635.35,183198.92,183198.92,1508749200,0.0,0.0,1,JordanManual,CCCAGG,CHAO,2017-12-30 17:49:46.011479
178718.65,180998.94,178718.65,180998.94,1508760000,0.0,0.0,1,JordanManual,CCCAGG,CHAO,2017-12-30 17:49:46.011479
183440.47,183440.47,181315.78,181315.78,1508770800,0.0,0.0,1,JordanManual,CCCAGG,CHAO,2017-12-30 17:49:46.011479
185670.56,185993.67,182350.99,182350.99,1508781600,0.0,0.0,1,JordanManual,CCCAGG,CHAO,2017-12-30 17:49:46.011479
185196.25,185196.25,184166.05,184750.48,1508792400,0.0,0.0,1,JordanManual,CCCAGG,CHAO,2017-12-30 17:49:46.011479
176065.38,181496.47,176065.38,181496.47,1508803200,0.0,0.0,1,JordanManual,CCCAGG,CHAO,2017-12-30 17:49:46.011479
179403.15,179403.15,176347.08,177239.87,1508814000,0.0,0.0,1,JordanManual,CCCAGG,CHAO,2017-12-30 17:49:46.011479
178797.08,179816.29,178797.08,178959.58,1508824800,0.0,0.0,1,JordanManual,CCCAGG,CHAO,2017-12-30 17:49:46.011479
179141.21,179141.21,177318.93,177318.93,1508835600,0.0,0.0,1,JordanManual,CCCAGG,CHAO,2017-12-30 17:49:46.011479
176803.2,177390.13,176612.47,176612.47,1508846400,0.0,0.0,1,JordanManual,CCCAGG,CHAO,2017-12-30 17:49:46.011479
178850.72,179449.89,176768.38,176768.38,1508857200,0.0,0.0,1,JordanManual,CCCAGG,CHAO,2017-12-30 17:49:46.011479
175170.39,178044.51,175170.39,178018.48,1508868000,0.0,0.0,1,JordanManual,CCCAGG,CHAO,2017-12-30 17:49:46.011479
172945.32,172945.32,171682.36,171682.36,1508878800,0.0,0.0,1,JordanManual,CCCAGG,CHAO,2017-12-30 17:49:46.011479
168832.71,172453.44,168832.71,172453.44,1508889600,0.0,0.0,1,JordanManual,CCCAGG,CHAO,2017-12-30 17:49:46.011479
172300.67,174056.13,172300.67,174056.13,1508900400,0.0,0.0,1,JordanManual,CCCAGG,CHAO,2017-12-30 17:49:46.011479
175865.24,175865.24,173099.35,173099.35,1508911200,0.0,0.0,1,JordanManual,CCCAGG,CHAO,2017-12-30 17:49:46.011479
173193.14,176128.12,173193.14,176128.12,1508922000,0.0,0.0,1,JordanManual,CCCAGG,CHAO,2017-12-30 17:49:46.011479
171974.42,173316.11,171974.42,172796.0,1508932800,0.0,0.0,1,JordanManual,CCCAGG,CHAO,2017-12-30 17:49:46.011479
173016.84,173016.84,171677.03,171677.03,1508943600,0.0,0.0,1,JordanManual,CCCAGG,CHAO,2017-12-30 17:49:46.011479
177506.2,177506.2,174081.85,174081.85,1508954400,0.0,0.0,1,JordanManual,CCCAGG,CHAO,2017-12-30 17:49:46.011479
179875.58,179875.58,177845.0,177845.0,1508965200,0.0,0.0,1,JordanManual,CCCAGG,CHAO,2017-12-30 17:49:46.011479
179992.28,179992.28,178527.3,179667.28,1508976000,0.0,0.0,1,JordanManual,CCCAGG,CHAO,2017-12-30 17:49:46.011479
179520.16,181032.51,179520.16,181032.51,1508986800,0.0,0.0,1,JordanManual,CCCAGG,CHAO,2017-12-30 17:49:46.011479
179328.8,179980.04,179328.8,179928.6,1508997600,0.0,0.0,1,JordanManual,CCCAGG,CHAO,2017-12-30 17:49:46.011479
183832.28,183832.28,180091.41,180091.41,1509008400,0.0,0.0,1,JordanManual,CCCAGG,CHAO,2017-12-30 17:49:46.011479
185893.29,186157.74,184857.45,186157.74,1509019200,0.0,0.0,1,JordanManual,CCCAGG,CHAO,2017-12-30 17:49:46.011479
186711.1,186711.1,186099.7,186218.28,1509030000,0.0,0.0,1,JordanManual,CCCAGG,CHAO,2017-12-30 17:49:46.011479
183272.64,184721.93,183272.64,184144.41,1509040800,0.0,0.0,1,JordanManual,CCCAGG,CHAO,2017-12-30 17:49:46.011479
184694.33,184694.33,182719.27,182719.27,1509051600,0.0,0.0,1,JordanManual,CCCAGG,CHAO,2017-12-30 17:49:46.011479
186022.22,188135.61,186022.22,188135.61,1509062400,0.0,0.0,1,JordanManual,CCCAGG,CHAO,2017-12-30 17:49:46.011479
182820.28,185856.9,182820.28,185856.9,1509073200,0.0,0.0,1,JordanManual,CCCAGG,CHAO,2017-12-30 17:49:46.011479
184460.93,184565.4,183197.98,183197.98,1509084000,0.0,0.0,1,JordanManual,CCCAGG,CHAO,2017-12-30 17:49:46.011479
182996.9,185042.22,182804.91,185042.22,1509094800,0.0,0.0,1,JordanManual,CCCAGG,CHAO,2017-12-30 17:49:46.011479
180450.28,181435.3,180250.14,181435.3,1509105600,0.0,0.0,1,JordanManual,CCCAGG,CHAO,2017-12-30 17:49:46.011479
179639.05,180915.81,179639.05,180461.57,1509116400,0.0,0.0,1,JordanManual,CCCAGG,CHAO,2017-12-30 17:49:46.011479
180336.41,180336.41,179461.81,179461.81,1509127200,0.0,0.0,1,JordanManual,CCCAGG,CHAO,2017-12-30 17:49:46.011479
180834.25,181287.54,180314.13,180314.13,1509138000,0.0,0.0,1,JordanManual,CCCAGG,CHAO,2017-12-30 17:49:46.011479
180529.33,183208.64,180529.33,183208.64,1509148800,0.0,0.0,1,JordanManual,CCCAGG,CHAO,2017-12-30 17:49:46.011479
181462.9,181462.9,179699.91,179699.91,1509159600,0.0,0.0,1,JordanManual,CCCAGG,CHAO,2017-12-30 17:49:46.011479
180966.94,181609.09,180966.94,181609.09,1509170400,0.0,0.0,1,JordanManual,CCCAGG,CHAO,2017-12-30 17:49:46.011479
178429.11,179999.49,178429.11,179999.49,1509181200,0.0,0.0,1,JordanManual,CCCAGG,CHAO,2017-12-30 17:49:46.011479
178517.89,179484.71,178517.89,178702.97,1509192000,0.0,0.0,1,JordanManual,CCCAGG,CHAO,2017-12-30 17:49:46.011479
179547.76,179547.76,178574.67,178574.67,1509202800,0.0,0.0,1,JordanManual,CCCAGG,CHAO,2017-12-30 17:49:46.011479
179773.94,181266.21,179773.94,180056.9,1509213600,0.0,0.0,1,JordanManual,CCCAGG,CHAO,2017-12-30 17:49:46.011479
179643.76,180354.6,179643.76,179703.05,1509224400,0.0,0.0,1,JordanManual,CCCAGG,CHAO,2017-12-30 17:49:46.011479
178890.25,179050.86,178715.83,179050.86,1509235200,0.0,0.0,1,JordanManual,CCCAGG,CHAO,2017-12-30 17:49:46.011479
180782.8,180782.8,179687.99,179687.99,1509246000,0.0,0.0,1,JordanManual,CCCAGG,CHAO,2017-12-30 17:49:46.011479
182083.71,182097.83,181142.93,181142.93,1509256800,0.0,0.0,1,JordanManual,CCCAGG,CHAO,2017-12-30 17:49:46.011479
182016.9,182016.9,181133.2,181133.2,1509267600,0.0,0.0,1,JordanManual,CCCAGG,CHAO,2017-12-30 17:49:46.011479
181973.61,181973.61,181315.46,181315.46,1509278400,0.0,0.0,1,JordanManual,CCCAGG,CHAO,2017-12-30 17:49:46.011479
186669.38,187562.8,186669.38,187562.8,1509289200,0.0,0.0,1,JordanManual,CCCAGG,CHAO,2017-12-30 17:49:46.011479
194313.62,194313.62,187329.09,187329.09,1509300000,0.0,0.0,1,JordanManual,CCCAGG,CHAO,2017-12-30 17:49:46.011479
192847.7,194326.8,192847.7,194326.8,1509310800,0.0,0.0,1,JordanManual,CCCAGG,CHAO,2017-12-30 17:49:46.011479
192081.96,192687.4,192081.96,192216.22,1509321600,0.0,0.0,1,JordanManual,CCCAGG,CHAO,2017-12-30 17:49:46.011479
192157.25,193209.4,192157.25,193184.93,1509332400,0.0,0.0,1,JordanManual,CCCAGG,CHAO,2017-12-30 17:49:46.011479
192683.95,192752.65,192553.77,192553.77,1509343200,0.0,0.0,1,JordanManual,CCCAGG,CHAO,2017-12-30 17:49:46.011479
193458.48,194551.41,193445.61,193445.61,1509354000,0.0,0.0,1,JordanManual,CCCAGG,CHAO,2017-12-30 17:49:46.011479
190604.12,192909.82,190604.12,192800.33,1509364800,0.0,0.0,1,JordanManual,CCCAGG,CHAO,2017-12-30 17:49:46.011479
191231.21,191231.21,190566.79,190800.81,1509375600,0.0,0.0,1,JordanManual,CCCAGG,CHAO,2017-12-30 17:49:46.011479
191470.87,191811.87,190702.31,191811.87,1509386400,0.0,0.0,1,JordanManual,CCCAGG,CHAO,2017-12-30 17:49:46.011479
192118.66,192118.66,191004.09,191004.09,1509397200,0.0,0.0,1,JordanManual,CCCAGG,CHAO,2017-12-30 17:49:46.011479
192240.69,192651.01,192240.69,192511.42,1509408000,0.0,0.0,1,JordanManual,CCCAGG,CHAO,2017-12-30 17:49:46.011479
193279.35,193279.35,192371.19,192371.19,1509418800,0.0,0.0,1,JordanManual,CCCAGG,CHAO,2017-12-30 17:49:46.011479
192261.08,192261.08,191347.28,191718.07,1509429600,0.0,0.0,1,JordanManual,CCCAGG,CHAO,2017-12-30 17:49:46.011479
195506.62,195506.62,193620.35,193629.13,1509440400,0.0,0.0,1,JordanManual,CCCAGG,CHAO,2017-12-30 17:49:46.011479
199665.03,199665.03,194453.85,194453.85,1509451200,0.0,0.0,1,JordanManual,CCCAGG,CHAO,2017-12-30 17:49:46.011479
199536.73,199655.62,199536.73,199655.62,1509462000,0.0,0.0,1,JordanManual,CCCAGG,CHAO,2017-12-30 17:49:46.011479
199780.79,199780.79,198707.62,198707.62,1509472800,0.0,0.0,1,JordanManual,CCCAGG,CHAO,2017-12-30 17:49:46.011479
202375.4,202375.4,200346.7,200647.23,1509483600,0.0,0.0,1,JordanManual,CCCAGG,CHAO,2017-12-30 17:49:46.011479
201486.06,201486.06,200087.27,200087.27,1509494400,0.0,0.0,1,JordanManual,CCCAGG,CHAO,2017-12-30 17:49:46.011479
200820.39,201500.49,199736.24,201500.49,1509505200,0.0,0.0,1,JordanManual,CCCAGG,CHAO,2017-12-30 17:49:46.011479
202047.27,202047.27,200591.7,200735.38,1509516000,0.0,0.0,1,JordanManual,CCCAGG,CHAO,2017-12-30 17:49:46.011479
205884.13,206430.6,205108.67,205108.67,1509526800,0.0,0.0,1,JordanManual,CCCAGG,CHAO,2017-12-30 17:49:46.011479
205407.62,205407.62,203404.65,204047.42,1509537600,0.0,0.0,1,JordanManual,CCCAGG,CHAO,2017-12-30 17:49:46.011479
207027.26,207027.26,205668.62,205668.62,1509548400,0.0,0.0,1,JordanManual,CCCAGG,CHAO,2017-12-30 17:49:46.011479
205930.87,207337.82,205930.87,206459.15,1509559200,0.0,0.0,1,JordanManual,CCCAGG,CHAO,2017-12-30 17:49:46.011479
211364.16,211364.16,206492.71,206492.71,1509570000,0.0,0.0,1,JordanManual,CCCAGG,CHAO,2017-12-30 17:49:46.011479
213624.99,213865.29,213562.25,213562.25,1509580800,0.0,0.0,1,JordanManual,CCCAGG,CHAO,2017-12-30 17:49:46.011479
214938.46,215409.01,214786.31,215409.01,1509591600,0.0,0.0,1,JordanManual,CCCAGG,CHAO,2017-12-30 17:49:46.011479
218657.68,218657.68,217372.45,218306.03,1509602400,0.0,0.0,1,JordanManual,CCCAGG,CHAO,2017-12-30 17:49:46.011479
218228.23,224906.59,218228.23,219036.32,1509613200,0.0,0.0,1,JordanManual,CCCAGG,CHAO,2017-12-30 17:49:46.011479
219243.05,222854.99,218343.36,218343.36,1509624000,0.0,0.0,1,JordanManual,CCCAGG,CHAO,2017-12-30 17:49:46.011479
219067.06,221804.09,218177.41,221804.09,1509634800,0.0,0.0,1,JordanManual,CCCAGG,CHAO,2017-12-30 17:49:46.011479
221020.16,221020.16,215358.19,215358.19,1509645600,0.0,0.0,1,JordanManual,CCCAGG,CHAO,2017-12-30 17:49:46.011479
220368.29,222080.15,220167.52,222080.15,1509656400,0.0,0.0,1,JordanManual,CCCAGG,CHAO,2017-12-30 17:49:46.011479
220829.43,220829.43,219133.88,219133.88,1509667200,0.0,0.0,1,JordanManual,CCCAGG,CHAO,2017-12-30 17:49:46.011479
226680.56,226680.56,225566.61,225566.61,1509678000,0.0,0.0,1,JordanManual,CCCAGG,CHAO,2017-12-30 17:49:46.011479
231761.56,231761.56,225854.59,225854.59,1509688800,0.0,0.0,1,JordanManual,CCCAGG,CHAO,2017-12-30 17:49:46.011479
229047.74,232130.78,229047.74,231245.84,1509699600,0.0,0.0,1,JordanManual,CCCAGG,CHAO,2017-12-30 17:49:46.011479
228242.47,229188.91,226796.32,229188.91,1509710400,0.0,0.0,1,JordanManual,CCCAGG,CHAO,2017-12-30 17:49:46.011479
228260.98,230146.01,228260.98,230146.01,1509721200,0.0,0.0,1,JordanManual,CCCAGG,CHAO,2017-12-30 17:49:46.011479
226573.59,229910.42,226573.59,229910.42,1509732000,0.0,0.0,1,JordanManual,CCCAGG,CHAO,2017-12-30 17:49:46.011479
224362.0,224835.69,223691.94,223691.94,1509742800,0.0,0.0,1,JordanManual,CCCAGG,CHAO,2017-12-30 17:49:46.011479
223467.33,223467.33,222257.7,222257.7,1509753600,0.0,0.0,1,JordanManual,CCCAGG,CHAO,2017-12-30 17:49:46.011479
224577.83,226622.21,224577.83,225975.99,1509764400,0.0,0.0,1,JordanManual,CCCAGG,CHAO,2017-12-30 17:49:46.011479
224355.42,225994.81,223510.31,223510.31,1509775200,0.0,0.0,1,JordanManual,CCCAGG,CHAO,2017-12-30 17:49:46.011479
222918.98,223590.3,222918.98,223590.3,1509786000,0.0,0.0,1,JordanManual,CCCAGG,CHAO,2017-12-30 17:49:46.011479
229474.06,229474.06,225349.22,225349.22,1509796800,0.0,0.0,1,JordanManual,CCCAGG,CHAO,2017-12-30 17:49:46.011479
230063.82,230447.78,229929.87,229929.87,1509807600,0.0,0.0,1,JordanManual,CCCAGG,CHAO,2017-12-30 17:49:46.011479
233544.32,233544.32,229927.36,229927.36,1509818400,0.0,0.0,1,JordanManual,CCCAGG,CHAO,2017-12-30 17:49:46.011479
231002.41,233421.03,231002.41,233421.03,1509829200,0.0,0.0,1,JordanManual,CCCAGG,CHAO,2017-12-30 17:49:46.011479
231035.34,231736.46,230052.84,230052.84,1509840000,0.0,0.0,1,JordanManual,CCCAGG,CHAO,2017-12-30 17:49:46.011479
233618.04,233618.04,231962.01,231962.01,1509850800,0.0,0.0,1,JordanManual,CCCAGG,CHAO,2017-12-30 17:49:46.011479
233308.1,234259.87,232998.17,234259.87,1509861600,0.0,0.0,1,JordanManual,CCCAGG,CHAO,2017-12-30 17:49:46.011479
237021.68,237021.68,232972.13,232972.13,1509872400,0.0,0.0,1,JordanManual,CCCAGG,CHAO,2017-12-30 17:49:46.011479
236675.36,237668.22,236675.36,236735.27,1509883200,0.0,0.0,1,JordanManual,CCCAGG,CHAO,2017-12-30 17:49:46.011479
235613.17,236044.19,235588.7,236044.19,1509894000,0.0,0.0,1,JordanManual,CCCAGG,CHAO,2017-12-30 17:49:46.011479
236323.7,237555.91,236315.86,236315.86,1509904800,0.0,0.0,1,JordanManual,CCCAGG,CHAO,2017-12-30 17:49:46.011479
231810.18,231810.18,230505.19,230630.36,1509915600,0.0,0.0,1,JordanManual,CCCAGG,CHAO,2017-12-30 17:49:46.011479
229852.38,230781.87,229852.38,230391.95,1509926400,0.0,0.0,1,JordanManual,CCCAGG,CHAO,2017-12-30 17:49:46.011479
229502.92,229502.92,225045.56,226584.88,1509937200,0.0,0.0,1,JordanManual,CCCAGG,CHAO,2017-12-30 17:49:46.011479
230654.2,230654.2,229016.37,229409.12,1509948000,0.0,0.0,1,JordanManual,CCCAGG,CHAO,2017-12-30 17:49:46.011479
230142.24,230142.24,229408.81,229558.44,1509958800,0.0,0.0,1,JordanManual,CCCAGG,CHAO,2017-12-30 17:49:46.011479
228694.83,232722.42,228694.83,232722.42,1509969600,0.0,0.0,1,JordanManual,CCCAGG,CHAO,2017-12-30 17:49:46.011479
223274.09,227877.01,223274.09,227877.01,1509980400,0.0,0.0,1,JordanManual,CCCAGG,CHAO,2017-12-30 17:49:46.011479
222961.65,222961.65,219810.53,219810.53,1509991200,0.0,0.0,1,JordanManual,CCCAGG,CHAO,2017-12-30 17:49:46.011479
218311.05,223539.48,218311.05,223539.48,1510002000,0.0,0.0,1,JordanManual,CCCAGG,CHAO,2017-12-30 17:49:46.011479
222108.38,222108.38,221514.24,221619.95,1510012800,0.0,0.0,1,JordanManual,CCCAGG,CHAO,2017-12-30 17:49:46.011479
223614.46,225848.32,223571.79,223571.79,1510023600,0.0,0.0,1,JordanManual,CCCAGG,CHAO,2017-12-30 17:49:46.011479
225597.98,225597.98,224988.78,225523.32,1510034400,0.0,0.0,1,JordanManual,CCCAGG,CHAO,2017-12-30 17:49:46.011479
225395.33,225395.33,223968.62,223968.62,1510045200,0.0,0.0,1,JordanManual,CCCAGG,CHAO,2017-12-30 17:49:46.011479
219708.89,225561.59,219708.89,225561.59,1510056000,0.0,0.0,1,JordanManual,CCCAGG,CHAO,2017-12-30 17:49:46.011479
222483.26,222483.26,219200.38,221130.58,1510066800,0.0,0.0,1,JordanManual,CCCAGG,CHAO,2017-12-30 17:49:46.011479
220180.07,222641.05,220180.07,222641.05,1510077600,0.0,0.0,1,JordanManual,CCCAGG,CHAO,2017-12-30 17:49:46.011479
222813.27,222813.27,221714.06,221714.06,1510088400,0.0,0.0,1,JordanManual,CCCAGG,CHAO,2017-12-30 17:49:46.011479
229326.93,229326.93,222293.78,222293.78,1510099200,0.0,0.0,1,JordanManual,CCCAGG,CHAO,2017-12-30 17:49:46.011479
231941.94,231941.94,230479.47,230479.47,1510110000,0.0,0.0,1,JordanManual,CCCAGG,CHAO,2017-12-30 17:49:46.011479
231466.37,232258.46,230529.35,232258.46,1510120800,0.0,0.0,1,JordanManual,CCCAGG,CHAO,2017-12-30 17:49:46.011479
233597.65,233597.65,230742.35,230946.25,1510131600,0.0,0.0,1,JordanManual,CCCAGG,CHAO,2017-12-30 17:49:46.011479
235406.75,235406.75,234302.53,234302.53,1510142400,0.0,0.0,1,JordanManual,CCCAGG,CHAO,2017-12-30 17:49:46.011479
242140.01,242140.01,234631.92,235164.26,1510153200,0.0,0.0,1,JordanManual,CCCAGG,CHAO,2017-12-30 17:49:46.011479
227445.36,229390.62,226220.68,229390.62,1510164000,0.0,0.0,1,JordanManual,CCCAGG,CHAO,2017-12-30 17:49:46.011479
233529.57,233529.57,227150.8,227150.8,1510174800,0.0,0.0,1,JordanManual,CCCAGG,CHAO,2017-12-30 17:49:46.011479
231495.54,232004.68,230726.98,230726.98,1510185600,0.0,0.0,1,JordanManual,CCCAGG,CHAO,2017-12-30 17:49:46.011479
231769.09,231769.09,229992.29,229992.29,1510196400,0.0,0.0,1,JordanManual,CCCAGG,CHAO,2017-12-30 17:49:46.011479
226956.3,231159.26,226956.3,231159.26,1510207200,0.0,0.0,1,JordanManual,CCCAGG,CHAO,2017-12-30 17:49:46.011479
223172.77,227047.9,223172.77,227047.9,1510218000,0.0,0.0,1,JordanManual,CCCAGG,CHAO,2017-12-30 17:49:46.011479
226445.91,226445.91,223492.74,225055.91,1510228800,0.0,0.0,1,JordanManual,CCCAGG,CHAO,2017-12-30 17:49:46.011479
225171.35,225171.35,224474.94,224864.55,1510239600,0.0,0.0,1,JordanManual,CCCAGG,CHAO,2017-12-30 17:49:46.011479
224418.16,225771.77,224418.16,225771.77,1510250400,0.0,0.0,1,JordanManual,CCCAGG,CHAO,2017-12-30 17:49:46.011479
223655.24,223655.24,223032.23,223032.23,1510261200,0.0,0.0,1,JordanManual,CCCAGG,CHAO,2017-12-30 17:49:46.011479
226921.17,229569.74,226921.17,229569.74,1510272000,0.0,0.0,1,JordanManual,CCCAGG,CHAO,2017-12-30 17:49:46.011479
225709.35,228307.72,225709.35,227081.16,1510282800,0.0,0.0,1,JordanManual,CCCAGG,CHAO,2017-12-30 17:49:46.011479
225065.32,226247.03,224258.48,226247.03,1510293600,0.0,0.0,1,JordanManual,CCCAGG,CHAO,2017-12-30 17:49:46.011479
215472.06,222575.8,215472.06,222414.55,1510304400,0.0,0.0,1,JordanManual,CCCAGG,CHAO,2017-12-30 17:49:46.011479
211717.07,214186.83,211036.03,211036.03,1510315200,0.0,0.0,1,JordanManual,CCCAGG,CHAO,2017-12-30 17:49:46.011479
212209.27,215485.55,212209.27,214290.35,1510326000,0.0,0.0,1,JordanManual,CCCAGG,CHAO,2017-12-30 17:49:46.011479
201708.16,206497.42,201708.16,203335.32,1510336800,0.0,0.0,1,JordanManual,CCCAGG,CHAO,2017-12-30 17:49:46.011479
205969.15,210048.81,205969.15,206199.72,1510347600,0.0,0.0,1,JordanManual,CCCAGG,CHAO,2017-12-30 17:49:46.011479
212493.48,213915.48,210958.86,210958.86,1510358400,0.0,0.0,1,JordanManual,CCCAGG,CHAO,2017-12-30 17:49:46.011479
209016.74,213025.2,209016.74,212072.18,1510369200,0.0,0.0,1,JordanManual,CCCAGG,CHAO,2017-12-30 17:49:46.011479
211251.54,211251.54,208209.28,210672.76,1510380000,0.0,0.0,1,JordanManual,CCCAGG,CHAO,2017-12-30 17:49:46.011479
203292.66,209463.76,203292.66,209463.76,1510390800,0.0,0.0,1,JordanManual,CCCAGG,CHAO,2017-12-30 17:49:46.011479
201022.72,202812.07,199077.78,199077.78,1510401600,0.0,0.0,1,JordanManual,CCCAGG,CHAO,2017-12-30 17:49:46.011479
199616.09,200824.47,198873.25,198873.25,1510412400,0.0,0.0,1,JordanManual,CCCAGG,CHAO,2017-12-30 17:49:46.011479
201953.79,201953.79,195640.57,195640.57,1510423200,0.0,0.0,1,JordanManual,CCCAGG,CHAO,2017-12-30 17:49:46.011479
198881.41,203298.93,198350.63,203298.93,1510434000,0.0,0.0,1,JordanManual,CCCAGG,CHAO,2017-12-30 17:49:46.011479
194019.37,195738.76,194019.37,195738.76,1510444800,0.0,0.0,1,JordanManual,CCCAGG,CHAO,2017-12-30 17:49:46.011479
183048.34,190367.9,183048.34,190367.9,1510455600,0.0,0.0,1,JordanManual,CCCAGG,CHAO,2017-12-30 17:49:46.011479
193722.61,193722.61,176195.88,176195.88,1510466400,0.0,0.0,1,JordanManual,CCCAGG,CHAO,2017-12-30 17:49:46.011479
200142.8,200142.8,195101.32,195101.32,1510477200,0.0,0.0,1,JordanManual,CCCAGG,CHAO,2017-12-30 17:49:46.011479
191378.02,194324.6,191378.02,194324.6,1510488000,0.0,0.0,1,JordanManual,CCCAGG,CHAO,2017-12-30 17:49:46.011479
190803.32,196061.87,190803.32,196061.87,1510498800,0.0,0.0,1,JordanManual,CCCAGG,CHAO,2017-12-30 17:49:46.011479
186830.0,194193.16,186830.0,194193.16,1510509600,0.0,0.0,1,JordanManual,CCCAGG,CHAO,2017-12-30 17:49:46.011479
184396.94,185439.36,178800.84,185439.36,1510520400,0.0,0.0,1,JordanManual,CCCAGG,CHAO,2017-12-30 17:49:46.011479
186438.81,189315.75,184140.96,189315.75,1510531200,0.0,0.0,1,JordanManual,CCCAGG,CHAO,2017-12-30 17:49:46.011479
196165.71,196165.71,187928.89,187928.89,1510542000,0.0,0.0,1,JordanManual,CCCAGG,CHAO,2017-12-30 17:49:46.011479
196195.51,197550.38,196195.51,197550.38,1510552800,0.0,0.0,1,JordanManual,CCCAGG,CHAO,2017-12-30 17:49:46.011479
204119.88,204119.88,200333.53,200333.53,1510563600,0.0,0.0,1,JordanManual,CCCAGG,CHAO,2017-12-30 17:49:46.011479
203683.53,208853.62,203683.53,208853.62,1510574400,0.0,0.0,1,JordanManual,CCCAGG,CHAO,2017-12-30 17:49:46.011479
201996.45,208741.31,200385.29,208741.31,1510585200,0.0,0.0,1,JordanManual,CCCAGG,CHAO,2017-12-30 17:49:46.011479
200624.33,201152.28,198581.82,198581.82,1510596000,0.0,0.0,1,JordanManual,CCCAGG,CHAO,2017-12-30 17:49:46.011479
204609.26,204609.26,202339.64,202960.45,1510606800,0.0,0.0,1,JordanManual,CCCAGG,CHAO,2017-12-30 17:49:46.011479
208558.11,208558.11,207950.16,208320.01,1510617600,0.0,0.0,1,JordanManual,CCCAGG,CHAO,2017-12-30 17:49:46.011479
205915.82,209345.81,205915.82,209345.81,1510628400,0.0,0.0,1,JordanManual,CCCAGG,CHAO,2017-12-30 17:49:46.011479
203667.53,206741.16,203667.53,206685.01,1510639200,0.0,0.0,1,JordanManual,CCCAGG,CHAO,2017-12-30 17:49:46.011479
203537.34,206947.89,203537.34,205859.04,1510650000,0.0,0.0,1,JordanManual,CCCAGG,CHAO,2017-12-30 17:49:46.011479
205444.01,205444.01,203030.4,203921.94,1510660800,0.0,0.0,1,JordanManual,CCCAGG,CHAO,2017-12-30 17:49:46.011479
205191.17,205827.67,204813.48,204813.48,1510671600,0.0,0.0,1,JordanManual,CCCAGG,CHAO,2017-12-30 17:49:46.011479
207751.9,207751.9,204597.96,204597.96,1510682400,0.0,0.0,1,JordanManual,CCCAGG,CHAO,2017-12-30 17:49:46.011479
206949.77,206949.77,206220.73,206902.72,1510693200,0.0,0.0,1,JordanManual,CCCAGG,CHAO,2017-12-30 17:49:46.011479
216093.81,216093.81,211337.81,211337.81,1510704000,0.0,0.0,1,JordanManual,CCCAGG,CHAO,2017-12-30 17:49:46.011479
214148.56,215307.68,214148.56,215307.68,1510714800,0.0,0.0,1,JordanManual,CCCAGG,CHAO,2017-12-30 17:49:46.011479
217147.53,217147.53,215154.91,215154.91,1510725600,0.0,0.0,1,JordanManual,CCCAGG,CHAO,2017-12-30 17:49:46.011479
221397.23,221397.23,216254.11,216254.11,1510736400,0.0,0.0,1,JordanManual,CCCAGG,CHAO,2017-12-30 17:49:46.011479
224280.76,226023.99,223621.36,226023.99,1510747200,0.0,0.0,1,JordanManual,CCCAGG,CHAO,2017-12-30 17:49:46.011479
225368.67,227436.89,224721.82,227436.89,1510758000,0.0,0.0,1,JordanManual,CCCAGG,CHAO,2017-12-30 17:49:46.011479
227764.08,227764.08,223652.42,223652.42,1510768800,0.0,0.0,1,JordanManual,CCCAGG,CHAO,2017-12-30 17:49:46.011479
228474.61,229076.92,227538.53,229076.92,1510779600,0.0,0.0,1,JordanManual,CCCAGG,CHAO,2017-12-30 17:49:46.011479
225444.27,226768.71,224909.41,226768.71,1510790400,0.0,0.0,1,JordanManual,CCCAGG,CHAO,2017-12-30 17:49:46.011479
226772.79,227716.71,226772.79,227716.71,1510801200,0.0,0.0,1,JordanManual,CCCAGG,CHAO,2017-12-30 17:49:46.011479
232623.61,232623.61,228673.18,228673.18,1510812000,0.0,0.0,1,JordanManual,CCCAGG,CHAO,2017-12-30 17:49:46.011479
232840.06,234982.0,232840.06,234348.96,1510822800,0.0,0.0,1,JordanManual,CCCAGG,CHAO,2017-12-30 17:49:46.011479
235309.19,235309.19,232351.32,233262.61,1510833600,0.0,0.0,1,JordanManual,CCCAGG,CHAO,2017-12-30 17:49:46.011479
240929.13,240929.13,234190.54,234321.35,1510844400,0.0,0.0,1,JordanManual,CCCAGG,CHAO,2017-12-30 17:49:46.011479
243405.16,244823.71,243405.16,244823.71,1510855200,0.0,0.0,1,JordanManual,CCCAGG,CHAO,2017-12-30 17:49:46.011479
246369.94,247441.85,244148.63,247441.85,1510866000,0.0,0.0,1,JordanManual,CCCAGG,CHAO,2017-12-30 17:49:46.011479
248035.06,248642.38,247511.81,248642.38,1510876800,0.0,0.0,1,JordanManual,CCCAGG,CHAO,2017-12-30 17:49:46.011479
248736.18,248742.77,247817.98,248742.77,1510887600,0.0,0.0,1,JordanManual,CCCAGG,CHAO,2017-12-30 17:49:46.011479
243045.35,246732.58,236387.38,246732.58,1510898400,0.0,0.0,1,JordanManual,CCCAGG,CHAO,2017-12-30 17:49:46.011479
245437.94,247288.46,244400.53,244400.53,1510909200,0.0,0.0,1,JordanManual,CCCAGG,CHAO,2017-12-30 17:49:46.011479
247988.95,247988.95,243065.43,243065.43,1510920000,0.0,0.0,1,JordanManual,CCCAGG,CHAO,2017-12-30 17:49:46.011479
245574.71,249789.27,245574.71,249789.27,1510930800,0.0,0.0,1,JordanManual,CCCAGG,CHAO,2017-12-30 17:49:46.011479
241864.58,245898.14,241864.58,245898.14,1510941600,0.0,0.0,1,JordanManual,CCCAGG,CHAO,2017-12-30 17:49:46.011479
241547.43,243874.77,241547.43,241851.72,1510952400,0.0,0.0,1,JordanManual,CCCAGG,CHAO,2017-12-30 17:49:46.011479
234550.35,238778.09,234550.35,238778.09,1510963200,0.0,0.0,1,JordanManual,CCCAGG,CHAO,2017-12-30 17:49:46.011479
241629.93,242239.14,238393.81,238393.81,1510974000,0.0,0.0,1,JordanManual,CCCAGG,CHAO,2017-12-30 17:49:46.011479
243697.85,243697.85,238669.23,238669.23,1510984800,0.0,0.0,1,JordanManual,CCCAGG,CHAO,2017-12-30 17:49:46.011479
244424.69,244424.69,242673.93,243965.74,1510995600,0.0,0.0,1,JordanManual,CCCAGG,CHAO,2017-12-30 17:49:46.011479
241878.39,242080.41,240196.95,242080.41,1511006400,0.0,0.0,1,JordanManual,CCCAGG,CHAO,2017-12-30 17:49:46.011479
242681.77,242681.77,239957.6,241029.83,1511017200,0.0,0.0,1,JordanManual,CCCAGG,CHAO,2017-12-30 17:49:46.011479
243083.93,243429.32,242736.04,243429.32,1511028000,0.0,0.0,1,JordanManual,CCCAGG,CHAO,2017-12-30 17:49:46.011479
244087.15,245919.78,244087.15,245919.78,1511038800,0.0,0.0,1,JordanManual,CCCAGG,CHAO,2017-12-30 17:49:46.011479
244600.36,245290.81,243231.06,243231.06,1511049600,0.0,0.0,1,JordanManual,CCCAGG,CHAO,2017-12-30 17:49:46.011479
243496.14,244319.28,243496.14,244319.28,1511060400,0.0,0.0,1,JordanManual,CCCAGG,CHAO,2017-12-30 17:49:46.011479
242584.84,243252.39,242288.08,243252.39,1511071200,0.0,0.0,1,JordanManual,CCCAGG,CHAO,2017-12-30 17:49:46.011479
243090.21,243889.52,243090.21,243869.44,1511082000,0.0,0.0,1,JordanManual,CCCAGG,CHAO,2017-12-30 17:49:46.011479
244304.23,244482.1,242332.62,242332.62,1511092800,0.0,0.0,1,JordanManual,CCCAGG,CHAO,2017-12-30 17:49:46.011479
249956.47,249956.47,243376.3,243376.3,1511103600,0.0,0.0,1,JordanManual,CCCAGG,CHAO,2017-12-30 17:49:46.011479
252108.77,252108.77,250823.85,250823.85,1511114400,0.0,0.0,1,JordanManual,CCCAGG,CHAO,2017-12-30 17:49:46.011479
252297.62,252297.62,251674.29,251972.94,1511125200,0.0,0.0,1,JordanManual,CCCAGG,CHAO,2017-12-30 17:49:46.011479
250315.66,252220.45,250315.66,252220.45,1511136000,0.0,0.0,1,JordanManual,CCCAGG,CHAO,2017-12-30 17:49:46.011479
251024.62,251284.05,249845.74,249845.74,1511146800,0.0,0.0,1,JordanManual,CCCAGG,CHAO,2017-12-30 17:49:46.011479
252612.57,252612.57,251481.68,251809.81,1511157600,0.0,0.0,1,JordanManual,CCCAGG,CHAO,2017-12-30 17:49:46.011479
252813.65,252813.65,251891.06,251891.06,1511168400,0.0,0.0,1,JordanManual,CCCAGG,CHAO,2017-12-30 17:49:46.011479
258823.83,258823.83,255363.09,255363.09,1511179200,0.0,0.0,1,JordanManual,CCCAGG,CHAO,2017-12-30 17:49:46.011479
258891.59,258891.59,257509.74,257509.74,1511190000,0.0,0.0,1,JordanManual,CCCAGG,CHAO,2017-12-30 17:49:46.011479
258617.73,258617.73,257573.42,257573.42,1511200800,0.0,0.0,1,JordanManual,CCCAGG,CHAO,2017-12-30 17:49:46.011479
258635.93,259465.35,258635.93,259317.6,1511211600,0.0,0.0,1,JordanManual,CCCAGG,CHAO,2017-12-30 17:49:46.011479
253948.62,259146.94,253948.62,258853.32,1511222400,0.0,0.0,1,JordanManual,CCCAGG,CHAO,2017-12-30 17:49:46.011479
253667.86,253667.86,246528.05,247700.97,1511233200,0.0,0.0,1,JordanManual,CCCAGG,CHAO,2017-12-30 17:49:46.011479
257025.08,257025.08,252847.85,252847.85,1511244000,0.0,0.0,1,JordanManual,CCCAGG,CHAO,2017-12-30 17:49:46.011479
257388.34,257664.71,256820.23,257664.71,1511254800,0.0,0.0,1,JordanManual,CCCAGG,CHAO,2017-12-30 17:49:46.011479
261574.04,261574.04,257564.64,257564.64,1511265600,0.0,0.0,1,JordanManual,CCCAGG,CHAO,2017-12-30 17:49:46.011479
260124.75,261906.25,259651.06,261906.25,1511276400,0.0,0.0,1,JordanManual,CCCAGG,CHAO,2017-12-30 17:49:46.011479
257207.02,259006.41,255033.39,259006.41,1511287200,0.0,0.0,1,JordanManual,CCCAGG,CHAO,2017-12-30 17:49:46.011479
254096.06,255631.62,250918.59,255631.62,1511298000,0.0,0.0,1,JordanManual,CCCAGG,CHAO,2017-12-30 17:49:46.011479
256594.37,256594.37,255627.23,255627.23,1511308800,0.0,0.0,1,JordanManual,CCCAGG,CHAO,2017-12-30 17:49:46.011479
255944.38,256529.12,255944.38,256414.93,1511319600,0.0,0.0,1,JordanManual,CCCAGG,CHAO,2017-12-30 17:49:46.011479
259703.13,259703.13,256879.52,256879.52,1511330400,0.0,0.0,1,JordanManual,CCCAGG,CHAO,2017-12-30 17:49:46.011479
259644.78,260368.18,259221.29,259221.29,1511341200,0.0,0.0,1,JordanManual,CCCAGG,CHAO,2017-12-30 17:49:46.011479
258164.12,258494.13,256842.5,258494.13,1511352000,0.0,0.0,1,JordanManual,CCCAGG,CHAO,2017-12-30 17:49:46.011479
255693.42,258279.88,255693.42,258279.88,1511362800,0.0,0.0,1,JordanManual,CCCAGG,CHAO,2017-12-30 17:49:46.011479
257222.08,257222.08,255895.76,255895.76,1511373600,0.0,0.0,1,JordanManual,CCCAGG,CHAO,2017-12-30 17:49:46.011479
258317.83,259166.08,257289.52,257289.52,1511384400,0.0,0.0,1,JordanManual,CCCAGG,CHAO,2017-12-30 17:49:46.011479
258108.91,258108.91,256866.66,257985.31,1511395200,0.0,0.0,1,JordanManual,CCCAGG,CHAO,2017-12-30 17:49:46.011479
258587.62,258587.62,257439.79,257439.79,1511406000,0.0,0.0,1,JordanManual,CCCAGG,CHAO,2017-12-30 17:49:46.011479
256201.3,258627.77,255441.2,258627.77,1511416800,0.0,0.0,1,JordanManual,CCCAGG,CHAO,2017-12-30 17:49:46.011479
255346.15,256292.9,254465.6,256292.9,1511427600,0.0,0.0,1,JordanManual,CCCAGG,CHAO,2017-12-30 17:49:46.011479
256865.72,257289.21,256357.52,256357.52,1511438400,0.0,0.0,1,JordanManual,CCCAGG,CHAO,2017-12-30 17:49:46.011479
255769.33,256378.85,255769.33,256378.85,1511449200,0.0,0.0,1,JordanManual,CCCAGG,CHAO,2017-12-30 17:49:46.011479
256663.69,256663.69,255248.59,255248.59,1511460000,0.0,0.0,1,JordanManual,CCCAGG,CHAO,2017-12-30 17:49:46.011479
251380.67,256281.92,251380.67,256281.92,1511470800,0.0,0.0,1,JordanManual,CCCAGG,CHAO,2017-12-30 17:49:46.011479
253166.57,253166.57,249365.78,250795.93,1511481600,0.0,0.0,1,JordanManual,CCCAGG,CHAO,2017-12-30 17:49:46.011479
254311.57,254311.57,253192.92,253689.19,1511492400,0.0,0.0,1,JordanManual,CCCAGG,CHAO,2017-12-30 17:49:46.011479
258540.87,258886.57,256633.89,256633.89,1511503200,0.0,0.0,1,JordanManual,CCCAGG,CHAO,2017-12-30 17:49:46.011479
258515.46,258515.46,256624.79,257462.06,1511514000,0.0,0.0,1,JordanManual,CCCAGG,CHAO,2017-12-30 17:49:46.011479
256632.95,257318.7,256632.95,256907.75,1511524800,0.0,0.0,1,JordanManual,CCCAGG,CHAO,2017-12-30 17:49:46.011479
257783.92,257783.92,256376.97,256376.97,1511535600,0.0,0.0,1,JordanManual,CCCAGG,CHAO,2017-12-30 17:49:46.011479
257636.79,258572.56,257636.79,258572.56,1511546400,0.0,0.0,1,JordanManual,CCCAGG,CHAO,2017-12-30 17:49:46.011479
257259.1,258843.28,257259.1,258843.28,1511557200,0.0,0.0,1,JordanManual,CCCAGG,CHAO,2017-12-30 17:49:46.011479
256934.73,256934.73,256304.82,256792.31,1511568000,0.0,0.0,1,JordanManual,CCCAGG,CHAO,2017-12-30 17:49:46.011479
258230.0,258469.04,257064.92,257064.92,1511578800,0.0,0.0,1,JordanManual,CCCAGG,CHAO,2017-12-30 17:49:46.011479
263209.36,263209.36,258243.49,258243.49,1511589600,0.0,0.0,1,JordanManual,CCCAGG,CHAO,2017-12-30 17:49:46.011479
265364.79,265364.79,264785.7,264785.7,1511600400,0.0,0.0,1,JordanManual,CCCAGG,CHAO,2017-12-30 17:49:46.011479
269070.53,270525.47,269070.53,270126.13,1511611200,0.0,0.0,1,JordanManual,CCCAGG,CHAO,2017-12-30 17:49:46.011479
272806.7,273064.87,270686.71,270686.71,1511622000,0.0,0.0,1,JordanManual,CCCAGG,CHAO,2017-12-30 17:49:46.011479
272622.87,272622.87,270946.77,270946.77,1511632800,0.0,0.0,1,JordanManual,CCCAGG,CHAO,2017-12-30 17:49:46.011479
274634.63,274634.63,272611.57,272703.8,1511643600,0.0,0.0,1,JordanManual,CCCAGG,CHAO,2017-12-30 17:49:46.011479
276334.88,277122.27,276334.88,276953.5,1511654400,0.0,0.0,1,JordanManual,CCCAGG,CHAO,2017-12-30 17:49:46.011479
280313.54,280313.54,277685.99,277685.99,1511665200,0.0,0.0,1,JordanManual,CCCAGG,CHAO,2017-12-30 17:49:46.011479
278532.03,283190.17,278532.03,283190.17,1511676000,0.0,0.0,1,JordanManual,CCCAGG,CHAO,2017-12-30 17:49:46.011479
281771.61,281771.61,279264.84,279264.84,1511686800,0.0,0.0,1,JordanManual,CCCAGG,CHAO,2017-12-30 17:49:46.011479
282015.36,282078.1,281478.3,281478.3,1511697600,0.0,0.0,1,JordanManual,CCCAGG,CHAO,2017-12-30 17:49:46.011479
291222.77,291743.2,285765.33,285765.33,1511708400,0.0,0.0,1,JordanManual,CCCAGG,CHAO,2017-12-30 17:49:46.011479
291663.52,296889.44,289898.33,296889.44,1511719200,0.0,0.0,1,JordanManual,CCCAGG,CHAO,2017-12-30 17:49:46.011479
292318.84,292791.9,292318.84,292791.9,1511730000,0.0,0.0,1,JordanManual,CCCAGG,CHAO,2017-12-30 17:49:46.011479
300281.48,302387.04,299594.17,299594.17,1511740800,0.0,0.0,1,JordanManual,CCCAGG,CHAO,2017-12-30 17:49:46.011479
302083.38,303041.73,300623.73,300623.73,1511751600,0.0,0.0,1,JordanManual,CCCAGG,CHAO,2017-12-30 17:49:46.011479
305327.66,305327.66,302538.87,302538.87,1511762400,0.0,0.0,1,JordanManual,CCCAGG,CHAO,2017-12-30 17:49:46.011479
302595.65,302595.65,297926.22,297926.22,1511773200,0.0,0.0,1,JordanManual,CCCAGG,CHAO,2017-12-30 17:49:46.011479
302303.91,302467.66,302303.91,302467.66,1511784000,0.0,0.0,1,JordanManual,CCCAGG,CHAO,2017-12-30 17:49:46.011479
300342.65,302777.91,300342.65,302777.91,1511794800,0.0,0.0,1,JordanManual,CCCAGG,CHAO,2017-12-30 17:49:46.011479
300798.46,300798.46,298881.75,298881.75,1511805600,0.0,0.0,1,JordanManual,CCCAGG,CHAO,2017-12-30 17:49:46.011479
305330.48,305330.48,302541.69,302541.69,1511816400,0.0,0.0,1,JordanManual,CCCAGG,CHAO,2017-12-30 17:49:46.011479
302654.94,304340.76,302654.94,304340.76,1511827200,0.0,0.0,1,JordanManual,CCCAGG,CHAO,2017-12-30 17:49:46.011479
309485.13,309485.13,304497.3,304497.3,1511838000,0.0,0.0,1,JordanManual,CCCAGG,CHAO,2017-12-30 17:49:46.011479
308972.54,309833.65,308972.54,309187.43,1511848800,0.0,0.0,1,JordanManual,CCCAGG,CHAO,2017-12-30 17:49:46.011479
311325.6,311325.6,309349.61,309349.61,1511859600,0.0,0.0,1,JordanManual,CCCAGG,CHAO,2017-12-30 17:49:46.011479
310861.33,310861.33,307785.81,310067.98,1511870400,0.0,0.0,1,JordanManual,CCCAGG,CHAO,2017-12-30 17:49:46.011479
311499.08,311499.08,310566.14,310566.14,1511881200,0.0,0.0,1,JordanManual,CCCAGG,CHAO,2017-12-30 17:49:46.011479
309750.2,312383.4,309750.2,312299.64,1511892000,0.0,0.0,1,JordanManual,CCCAGG,CHAO,2017-12-30 17:49:46.011479
310752.47,312056.53,310752.47,312056.53,1511902800,0.0,0.0,1,JordanManual,CCCAGG,CHAO,2017-12-30 17:49:46.011479
318339.94,318339.94,311807.13,311807.13,1511913600,0.0,0.0,1,JordanManual,CCCAGG,CHAO,2017-12-30 17:49:46.011479
317809.78,327949.2,317809.78,322918.39,1511924400,0.0,0.0,1,JordanManual,CCCAGG,CHAO,2017-12-30 17:49:46.011479
334042.5,334042.5,324516.69,324516.69,1511935200,0.0,0.0,1,JordanManual,CCCAGG,CHAO,2017-12-30 17:49:46.011479
339929.71,340497.82,337445.52,337445.52,1511946000,0.0,0.0,1,JordanManual,CCCAGG,CHAO,2017-12-30 17:49:46.011479
350314.75,351045.67,342683.37,342683.37,1511956800,0.0,0.0,1,JordanManual,CCCAGG,CHAO,2017-12-30 17:49:46.011479
332467.1,340812.46,332467.1,340812.46,1511967600,0.0,0.0,1,JordanManual,CCCAGG,CHAO,2017-12-30 17:49:46.011479
298327.13,325469.71,298327.13,325469.71,1511978400,0.0,0.0,1,JordanManual,CCCAGG,CHAO,2017-12-30 17:49:46.011479
308613.67,319804.6,308613.67,319804.6,1511989200,0.0,0.0,1,JordanManual,CCCAGG,CHAO,2017-12-30 17:49:46.011479
328412.53,329298.42,314269.37,314269.37,1512000000,0.0,0.0,1,JordanManual,CCCAGG,CHAO,2017-12-30 17:49:46.011479
326267.76,332099.13,326267.76,330864.41,1512010800,0.0,0.0,1,JordanManual,CCCAGG,CHAO,2017-12-30 17:49:46.011479
323037.91,323037.91,318947.26,318947.26,1512021600,0.0,0.0,1,JordanManual,CCCAGG,CHAO,2017-12-30 17:49:46.011479
306002.12,319115.09,301877.9,319115.09,1512032400,0.0,0.0,1,JordanManual,CCCAGG,CHAO,2017-12-30 17:49:46.011479
296263.93,309613.12,289961.69,309613.12,1512043200,0.0,0.0,1,JordanManual,CCCAGG,CHAO,2017-12-30 17:49:46.011479
301869.12,301869.12,291044.59,291044.59,1512054000,0.0,0.0,1,JordanManual,CCCAGG,CHAO,2017-12-30 17:49:46.011479
296322.9,309307.89,296322.9,303086.9,1512064800,0.0,0.0,1,JordanManual,CCCAGG,CHAO,2017-12-30 17:49:46.011479
312029.86,312029.86,304095.45,304095.45,1512075600,0.0,0.0,1,JordanManual,CCCAGG,CHAO,2017-12-30 17:49:46.011479
307912.55,309870.04,306768.8,309870.04,1512086400,0.0,0.0,1,JordanManual,CCCAGG,CHAO,2017-12-30 17:49:46.011479
301116.87,309361.22,301116.87,304947.77,1512097200,0.0,0.0,1,JordanManual,CCCAGG,CHAO,2017-12-30 17:49:46.011479
308067.52,308067.52,297234.2,297234.2,1512108000,0.0,0.0,1,JordanManual,CCCAGG,CHAO,2017-12-30 17:49:46.011479
312551.23,314419.94,307555.87,314419.94,1512118800,0.0,0.0,1,JordanManual,CCCAGG,CHAO,2017-12-30 17:49:46.011479
331798.61,334423.96,318508.39,318508.39,1512129600,0.0,0.0,1,JordanManual,CCCAGG,CHAO,2017-12-30 17:49:46.011479
327811.48,333717.2,327811.48,330932.17,1512140400,0.0,0.0,1,JordanManual,CCCAGG,CHAO,2017-12-30 17:49:46.011479
338508.65,338508.65,329115.22,329115.22,1512151200,0.0,0.0,1,JordanManual,CCCAGG,CHAO,2017-12-30 17:49:46.011479
340724.31,341881.55,339726.75,341881.55,1512162000,0.0,0.0,1,JordanManual,CCCAGG,CHAO,2017-12-30 17:49:46.011479
346123.09,346865.93,342815.75,342815.75,1512172800,0.0,0.0,1,JordanManual,CCCAGG,CHAO,2017-12-30 17:49:46.011479
342081.07,343261.21,340279.8,343261.21,1512183600,0.0,0.0,1,JordanManual,CCCAGG,CHAO,2017-12-30 17:49:46.011479
343751.52,344025.69,341424.18,341424.18,1512194400,0.0,0.0,1,JordanManual,CCCAGG,CHAO,2017-12-30 17:49:46.011479
343899.59,349347.93,343899.59,349347.93,1512205200,0.0,0.0,1,JordanManual,CCCAGG,CHAO,2017-12-30 17:49:46.011479
342134.4,348143.32,342134.4,348143.32,1512216000,0.0,0.0,1,JordanManual,CCCAGG,CHAO,2017-12-30 17:49:46.011479
342231.33,342231.33,337394.07,337394.07,1512226800,0.0,0.0,1,JordanManual,CCCAGG,CHAO,2017-12-30 17:49:46.011479
343584.63,343584.63,342332.97,343229.21,1512237600,0.0,0.0,1,JordanManual,CCCAGG,CHAO,2017-12-30 17:49:46.011479
342332.34,346261.43,342332.34,346261.43,1512248400,0.0,0.0,1,JordanManual,CCCAGG,CHAO,2017-12-30 17:49:46.011479
343381.67,343381.67,341788.7,341788.7,1512259200,0.0,0.0,1,JordanManual,CCCAGG,CHAO,2017-12-30 17:49:46.011479
347067.64,347586.82,344219.56,344219.56,1512270000,0.0,0.0,1,JordanManual,CCCAGG,CHAO,2017-12-30 17:49:46.011479
349529.87,350208.09,348517.88,348517.88,1512280800,0.0,0.0,1,JordanManual,CCCAGG,CHAO,2017-12-30 17:49:46.011479
363582.38,363582.38,348403.69,348403.69,1512291600,0.0,0.0,1,JordanManual,CCCAGG,CHAO,2017-12-30 17:49:46.011479
365171.58,366256.04,365153.39,365153.39,1512302400,0.0,0.0,1,JordanManual,CCCAGG,CHAO,2017-12-30 17:49:46.011479
366687.38,368322.07,366452.73,368322.07,1512313200,0.0,0.0,1,JordanManual,CCCAGG,CHAO,2017-12-30 17:49:46.011479
356863.55,368547.94,356863.55,368208.83,1512324000,0.0,0.0,1,JordanManual,CCCAGG,CHAO,2017-12-30 17:49:46.011479
352793.61,352793.61,343419.62,343419.62,1512334800,0.0,0.0,1,JordanManual,CCCAGG,CHAO,2017-12-30 17:49:46.011479
354315.37,358523.34,353504.77,353504.77,1512345600,0.0,0.0,1,JordanManual,CCCAGG,CHAO,2017-12-30 17:49:46.011479
359427.74,361005.33,357813.44,357813.44,1512356400,0.0,0.0,1,JordanManual,CCCAGG,CHAO,2017-12-30 17:49:46.011479
361916.0,363258.01,359258.96,359258.96,1512367200,0.0,0.0,1,JordanManual,CCCAGG,CHAO,2017-12-30 17:49:46.011479
351430.89,357458.01,351430.89,357458.01,1512378000,0.0,0.0,1,JordanManual,CCCAGG,CHAO,2017-12-30 17:49:46.011479
358265.48,358265.48,351775.96,351775.96,1512388800,0.0,0.0,1,JordanManual,CCCAGG,CHAO,2017-12-30 17:49:46.011479
354354.89,357190.43,354242.27,357190.43,1512399600,0.0,0.0,1,JordanManual,CCCAGG,CHAO,2017-12-30 17:49:46.011479
359122.82,359122.82,352064.57,352064.57,1512410400,0.0,0.0,1,JordanManual,CCCAGG,CHAO,2017-12-30 17:49:46.011479
364642.06,364642.06,360222.34,360576.19,1512421200,0.0,0.0,1,JordanManual,CCCAGG,CHAO,2017-12-30 17:49:46.011479
362464.35,364020.3,362464.35,364020.3,1512432000,0.0,0.0,1,JordanManual,CCCAGG,CHAO,2017-12-30 17:49:46.011479
362450.86,364301.06,361381.77,364301.06,1512442800,0.0,0.0,1,JordanManual,CCCAGG,CHAO,2017-12-30 17:49:46.011479
370228.43,370228.43,363728.25,363728.25,1512453600,0.0,0.0,1,JordanManual,CCCAGG,CHAO,2017-12-30 17:49:46.011479
366916.38,366916.38,365902.19,366670.13,1512464400,0.0,0.0,1,JordanManual,CCCAGG,CHAO,2017-12-30 17:49:46.011479
369790.5,369790.5,368974.88,368974.88,1512475200,0.0,0.0,1,JordanManual,CCCAGG,CHAO,2017-12-30 17:49:46.011479
367177.07,370869.63,365750.36,370869.63,1512486000,0.0,0.0,1,JordanManual,CCCAGG,CHAO,2017-12-30 17:49:46.011479
369438.84,369438.84,368030.33,368030.33,1512496800,0.0,0.0,1,JordanManual,CCCAGG,CHAO,2017-12-30 17:49:46.011479
365997.87,369398.38,365997.87,369398.38,1512507600,0.0,0.0,1,JordanManual,CCCAGG,CHAO,2017-12-30 17:49:46.011479
381228.63,381228.63,371344.26,371344.26,1512518400,0.0,0.0,1,JordanManual,CCCAGG,CHAO,2017-12-30 17:49:46.011479
384739.87,384739.87,383351.12,383994.21,1512529200,0.0,0.0,1,JordanManual,CCCAGG,CHAO,2017-12-30 17:49:46.011479
391233.15,391233.15,389496.82,389700.73,1512540000,0.0,0.0,1,JordanManual,CCCAGG,CHAO,2017-12-30 17:49:46.011479
396185.22,402098.46,394664.4,394664.4,1512550800,0.0,0.0,1,JordanManual,CCCAGG,CHAO,2017-12-30 17:49:46.011479
401425.58,401425.58,397768.46,399233.44,1512561600,0.0,0.0,1,JordanManual,CCCAGG,CHAO,2017-12-30 17:49:46.011479
398165.29,398165.29,391991.36,391991.36,1512572400,0.0,0.0,1,JordanManual,CCCAGG,CHAO,2017-12-30 17:49:46.011479
413939.38,413939.38,403584.46,403584.46,1512583200,0.0,0.0,1,JordanManual,CCCAGG,CHAO,2017-12-30 17:49:46.011479
431324.01,434177.11,416244.14,416244.14,1512594000,0.0,0.0,1,JordanManual,CCCAGG,CHAO,2017-12-30 17:49:46.011479
429541.57,442082.67,429541.57,442082.67,1512604800,0.0,0.0,1,JordanManual,CCCAGG,CHAO,2017-12-30 17:49:46.011479
444624.26,444624.26,431359.15,431359.15,1512615600,0.0,0.0,1,JordanManual,CCCAGG,CHAO,2017-12-30 17:49:46.011479
455415.86,455415.86,442205.01,442205.01,1512626400,0.0,0.0,1,JordanManual,CCCAGG,CHAO,2017-12-30 17:49:46.011479
446559.48,471268.37,446559.48,459688.45,1512637200,0.0,0.0,1,JordanManual,CCCAGG,CHAO,2017-12-30 17:49:46.011479
482972.83,482972.83,461864.9,461864.9,1512648000,0.0,0.0,1,JordanManual,CCCAGG,CHAO,2017-12-30 17:49:46.011479
498235.59,498286.73,484661.17,498286.73,1512658800,0.0,0.0,1,JordanManual,CCCAGG,CHAO,2017-12-30 17:49:46.011479
497347.51,504924.3,488076.73,504924.3,1512669600,0.0,0.0,1,JordanManual,CCCAGG,CHAO,2017-12-30 17:49:46.011479
528594.22,528594.22,505697.89,505697.89,1512680400,0.0,0.0,1,JordanManual,CCCAGG,CHAO,2017-12-30 17:49:46.011479
531109.47,541257.98,531109.47,536692.39,1512691200,0.0,0.0,1,JordanManual,CCCAGG,CHAO,2017-12-30 17:49:46.011479
491693.38,515640.61,491693.38,515640.61,1512702000,0.0,0.0,1,JordanManual,CCCAGG,CHAO,2017-12-30 17:49:46.011479
490875.88,505355.02,490875.88,504580.49,1512712800,0.0,0.0,1,JordanManual,CCCAGG,CHAO,2017-12-30 17:49:46.011479
467794.77,482394.37,467794.77,482394.37,1512723600,0.0,0.0,1,JordanManual,CCCAGG,CHAO,2017-12-30 17:49:46.011479
497869.82,497869.82,469934.21,469934.21,1512734400,0.0,0.0,1,JordanManual,CCCAGG,CHAO,2017-12-30 17:49:46.011479
470967.53,485681.01,470967.53,485681.01,1512745200,0.0,0.0,1,JordanManual,CCCAGG,CHAO,2017-12-30 17:49:46.011479
476058.57,479179.89,476058.57,477443.56,1512756000,0.0,0.0,1,JordanManual,CCCAGG,CHAO,2017-12-30 17:49:46.011479
503413.53,503413.53,496360.29,496360.29,1512766800,0.0,0.0,1,JordanManual,CCCAGG,CHAO,2017-12-30 17:49:46.011479
495630.63,499188.93,487918.0,499188.93,1512777600,0.0,0.0,1,JordanManual,CCCAGG,CHAO,2017-12-30 17:49:46.011479
478993.86,492485.79,478993.86,492485.79,1512788400,0.0,0.0,1,JordanManual,CCCAGG,CHAO,2017-12-30 17:49:46.011479
480960.76,488876.67,480960.76,484400.17,1512799200,0.0,0.0,1,JordanManual,CCCAGG,CHAO,2017-12-30 17:49:46.011479
474058.73,477200.75,466207.76,477200.75,1512810000,0.0,0.0,1,JordanManual,CCCAGG,CHAO,2017-12-30 17:49:46.011479
472608.81,477675.07,466792.19,466792.19,1512820800,0.0,0.0,1,JordanManual,CCCAGG,CHAO,2017-12-30 17:49:46.011479
421704.09,462103.94,421704.09,462103.94,1512831600,0.0,0.0,1,JordanManual,CCCAGG,CHAO,2017-12-30 17:49:46.011479
455924.05,455924.05,447368.2,449300.9,1512842400,0.0,0.0,1,JordanManual,CCCAGG,CHAO,2017-12-30 17:49:46.011479
465638.09,465944.88,457276.1,457276.1,1512853200,0.0,0.0,1,JordanManual,CCCAGG,CHAO,2017-12-30 17:49:46.011479
426430.92,451136.99,426430.92,451136.99,1512864000,0.0,0.0,1,JordanManual,CCCAGG,CHAO,2017-12-30 17:49:46.011479
423865.17,428379.0,409332.7,409332.7,1512874800,0.0,0.0,1,JordanManual,CCCAGG,CHAO,2017-12-30 17:49:46.011479
424066.25,438569.85,424066.25,438569.85,1512885600,0.0,0.0,1,JordanManual,CCCAGG,CHAO,2017-12-30 17:49:46.011479
434293.5,434745.85,431352.24,431352.24,1512896400,0.0,0.0,1,JordanManual,CCCAGG,CHAO,2017-12-30 17:49:46.011479
477332.82,477332.82,437590.17,437590.17,1512907200,0.0,0.0,1,JordanManual,CCCAGG,CHAO,2017-12-30 17:49:46.011479
483673.33,484562.67,477020.06,484562.67,1512918000,0.0,0.0,1,JordanManual,CCCAGG,CHAO,2017-12-30 17:49:46.011479
482239.4,489707.66,478374.93,478374.93,1512928800,0.0,0.0,1,JordanManual,CCCAGG,CHAO,2017-12-30 17:49:46.011479
472419.65,472419.65,456408.09,456408.09,1512939600,0.0,0.0,1,JordanManual,CCCAGG,CHAO,2017-12-30 17:49:46.011479
512138.78,512138.78,482405.04,482405.04,1512950400,0.0,0.0,1,JordanManual,CCCAGG,CHAO,2017-12-30 17:49:46.011479
510675.99,511894.72,509818.02,511894.72,1512961200,0.0,0.0,1,JordanManual,CCCAGG,CHAO,2017-12-30 17:49:46.011479
518327.14,524478.48,518327.14,524478.48,1512972000,0.0,0.0,1,JordanManual,CCCAGG,CHAO,2017-12-30 17:49:46.011479
515182.29,522675.33,515182.29,518923.48,1512982800,0.0,0.0,1,JordanManual,CCCAGG,CHAO,2017-12-30 17:49:46.011479
512285.28,517412.7,512285.28,517412.7,1512993600,0.0,0.0,1,JordanManual,CCCAGG,CHAO,2017-12-30 17:49:46.011479
513688.46,517221.97,513688.46,517221.97,1513004400,0.0,0.0,1,JordanManual,CCCAGG,CHAO,2017-12-30 17:49:46.011479
540791.19,540791.19,519566.25,519566.25,1513015200,0.0,0.0,1,JordanManual,CCCAGG,CHAO,2017-12-30 17:49:46.011479
524897.58,539245.28,524897.58,539245.28,1513026000,0.0,0.0,1,JordanManual,CCCAGG,CHAO,2017-12-30 17:49:46.011479
524326.34,530579.0,524326.34,524552.83,1513036800,0.0,0.0,1,JordanManual,CCCAGG,CHAO,2017-12-30 17:49:46.011479
519278.28,519278.28,511353.9,514126.38,1513047600,0.0,0.0,1,JordanManual,CCCAGG,CHAO,2017-12-30 17:49:46.011479
529605.28,529605.28,519848.58,519848.58,1513058400,0.0,0.0,1,JordanManual,CCCAGG,CHAO,2017-12-30 17:49:46.011479
526090.59,529120.3,524327.59,529120.3,1513069200,0.0,0.0,1,JordanManual,CCCAGG,CHAO,2017-12-30 17:49:46.011479
531443.88,539066.16,524765.2,524765.2,1513080000,0.0,0.0,1,JordanManual,CCCAGG,CHAO,2017-12-30 17:49:46.011479
538823.98,538823.98,534930.96,535464.25,1513090800,0.0,0.0,1,JordanManual,CCCAGG,CHAO,2017-12-30 17:49:46.011479
537174.23,544246.29,537174.23,543599.12,1513101600,0.0,0.0,1,JordanManual,CCCAGG,CHAO,2017-12-30 17:49:46.011479
535921.94,541472.24,535921.94,537576.71,1513112400,0.0,0.0,1,JordanManual,CCCAGG,CHAO,2017-12-30 17:49:46.011479
518793.3,540941.46,518793.3,540941.46,1513123200,0.0,0.0,1,JordanManual,CCCAGG,CHAO,2017-12-30 17:49:46.011479
527948.0,527948.0,519438.89,519497.55,1513134000,0.0,0.0,1,JordanManual,CCCAGG,CHAO,2017-12-30 17:49:46.011479
524762.38,525968.56,523882.45,525968.56,1513144800,0.0,0.0,1,JordanManual,CCCAGG,CHAO,2017-12-30 17:49:46.011479
524592.67,525285.94,524592.67,525285.94,1513155600,0.0,0.0,1,JordanManual,CCCAGG,CHAO,2017-12-30 17:49:46.011479
531650.92,534923.75,531650.92,534923.75,1513166400,0.0,0.0,1,JordanManual,CCCAGG,CHAO,2017-12-30 17:49:46.011479
513902.4,528852.09,513902.4,528852.09,1513177200,0.0,0.0,1,JordanManual,CCCAGG,CHAO,2017-12-30 17:49:46.011479
506740.31,513583.68,506740.31,507425.12,1513188000,0.0,0.0,1,JordanManual,CCCAGG,CHAO,2017-12-30 17:49:46.011479
510917.54,522088.71,510917.54,522088.71,1513198800,0.0,0.0,1,JordanManual,CCCAGG,CHAO,2017-12-30 17:49:46.011479
504925.25,517556.06,504925.25,517556.06,1513209600,0.0,0.0,1,JordanManual,CCCAGG,CHAO,2017-12-30 17:49:46.011479
510780.14,514487.14,506771.06,506771.06,1513220400,0.0,0.0,1,JordanManual,CCCAGG,CHAO,2017-12-30 17:49:46.011479
522427.82,522427.82,509697.25,509697.25,1513231200,0.0,0.0,1,JordanManual,CCCAGG,CHAO,2017-12-30 17:49:46.011479
520208.08,520208.08,514937.61,514937.61,1513242000,0.0,0.0,1,JordanManual,CCCAGG,CHAO,2017-12-30 17:49:46.011479
517456.62,523578.16,517456.62,523578.16,1513252800,0.0,0.0,1,JordanManual,CCCAGG,CHAO,2017-12-30 17:49:46.011479
518000.26,518000.26,514114.77,514853.22,1513263600,0.0,0.0,1,JordanManual,CCCAGG,CHAO,2017-12-30 17:49:46.011479
513307.62,517295.06,513307.62,516986.38,1513274400,0.0,0.0,1,JordanManual,CCCAGG,CHAO,2017-12-30 17:49:46.011479
516598.34,516598.34,515476.23,515522.35,1513285200,0.0,0.0,1,JordanManual,CCCAGG,CHAO,2017-12-30 17:49:46.011479
545172.96,545172.96,532042.42,532042.42,1513296000,0.0,0.0,1,JordanManual,CCCAGG,CHAO,2017-12-30 17:49:46.011479
542137.59,543064.26,540113.92,540113.92,1513306800,0.0,0.0,1,JordanManual,CCCAGG,CHAO,2017-12-30 17:49:46.011479
542933.45,542933.45,537122.16,539167.17,1513317600,0.0,0.0,1,JordanManual,CCCAGG,CHAO,2017-12-30 17:49:46.011479
562688.08,562688.08,552743.48,552743.48,1513328400,0.0,0.0,1,JordanManual,CCCAGG,CHAO,2017-12-30 17:49:46.011479
554594.62,560778.59,554594.62,560778.59,1513339200,0.0,0.0,1,JordanManual,CCCAGG,CHAO,2017-12-30 17:49:46.011479
552189.8,553475.34,552170.98,552170.98,1513350000,0.0,0.0,1,JordanManual,CCCAGG,CHAO,2017-12-30 17:49:46.011479
556260.37,558078.89,555490.86,558078.89,1513360800,0.0,0.0,1,JordanManual,CCCAGG,CHAO,2017-12-30 17:49:46.011479
552264.14,552264.14,551518.17,551926.29,1513371600,0.0,0.0,1,JordanManual,CCCAGG,CHAO,2017-12-30 17:49:46.011479
547386.11,552787.71,547386.11,552787.71,1513382400,0.0,0.0,1,JordanManual,CCCAGG,CHAO,2017-12-30 17:49:46.011479
551796.73,551796.73,545387.84,545387.84,1513393200,0.0,0.0,1,JordanManual,CCCAGG,CHAO,2017-12-30 17:49:46.011479
561863.99,561863.99,557692.41,557692.41,1513404000,0.0,0.0,1,JordanManual,CCCAGG,CHAO,2017-12-30 17:49:46.011479
566885.7,566885.7,561716.87,563236.43,1513414800,0.0,0.0,1,JordanManual,CCCAGG,CHAO,2017-12-30 17:49:46.011479
584780.4,584780.4,568119.48,568119.48,1513425600,0.0,0.0,1,JordanManual,CCCAGG,CHAO,2017-12-30 17:49:46.011479
589426.93,591620.63,589426.93,591620.63,1513436400,0.0,0.0,1,JordanManual,CCCAGG,CHAO,2017-12-30 17:49:46.011479
603336.39,604327.68,589125.15,589125.15,1513447200,0.0,0.0,1,JordanManual,CCCAGG,CHAO,2017-12-30 17:49:46.011479
606868.02,609324.61,605352.22,605352.22,1513458000,0.0,0.0,1,JordanManual,CCCAGG,CHAO,2017-12-30 17:49:46.011479
602642.8,602642.8,598249.11,602484.69,1513468800,0.0,0.0,1,JordanManual,CCCAGG,CHAO,2017-12-30 17:49:46.011479
606822.85,606822.85,599469.41,601127.63,1513479600,0.0,0.0,1,JordanManual,CCCAGG,CHAO,2017-12-30 17:49:46.011479
609402.09,615246.01,608895.46,608895.46,1513490400,0.0,0.0,1,JordanManual,CCCAGG,CHAO,2017-12-30 17:49:46.011479
620653.25,620653.25,615906.97,615906.97,1513501200,0.0,0.0,1,JordanManual,CCCAGG,CHAO,2017-12-30 17:49:46.011479
611498.55,618869.87,611498.55,615314.71,1513512000,0.0,0.0,1,JordanManual,CCCAGG,CHAO,2017-12-30 17:49:46.011479
601936.66,609751.87,600224.17,609751.87,1513522800,0.0,0.0,1,JordanManual,CCCAGG,CHAO,2017-12-30 17:49:46.011479
598413.81,598413.81,592521.58,592521.58,1513533600,0.0,0.0,1,JordanManual,CCCAGG,CHAO,2017-12-30 17:49:46.011479
598091.32,609149.56,596911.18,596911.18,1513544400,0.0,0.0,1,JordanManual,CCCAGG,CHAO,2017-12-30 17:49:46.011479
574204.64,579541.93,572289.81,572289.81,1513555200,0.0,0.0,1,JordanManual,CCCAGG,CHAO,2017-12-30 17:49:46.011479
594429.19,594429.19,583939.06,583939.06,1513566000,0.0,0.0,1,JordanManual,CCCAGG,CHAO,2017-12-30 17:49:46.011479
595047.18,595047.18,586047.12,594927.97,1513576800,0.0,0.0,1,JordanManual,CCCAGG,CHAO,2017-12-30 17:49:46.011479
600564.22,600564.22,588835.92,588835.92,1513587600,0.0,0.0,1,JordanManual,CCCAGG,CHAO,2017-12-30 17:49:46.011479
584040.39,594445.19,584040.39,594445.19,1513598400,0.0,0.0,1,JordanManual,CCCAGG,CHAO,2017-12-30 17:49:46.011479
581797.12,588770.35,581797.12,588770.35,1513609200,0.0,0.0,1,JordanManual,CCCAGG,CHAO,2017-12-30 17:49:46.011479
585904.08,588381.99,578838.93,578838.93,1513620000,0.0,0.0,1,JordanManual,CCCAGG,CHAO,2017-12-30 17:49:46.011479
595161.68,595161.68,587068.53,587068.53,1513630800,0.0,0.0,1,JordanManual,CCCAGG,CHAO,2017-12-30 17:49:46.011479
589758.2,589852.31,588756.87,589852.31,1513641600,0.0,0.0,1,JordanManual,CCCAGG,CHAO,2017-12-30 17:49:46.011479
590299.64,594536.79,590299.64,594536.79,1513652400,0.0,0.0,1,JordanManual,CCCAGG,CHAO,2017-12-30 17:49:46.011479
590119.26,590119.26,586351.73,586351.73,1513663200,0.0,0.0,1,JordanManual,CCCAGG,CHAO,2017-12-30 17:49:46.011479
554489.53,581293.32,554489.53,581293.32,1513674000,0.0,0.0,1,JordanManual,CCCAGG,CHAO,2017-12-30 17:49:46.011479
557379.96,563526.6,557379.96,562740.16,1513684800,0.0,0.0,1,JordanManual,CCCAGG,CHAO,2017-12-30 17:49:46.011479
568180.66,573230.91,559859.14,559859.14,1513695600,0.0,0.0,1,JordanManual,CCCAGG,CHAO,2017-12-30 17:49:46.011479
551879.23,568422.2,551879.23,568422.2,1513706400,0.0,0.0,1,JordanManual,CCCAGG,CHAO,2017-12-30 17:49:46.011479
549718.47,549718.47,532339.49,532339.49,1513717200,0.0,0.0,1,JordanManual,CCCAGG,CHAO,2017-12-30 17:49:46.011479
540018.87,540018.87,511249.44,530551.4,1513728000,0.0,0.0,1,JordanManual,CCCAGG,CHAO,2017-12-30 17:49:46.011479
516905.76,530077.08,516905.76,527171.28,1513738800,0.0,0.0,1,JordanManual,CCCAGG,CHAO,2017-12-30 17:49:46.011479
534331.17,534331.17,512369.03,512369.03,1513749600,0.0,0.0,1,JordanManual,CCCAGG,CHAO,2017-12-30 17:49:46.011479
545766.79,545766.79,531442.62,531442.62,1513760400,0.0,0.0,1,JordanManual,CCCAGG,CHAO,2017-12-30 17:49:46.011479
540076.27,558703.46,536475.62,558703.46,1513771200,0.0,0.0,1,JordanManual,CCCAGG,CHAO,2017-12-30 17:49:46.011479
530624.49,530624.49,514178.45,518105.67,1513782000,0.0,0.0,1,JordanManual,CCCAGG,CHAO,2017-12-30 17:49:46.011479
523679.17,528507.96,523679.17,528507.96,1513792800,0.0,0.0,1,JordanManual,CCCAGG,CHAO,2017-12-30 17:49:46.011479
516412.0,516412.0,509967.97,509967.97,1513803600,0.0,0.0,1,JordanManual,CCCAGG,CHAO,2017-12-30 17:49:46.011479
513820.84,523361.4,513820.84,523361.4,1513814400,0.0,0.0,1,JordanManual,CCCAGG,CHAO,2017-12-30 17:49:46.011479
526118.5,530167.12,526118.5,530167.12,1513825200,0.0,0.0,1,JordanManual,CCCAGG,CHAO,2017-12-30 17:49:46.011479
525870.37,538083.96,525870.37,538083.96,1513836000,0.0,0.0,1,JordanManual,CCCAGG,CHAO,2017-12-30 17:49:46.011479
521969.19,526444.12,521367.2,526444.12,1513846800,0.0,0.0,1,JordanManual,CCCAGG,CHAO,2017-12-30 17:49:46.011479
500938.43,522821.52,500938.43,522821.52,1513857600,0.0,0.0,1,JordanManual,CCCAGG,CHAO,2017-12-30 17:49:46.011479
480604.09,490622.41,480604.09,482047.73,1513868400,0.0,0.0,1,JordanManual,CCCAGG,CHAO,2017-12-30 17:49:46.011479
477074.02,481612.63,477074.02,479361.52,1513879200,0.0,0.0,1,JordanManual,CCCAGG,CHAO,2017-12-30 17:49:46.011479
490379.6,490379.6,487350.83,489143.63,1513890000,0.0,0.0,1,JordanManual,CCCAGG,CHAO,2017-12-30 17:49:46.011479
441380.29,473375.5,441380.29,473375.5,1513900800,0.0,0.0,1,JordanManual,CCCAGG,CHAO,2017-12-30 17:49:46.011479
439729.29,459748.05,439729.29,445410.4,1513911600,0.0,0.0,1,JordanManual,CCCAGG,CHAO,2017-12-30 17:49:46.011479
415674.15,421748.32,412919.55,421748.32,1513922400,0.0,0.0,1,JordanManual,CCCAGG,CHAO,2017-12-30 17:49:46.011479
431006.23,439162.75,429904.2,429904.2,1513933200,0.0,0.0,1,JordanManual,CCCAGG,CHAO,2017-12-30 17:49:46.011479
378909.45,425490.76,377667.51,425490.76,1513944000,0.0,0.0,1,JordanManual,CCCAGG,CHAO,2017-12-30 17:49:46.011479
404873.14,406771.65,400002.63,406771.65,1513954800,0.0,0.0,1,JordanManual,CCCAGG,CHAO,2017-12-30 17:49:46.011479
446013.33,446013.33,414768.18,419982.19,1513965600,0.0,0.0,1,JordanManual,CCCAGG,CHAO,2017-12-30 17:49:46.011479
428670.11,465303.05,428670.11,437534.64,1513976400,0.0,0.0,1,JordanManual,CCCAGG,CHAO,2017-12-30 17:49:46.011479
440620.51,440620.51,430922.16,430922.16,1513987200,0.0,0.0,1,JordanManual,CCCAGG,CHAO,2017-12-30 17:49:46.011479
434143.86,455746.18,434143.86,455746.18,1513998000,0.0,0.0,1,JordanManual,CCCAGG,CHAO,2017-12-30 17:49:46.011479
446343.65,446343.65,436256.94,436256.94,1514008800,0.0,0.0,1,JordanManual,CCCAGG,CHAO,2017-12-30 17:49:46.011479
472629.2,472629.2,452703.92,452703.92,1514019600,0.0,0.0,1,JordanManual,CCCAGG,CHAO,2017-12-30 17:49:46.011479
481931.98,481931.98,466249.8,466249.8,1514030400,0.0,0.0,1,JordanManual,CCCAGG,CHAO,2017-12-30 17:49:46.011479
469319.35,475715.38,463857.21,463857.21,1514041200,0.0,0.0,1,JordanManual,CCCAGG,CHAO,2017-12-30 17:49:46.011479
474688.64,474688.64,464442.57,464442.57,1514052000,0.0,0.0,1,JordanManual,CCCAGG,CHAO,2017-12-30 17:49:46.011479
451616.95,478211.81,451616.95,478211.81,1514062800,0.0,0.0,1,JordanManual,CCCAGG,CHAO,2017-12-30 17:49:46.011479
415237.16,447351.57,415237.16,447351.57,1514073600,0.0,0.0,1,JordanManual,CCCAGG,CHAO,2017-12-30 17:49:46.011479
435589.08,435589.08,426604.71,434216.32,1514084400,0.0,0.0,1,JordanManual,CCCAGG,CHAO,2017-12-30 17:49:46.011479
438429.0,442438.72,432213.98,442438.72,1514095200,0.0,0.0,1,JordanManual,CCCAGG,CHAO,2017-12-30 17:49:46.011479
400998.32,419027.6,400998.32,419027.6,1514106000,0.0,0.0,1,JordanManual,CCCAGG,CHAO,2017-12-30 17:49:46.011479
422389.21,422389.21,394457.05,394457.05,1514116800,0.0,0.0,1,JordanManual,CCCAGG,CHAO,2017-12-30 17:49:46.011479
403794.95,411930.14,403794.95,407963.09,1514127600,0.0,0.0,1,JordanManual,CCCAGG,CHAO,2017-12-30 17:49:46.011479
413521.54,413521.54,395734.43,399694.58,1514138400,0.0,0.0,1,JordanManual,CCCAGG,CHAO,2017-12-30 17:49:46.011479
432590.73,432590.73,407467.75,407467.75,1514149200,0.0,0.0,1,JordanManual,CCCAGG,CHAO,2017-12-30 17:49:46.011479
415924.79,429854.95,415924.79,429854.95,1514160000,0.0,0.0,1,JordanManual,CCCAGG,CHAO,2017-12-30 17:49:46.011479
428871.19,431330.6,414351.27,414351.27,1514170800,0.0,0.0,1,JordanManual,CCCAGG,CHAO,2017-12-30 17:49:46.011479
441993.26,441993.26,430230.14,430230.14,1514181600,0.0,0.0,1,JordanManual,CCCAGG,CHAO,2017-12-30 17:49:46.011479
440578.47,440578.47,433201.82,433201.82,1514192400,0.0,0.0,1,JordanManual,CCCAGG,CHAO,2017-12-30 17:49:46.011479
421752.08,451364.11,421752.08,451364.11,1514203200,0.0,0.0,1,JordanManual,CCCAGG,CHAO,2017-12-30 17:49:46.011479
432934.55,435274.75,431068.03,431068.03,1514214000,0.0,0.0,1,JordanManual,CCCAGG,CHAO,2017-12-30 17:49:46.011479
429061.92,439450.41,429061.92,439450.41,1514224800,0.0,0.0,1,JordanManual,CCCAGG,CHAO,2017-12-30 17:49:46.011479
433956.58,433956.58,430378.21,430594.03,1514235600,0.0,0.0,1,JordanManual,CCCAGG,CHAO,2017-12-30 17:49:46.011479
435524.77,435911.87,433965.68,435911.87,1514246400,0.0,0.0,1,JordanManual,CCCAGG,CHAO,2017-12-30 17:49:46.011479
472351.89,472351.89,455799.83,455799.83,1514257200,0.0,0.0,1,JordanManual,CCCAGG,CHAO,2017-12-30 17:49:46.011479
467977.66,481677.57,467977.66,481677.57,1514268000,0.0,0.0,1,JordanManual,CCCAGG,CHAO,2017-12-30 17:49:46.011479
468062.05,477885.87,468062.05,477885.87,1514278800,0.0,0.0,1,JordanManual,CCCAGG,CHAO,2017-12-30 17:49:46.011479
495461.23,495461.23,474670.14,474670.14,1514289600,0.0,0.0,1,JordanManual,CCCAGG,CHAO,2017-12-30 17:49:46.011479
492766.55,502362.94,492766.55,493966.45,1514300400,0.0,0.0,1,JordanManual,CCCAGG,CHAO,2017-12-30 17:49:46.011479
495736.03,497886.13,491559.43,491559.43,1514311200,0.0,0.0,1,JordanManual,CCCAGG,CHAO,2017-12-30 17:49:46.011479
494283.29,498988.16,493938.84,498988.16,1514322000,0.0,0.0,1,JordanManual,CCCAGG,CHAO,2017-12-30 17:49:46.011479
496836.81,499372.44,493453.86,493453.86,1514332800,0.0,0.0,1,JordanManual,CCCAGG,CHAO,2017-12-30 17:49:46.011479
514992.19,514992.19,497990.59,497990.59,1514343600,0.0,0.0,1,JordanManual,CCCAGG,CHAO,2017-12-30 17:49:46.011479
505056.69,514909.38,505056.69,514909.38,1514354400,0.0,0.0,1,JordanManual,CCCAGG,CHAO,2017-12-30 17:49:46.011479
492889.52,497473.62,490641.54,497473.62,1514365200,0.0,0.0,1,JordanManual,CCCAGG,CHAO,2017-12-30 17:49:46.011479
480012.13,500248.29,480012.13,500248.29,1514376000,0.0,0.0,1,JordanManual,CCCAGG,CHAO,2017-12-30 17:49:46.011479
468755.01,480821.79,463695.03,480821.79,1514386800,0.0,0.0,1,JordanManual,CCCAGG,CHAO,2017-12-30 17:49:46.011479
463626.95,471680.89,463626.95,471680.89,1514397600,0.0,0.0,1,JordanManual,CCCAGG,CHAO,2017-12-30 17:49:46.011479
483620.0,483620.0,477437.6,477437.6,1514408400,0.0,0.0,1,JordanManual,CCCAGG,CHAO,2017-12-30 17:49:46.011479
447906.82,484867.9,447906.82,476990.89,1514419200,0.0,0.0,1,JordanManual,CCCAGG,CHAO,2017-12-30 17:49:46.011479
431846.95,451328.35,431846.95,450514.29,1514430000,0.0,0.0,1,JordanManual,CCCAGG,CHAO,2017-12-30 17:49:46.011479
445877.5,445877.5,435069.9,435069.9,1514440800,0.0,0.0,1,JordanManual,CCCAGG,CHAO,2017-12-30 17:49:46.011479
435682.25,447480.82,424493.82,447480.82,1514451600,0.0,0.0,1,JordanManual,CCCAGG,CHAO,2017-12-30 17:49:46.011479
447328.36,447328.36,440606.39,440606.39,1514462400,0.0,0.0,1,JordanManual,CCCAGG,CHAO,2017-12-30 17:49:46.011479
442766.53,445864.01,437779.96,445864.01,1514473200,0.0,0.0,1,JordanManual,CCCAGG,CHAO,2017-12-30 17:49:46.011479
435404.62,435871.09,423956.45,423956.45,1514484000,0.0,0.0,1,JordanManual,CCCAGG,CHAO,2017-12-30 17:49:46.011479
451687.22,451687.22,436861.76,436861.76,1514494800,0.0,0.0,1,JordanManual,CCCAGG,CHAO,2017-12-30 17:49:46.011479
468931.94,468931.94,448827.53,448827.53,1514505600,0.0,0.0,1,JordanManual,CCCAGG,CHAO,2017-12-30 17:49:46.011479
468408.06,468408.06,464622.01,466539.97,1514516400,0.0,0.0,1,JordanManual,CCCAGG,CHAO,2017-12-30 17:49:46.011479
456173.44,467561.07,456173.44,467561.07,1514527200,0.0,0.0,1,JordanManual,CCCAGG,CHAO,2017-12-30 17:49:46.011479
449421.99,449421.99,437883.79,446445.92,1514538000,0.0,0.0,1,JordanManual,CCCAGG,CHAO,2017-12-30 17:49:46.011479
453604.55,453604.55,445423.57,445423.57,1514548800,0.0,0.0,1,JordanManual,CCCAGG,CHAO,2017-12-30 17:49:46.011479
457878.4,460548.3,455486.44,455486.44,1514559600,0.0,0.0,1,JordanManual,CCCAGG,CHAO,2017-12-30 17:49:46.011479
450237.61,459616.61,450237.61,455630.74,1514570400,0.0,0.0,1,JordanManual,CCCAGG,CHAO,2017-12-30 17:49:46.011479
451494.92,453922.33,447930.35,447930.35,1514581200,0.0,0.0,1,JordanManual,CCCAGG,CHAO,2017-12-30 17:49:46.011479
422056.69,448777.34,422056.69,448777.34,1514592000,0.0,0.0,1,JordanManual,CCCAGG,CHAO,2017-12-30 17:49:46.011479
422212.28,423411.24,409251.45,423411.24,1514602800,0.0,0.0,1,JordanManual,CCCAGG,CHAO,2017-12-30 17:49:46.011479
422560.8,428401.58,421711.93,421711.93,1514613600,0.0,0.0,1,JordanManual,CCCAGG,CHAO,2017-12-30 17:49:46.011479
420422.62,420712.48,414017.81,420712.48,1514624400,0.0,0.0,1,JordanManual,CCCAGG,CHAO,2017-12-30 17:49:46.011479
394873.95,401102.47,394873.95,401102.47,1514635200,0.0,0.0,1,JordanManual,CCCAGG,CHAO,2017-12-30 17:49:46.011479
401184.34,401184.34,379916.74,393033.79,1514646000,0.0,0.0,1,JordanManual,CCCAGG,CHAO,2017-12-30 17:49:46.011479
404662.65,412370.88,398132.98,398132.98,1514656800,0.0,0.0,1,JordanManual,CCCAGG,CHAO,2017-12-30 17:49:46.011479
393113.78,404168.57,393113.78,404168.57,1514667600,0.0,0.0,1,JordanManual,CCCAGG,CHAO,2017-12-30 17:49:46.011479
401294.02,399575.38,399575.38,399575.38,1514678400,0.0,0.0,1,JordanManual,CCCAGG,CHAO,2017-12-30 17:49:46.011479
