close,high,low,open,time,volumefrom,volumeto,coin_units,computer_name,exchange,symbol,timestamp_api_call
0.0,0.0,0.0,0.0,1341878400,0,0.0,1,JordanManual,CCCAGG,NIO,2017-12-30 17:53:13.776440
0.0,0.0,0.0,0.0,1342137600,0,0.0,1,JordanManual,CCCAGG,NIO,2017-12-30 17:53:13.776440
0.0,0.0,0.0,0.0,1342396800,0,0.0,1,JordanManual,CCCAGG,NIO,2017-12-30 17:53:13.776440
0.0,0.0,0.0,0.0,1342656000,0,0.0,1,JordanManual,CCCAGG,NIO,2017-12-30 17:53:13.776440
0.0,0.0,0.0,0.0,1342915200,0,0.0,1,JordanManual,CCCAGG,NIO,2017-12-30 17:53:13.776440
0.0,0.0,0.0,0.0,1343174400,0,0.0,1,JordanManual,CCCAGG,NIO,2017-12-30 17:53:13.776440
0.0,0.0,0.0,0.0,1343433600,0,0.0,1,JordanManual,CCCAGG,NIO,2017-12-30 17:53:13.776440
0.0,0.0,0.0,0.0,1343692800,0,0.0,1,JordanManual,CCCAGG,NIO,2017-12-30 17:53:13.776440
0.0,0.0,0.0,0.0,1343952000,0,0.0,1,JordanManual,CCCAGG,NIO,2017-12-30 17:53:13.776440
0.0,0.0,0.0,0.0,1344211200,0,0.0,1,JordanManual,CCCAGG,NIO,2017-12-30 17:53:13.776440
0.0,0.0,0.0,0.0,1344470400,0,0.0,1,JordanManual,CCCAGG,NIO,2017-12-30 17:53:13.776440
0.0,0.0,0.0,0.0,1344729600,0,0.0,1,JordanManual,CCCAGG,NIO,2017-12-30 17:53:13.776440
0.0,0.0,0.0,0.0,1344988800,0,0.0,1,JordanManual,CCCAGG,NIO,2017-12-30 17:53:13.776440
0.0,0.0,0.0,0.0,1345248000,0,0.0,1,JordanManual,CCCAGG,NIO,2017-12-30 17:53:13.776440
0.0,0.0,0.0,0.0,1345507200,0,0.0,1,JordanManual,CCCAGG,NIO,2017-12-30 17:53:13.776440
0.0,0.0,0.0,0.0,1345766400,0,0.0,1,JordanManual,CCCAGG,NIO,2017-12-30 17:53:13.776440
0.0,0.0,0.0,0.0,1346025600,0,0.0,1,JordanManual,CCCAGG,NIO,2017-12-30 17:53:13.776440
0.0,0.0,0.0,0.0,1346284800,0,0.0,1,JordanManual,CCCAGG,NIO,2017-12-30 17:53:13.776440
0.0,0.0,0.0,0.0,1346544000,0,0.0,1,JordanManual,CCCAGG,NIO,2017-12-30 17:53:13.776440
0.0,0.0,0.0,0.0,1346803200,0,0.0,1,JordanManual,CCCAGG,NIO,2017-12-30 17:53:13.776440
0.0,0.0,0.0,0.0,1347062400,0,0.0,1,JordanManual,CCCAGG,NIO,2017-12-30 17:53:13.776440
0.0,0.0,0.0,0.0,1347321600,0,0.0,1,JordanManual,CCCAGG,NIO,2017-12-30 17:53:13.776440
0.0,0.0,0.0,0.0,1347580800,0,0.0,1,JordanManual,CCCAGG,NIO,2017-12-30 17:53:13.776440
0.0,0.0,0.0,0.0,1347840000,0,0.0,1,JordanManual,CCCAGG,NIO,2017-12-30 17:53:13.776440
0.0,0.0,0.0,0.0,1348099200,0,0.0,1,JordanManual,CCCAGG,NIO,2017-12-30 17:53:13.776440
0.0,0.0,0.0,0.0,1348358400,0,0.0,1,JordanManual,CCCAGG,NIO,2017-12-30 17:53:13.776440
0.0,0.0,0.0,0.0,1348617600,0,0.0,1,JordanManual,CCCAGG,NIO,2017-12-30 17:53:13.776440
0.0,0.0,0.0,0.0,1348876800,0,0.0,1,JordanManual,CCCAGG,NIO,2017-12-30 17:53:13.776440
0.0,0.0,0.0,0.0,1349136000,0,0.0,1,JordanManual,CCCAGG,NIO,2017-12-30 17:53:13.776440
0.0,0.0,0.0,0.0,1349395200,0,0.0,1,JordanManual,CCCAGG,NIO,2017-12-30 17:53:13.776440
0.0,0.0,0.0,0.0,1349654400,0,0.0,1,JordanManual,CCCAGG,NIO,2017-12-30 17:53:13.776440
0.0,0.0,0.0,0.0,1349913600,0,0.0,1,JordanManual,CCCAGG,NIO,2017-12-30 17:53:13.776440
0.0,0.0,0.0,0.0,1350172800,0,0.0,1,JordanManual,CCCAGG,NIO,2017-12-30 17:53:13.776440
0.0,0.0,0.0,0.0,1350432000,0,0.0,1,JordanManual,CCCAGG,NIO,2017-12-30 17:53:13.776440
0.0,0.0,0.0,0.0,1350691200,0,0.0,1,JordanManual,CCCAGG,NIO,2017-12-30 17:53:13.776440
0.0,0.0,0.0,0.0,1350950400,0,0.0,1,JordanManual,CCCAGG,NIO,2017-12-30 17:53:13.776440
0.0,0.0,0.0,0.0,1351209600,0,0.0,1,JordanManual,CCCAGG,NIO,2017-12-30 17:53:13.776440
0.0,0.0,0.0,0.0,1351468800,0,0.0,1,JordanManual,CCCAGG,NIO,2017-12-30 17:53:13.776440
0.0,0.0,0.0,0.0,1351728000,0,0.0,1,JordanManual,CCCAGG,NIO,2017-12-30 17:53:13.776440
0.0,0.0,0.0,0.0,1351987200,0,0.0,1,JordanManual,CCCAGG,NIO,2017-12-30 17:53:13.776440
0.0,0.0,0.0,0.0,1352246400,0,0.0,1,JordanManual,CCCAGG,NIO,2017-12-30 17:53:13.776440
0.0,0.0,0.0,0.0,1352505600,0,0.0,1,JordanManual,CCCAGG,NIO,2017-12-30 17:53:13.776440
0.0,0.0,0.0,0.0,1352764800,0,0.0,1,JordanManual,CCCAGG,NIO,2017-12-30 17:53:13.776440
0.0,0.0,0.0,0.0,1353024000,0,0.0,1,JordanManual,CCCAGG,NIO,2017-12-30 17:53:13.776440
0.0,0.0,0.0,0.0,1353283200,0,0.0,1,JordanManual,CCCAGG,NIO,2017-12-30 17:53:13.776440
0.0,0.0,0.0,0.0,1353542400,0,0.0,1,JordanManual,CCCAGG,NIO,2017-12-30 17:53:13.776440
0.0,0.0,0.0,0.0,1353801600,0,0.0,1,JordanManual,CCCAGG,NIO,2017-12-30 17:53:13.776440
0.0,0.0,0.0,0.0,1354060800,0,0.0,1,JordanManual,CCCAGG,NIO,2017-12-30 17:53:13.776440
0.0,0.0,0.0,0.0,1354320000,0,0.0,1,JordanManual,CCCAGG,NIO,2017-12-30 17:53:13.776440
0.0,0.0,0.0,0.0,1354579200,0,0.0,1,JordanManual,CCCAGG,NIO,2017-12-30 17:53:13.776440
0.0,0.0,0.0,0.0,1354838400,0,0.0,1,JordanManual,CCCAGG,NIO,2017-12-30 17:53:13.776440
0.0,0.0,0.0,0.0,1355097600,0,0.0,1,JordanManual,CCCAGG,NIO,2017-12-30 17:53:13.776440
0.0,0.0,0.0,0.0,1355356800,0,0.0,1,JordanManual,CCCAGG,NIO,2017-12-30 17:53:13.776440
0.0,0.0,0.0,0.0,1355616000,0,0.0,1,JordanManual,CCCAGG,NIO,2017-12-30 17:53:13.776440
0.0,0.0,0.0,0.0,1355875200,0,0.0,1,JordanManual,CCCAGG,NIO,2017-12-30 17:53:13.776440
0.0,0.0,0.0,0.0,1356134400,0,0.0,1,JordanManual,CCCAGG,NIO,2017-12-30 17:53:13.776440
0.0,0.0,0.0,0.0,1356393600,0,0.0,1,JordanManual,CCCAGG,NIO,2017-12-30 17:53:13.776440
0.0,0.0,0.0,0.0,1356652800,0,0.0,1,JordanManual,CCCAGG,NIO,2017-12-30 17:53:13.776440
0.0,0.0,0.0,0.0,1356912000,0,0.0,1,JordanManual,CCCAGG,NIO,2017-12-30 17:53:13.776440
0.0,0.0,0.0,0.0,1357171200,0,0.0,1,JordanManual,CCCAGG,NIO,2017-12-30 17:53:13.776440
0.0,0.0,0.0,0.0,1357430400,0,0.0,1,JordanManual,CCCAGG,NIO,2017-12-30 17:53:13.776440
0.0,0.0,0.0,0.0,1357689600,0,0.0,1,JordanManual,CCCAGG,NIO,2017-12-30 17:53:13.776440
0.0,0.0,0.0,0.0,1357948800,0,0.0,1,JordanManual,CCCAGG,NIO,2017-12-30 17:53:13.776440
0.0,0.0,0.0,0.0,1358208000,0,0.0,1,JordanManual,CCCAGG,NIO,2017-12-30 17:53:13.776440
0.0,0.0,0.0,0.0,1358467200,0,0.0,1,JordanManual,CCCAGG,NIO,2017-12-30 17:53:13.776440
0.0,0.0,0.0,0.0,1358726400,0,0.0,1,JordanManual,CCCAGG,NIO,2017-12-30 17:53:13.776440
0.0,0.0,0.0,0.0,1358985600,0,0.0,1,JordanManual,CCCAGG,NIO,2017-12-30 17:53:13.776440
0.0,0.0,0.0,0.0,1359244800,0,0.0,1,JordanManual,CCCAGG,NIO,2017-12-30 17:53:13.776440
0.0,0.0,0.0,0.0,1359504000,0,0.0,1,JordanManual,CCCAGG,NIO,2017-12-30 17:53:13.776440
0.0,0.0,0.0,0.0,1359763200,0,0.0,1,JordanManual,CCCAGG,NIO,2017-12-30 17:53:13.776440
0.0,0.0,0.0,0.0,1360022400,0,0.0,1,JordanManual,CCCAGG,NIO,2017-12-30 17:53:13.776440
0.0,0.0,0.0,0.0,1360281600,0,0.0,1,JordanManual,CCCAGG,NIO,2017-12-30 17:53:13.776440
0.0,0.0,0.0,0.0,1360540800,0,0.0,1,JordanManual,CCCAGG,NIO,2017-12-30 17:53:13.776440
0.0,0.0,0.0,0.0,1360800000,0,0.0,1,JordanManual,CCCAGG,NIO,2017-12-30 17:53:13.776440
0.0,0.0,0.0,0.0,1361059200,0,0.0,1,JordanManual,CCCAGG,NIO,2017-12-30 17:53:13.776440
0.0,0.0,0.0,0.0,1361318400,0,0.0,1,JordanManual,CCCAGG,NIO,2017-12-30 17:53:13.776440
0.0,0.0,0.0,0.0,1361577600,0,0.0,1,JordanManual,CCCAGG,NIO,2017-12-30 17:53:13.776440
0.0,0.0,0.0,0.0,1361836800,0,0.0,1,JordanManual,CCCAGG,NIO,2017-12-30 17:53:13.776440
0.0,0.0,0.0,0.0,1362096000,0,0.0,1,JordanManual,CCCAGG,NIO,2017-12-30 17:53:13.776440
0.0,0.0,0.0,0.0,1362355200,0,0.0,1,JordanManual,CCCAGG,NIO,2017-12-30 17:53:13.776440
0.0,0.0,0.0,0.0,1362614400,0,0.0,1,JordanManual,CCCAGG,NIO,2017-12-30 17:53:13.776440
0.0,0.0,0.0,0.0,1362873600,0,0.0,1,JordanManual,CCCAGG,NIO,2017-12-30 17:53:13.776440
0.0,0.0,0.0,0.0,1363132800,0,0.0,1,JordanManual,CCCAGG,NIO,2017-12-30 17:53:13.776440
0.0,0.0,0.0,0.0,1363392000,0,0.0,1,JordanManual,CCCAGG,NIO,2017-12-30 17:53:13.776440
0.0,0.0,0.0,0.0,1363651200,0,0.0,1,JordanManual,CCCAGG,NIO,2017-12-30 17:53:13.776440
0.0,0.0,0.0,0.0,1363910400,0,0.0,1,JordanManual,CCCAGG,NIO,2017-12-30 17:53:13.776440
0.0,0.0,0.0,0.0,1364169600,0,0.0,1,JordanManual,CCCAGG,NIO,2017-12-30 17:53:13.776440
0.0,0.0,0.0,0.0,1364428800,0,0.0,1,JordanManual,CCCAGG,NIO,2017-12-30 17:53:13.776440
0.0,0.0,0.0,0.0,1364688000,0,0.0,1,JordanManual,CCCAGG,NIO,2017-12-30 17:53:13.776440
0.0,0.0,0.0,0.0,1364947200,0,0.0,1,JordanManual,CCCAGG,NIO,2017-12-30 17:53:13.776440
0.0,0.0,0.0,0.0,1365206400,0,0.0,1,JordanManual,CCCAGG,NIO,2017-12-30 17:53:13.776440
0.0,0.0,0.0,0.0,1365465600,0,0.0,1,JordanManual,CCCAGG,NIO,2017-12-30 17:53:13.776440
0.0,0.0,0.0,0.0,1365724800,0,0.0,1,JordanManual,CCCAGG,NIO,2017-12-30 17:53:13.776440
0.0,0.0,0.0,0.0,1365984000,0,0.0,1,JordanManual,CCCAGG,NIO,2017-12-30 17:53:13.776440
0.0,0.0,0.0,0.0,1366243200,0,0.0,1,JordanManual,CCCAGG,NIO,2017-12-30 17:53:13.776440
0.0,0.0,0.0,0.0,1366502400,0,0.0,1,JordanManual,CCCAGG,NIO,2017-12-30 17:53:13.776440
0.0,0.0,0.0,0.0,1366761600,0,0.0,1,JordanManual,CCCAGG,NIO,2017-12-30 17:53:13.776440
0.0,0.0,0.0,0.0,1367020800,0,0.0,1,JordanManual,CCCAGG,NIO,2017-12-30 17:53:13.776440
0.0,0.0,0.0,0.0,1367280000,0,0.0,1,JordanManual,CCCAGG,NIO,2017-12-30 17:53:13.776440
0.0,0.0,0.0,0.0,1367539200,0,0.0,1,JordanManual,CCCAGG,NIO,2017-12-30 17:53:13.776440
0.0,0.0,0.0,0.0,1367798400,0,0.0,1,JordanManual,CCCAGG,NIO,2017-12-30 17:53:13.776440
0.0,0.0,0.0,0.0,1368057600,0,0.0,1,JordanManual,CCCAGG,NIO,2017-12-30 17:53:13.776440
0.0,0.0,0.0,0.0,1368316800,0,0.0,1,JordanManual,CCCAGG,NIO,2017-12-30 17:53:13.776440
0.0,0.0,0.0,0.0,1368576000,0,0.0,1,JordanManual,CCCAGG,NIO,2017-12-30 17:53:13.776440
0.0,0.0,0.0,0.0,1368835200,0,0.0,1,JordanManual,CCCAGG,NIO,2017-12-30 17:53:13.776440
0.0,0.0,0.0,0.0,1369094400,0,0.0,1,JordanManual,CCCAGG,NIO,2017-12-30 17:53:13.776440
0.0,0.0,0.0,0.0,1369353600,0,0.0,1,JordanManual,CCCAGG,NIO,2017-12-30 17:53:13.776440
0.0,0.0,0.0,0.0,1369612800,0,0.0,1,JordanManual,CCCAGG,NIO,2017-12-30 17:53:13.776440
0.0,0.0,0.0,0.0,1369872000,0,0.0,1,JordanManual,CCCAGG,NIO,2017-12-30 17:53:13.776440
0.0,0.0,0.0,0.0,1370131200,0,0.0,1,JordanManual,CCCAGG,NIO,2017-12-30 17:53:13.776440
0.0,0.0,0.0,0.0,1370390400,0,0.0,1,JordanManual,CCCAGG,NIO,2017-12-30 17:53:13.776440
0.0,0.0,0.0,0.0,1370649600,0,0.0,1,JordanManual,CCCAGG,NIO,2017-12-30 17:53:13.776440
0.0,0.0,0.0,0.0,1370908800,0,0.0,1,JordanManual,CCCAGG,NIO,2017-12-30 17:53:13.776440
0.0,0.0,0.0,0.0,1371168000,0,0.0,1,JordanManual,CCCAGG,NIO,2017-12-30 17:53:13.776440
0.0,0.0,0.0,0.0,1371427200,0,0.0,1,JordanManual,CCCAGG,NIO,2017-12-30 17:53:13.776440
0.0,0.0,0.0,0.0,1371686400,0,0.0,1,JordanManual,CCCAGG,NIO,2017-12-30 17:53:13.776440
0.0,0.0,0.0,0.0,1371945600,0,0.0,1,JordanManual,CCCAGG,NIO,2017-12-30 17:53:13.776440
0.0,0.0,0.0,0.0,1372204800,0,0.0,1,JordanManual,CCCAGG,NIO,2017-12-30 17:53:13.776440
0.0,0.0,0.0,0.0,1372464000,0,0.0,1,JordanManual,CCCAGG,NIO,2017-12-30 17:53:13.776440
0.0,0.0,0.0,0.0,1372723200,0,0.0,1,JordanManual,CCCAGG,NIO,2017-12-30 17:53:13.776440
0.0,0.0,0.0,0.0,1372982400,0,0.0,1,JordanManual,CCCAGG,NIO,2017-12-30 17:53:13.776440
0.0,0.0,0.0,0.0,1373241600,0,0.0,1,JordanManual,CCCAGG,NIO,2017-12-30 17:53:13.776440
0.0,0.0,0.0,0.0,1373500800,0,0.0,1,JordanManual,CCCAGG,NIO,2017-12-30 17:53:13.776440
0.0,0.0,0.0,0.0,1373760000,0,0.0,1,JordanManual,CCCAGG,NIO,2017-12-30 17:53:13.776440
0.0,0.0,0.0,0.0,1374019200,0,0.0,1,JordanManual,CCCAGG,NIO,2017-12-30 17:53:13.776440
0.0,0.0,0.0,0.0,1374278400,0,0.0,1,JordanManual,CCCAGG,NIO,2017-12-30 17:53:13.776440
0.0,0.0,0.0,0.0,1374537600,0,0.0,1,JordanManual,CCCAGG,NIO,2017-12-30 17:53:13.776440
0.0,0.0,0.0,0.0,1374796800,0,0.0,1,JordanManual,CCCAGG,NIO,2017-12-30 17:53:13.776440
0.0,0.0,0.0,0.0,1375056000,0,0.0,1,JordanManual,CCCAGG,NIO,2017-12-30 17:53:13.776440
0.0,0.0,0.0,0.0,1375315200,0,0.0,1,JordanManual,CCCAGG,NIO,2017-12-30 17:53:13.776440
0.0,0.0,0.0,0.0,1375574400,0,0.0,1,JordanManual,CCCAGG,NIO,2017-12-30 17:53:13.776440
0.0,0.0,0.0,0.0,1375833600,0,0.0,1,JordanManual,CCCAGG,NIO,2017-12-30 17:53:13.776440
0.0,0.0,0.0,0.0,1376092800,0,0.0,1,JordanManual,CCCAGG,NIO,2017-12-30 17:53:13.776440
0.0,0.0,0.0,0.0,1376352000,0,0.0,1,JordanManual,CCCAGG,NIO,2017-12-30 17:53:13.776440
0.0,0.0,0.0,0.0,1376611200,0,0.0,1,JordanManual,CCCAGG,NIO,2017-12-30 17:53:13.776440
0.0,0.0,0.0,0.0,1376870400,0,0.0,1,JordanManual,CCCAGG,NIO,2017-12-30 17:53:13.776440
0.0,0.0,0.0,0.0,1377129600,0,0.0,1,JordanManual,CCCAGG,NIO,2017-12-30 17:53:13.776440
0.0,0.0,0.0,0.0,1377388800,0,0.0,1,JordanManual,CCCAGG,NIO,2017-12-30 17:53:13.776440
0.0,0.0,0.0,0.0,1377648000,0,0.0,1,JordanManual,CCCAGG,NIO,2017-12-30 17:53:13.776440
0.0,0.0,0.0,0.0,1377907200,0,0.0,1,JordanManual,CCCAGG,NIO,2017-12-30 17:53:13.776440
0.0,0.0,0.0,0.0,1378166400,0,0.0,1,JordanManual,CCCAGG,NIO,2017-12-30 17:53:13.776440
0.0,0.0,0.0,0.0,1378425600,0,0.0,1,JordanManual,CCCAGG,NIO,2017-12-30 17:53:13.776440
0.0,0.0,0.0,0.0,1378684800,0,0.0,1,JordanManual,CCCAGG,NIO,2017-12-30 17:53:13.776440
0.0,0.0,0.0,0.0,1378944000,0,0.0,1,JordanManual,CCCAGG,NIO,2017-12-30 17:53:13.776440
0.0,0.0,0.0,0.0,1379203200,0,0.0,1,JordanManual,CCCAGG,NIO,2017-12-30 17:53:13.776440
0.0,0.0,0.0,0.0,1379462400,0,0.0,1,JordanManual,CCCAGG,NIO,2017-12-30 17:53:13.776440
0.0,0.0,0.0,0.0,1379721600,0,0.0,1,JordanManual,CCCAGG,NIO,2017-12-30 17:53:13.776440
0.0,0.0,0.0,0.0,1379980800,0,0.0,1,JordanManual,CCCAGG,NIO,2017-12-30 17:53:13.776440
0.0,0.0,0.0,0.0,1380240000,0,0.0,1,JordanManual,CCCAGG,NIO,2017-12-30 17:53:13.776440
0.0,0.0,0.0,0.0,1380499200,0,0.0,1,JordanManual,CCCAGG,NIO,2017-12-30 17:53:13.776440
0.0,0.0,0.0,0.0,1380758400,0,0.0,1,JordanManual,CCCAGG,NIO,2017-12-30 17:53:13.776440
0.0,0.0,0.0,0.0,1381017600,0,0.0,1,JordanManual,CCCAGG,NIO,2017-12-30 17:53:13.776440
0.0,0.0,0.0,0.0,1381276800,0,0.0,1,JordanManual,CCCAGG,NIO,2017-12-30 17:53:13.776440
0.0,0.0,0.0,0.0,1381536000,0,0.0,1,JordanManual,CCCAGG,NIO,2017-12-30 17:53:13.776440
0.0,0.0,0.0,0.0,1381795200,0,0.0,1,JordanManual,CCCAGG,NIO,2017-12-30 17:53:13.776440
0.0,0.0,0.0,0.0,1382054400,0,0.0,1,JordanManual,CCCAGG,NIO,2017-12-30 17:53:13.776440
0.0,0.0,0.0,0.0,1382313600,0,0.0,1,JordanManual,CCCAGG,NIO,2017-12-30 17:53:13.776440
0.0,0.0,0.0,0.0,1382572800,0,0.0,1,JordanManual,CCCAGG,NIO,2017-12-30 17:53:13.776440
0.0,0.0,0.0,0.0,1382832000,0,0.0,1,JordanManual,CCCAGG,NIO,2017-12-30 17:53:13.776440
0.0,0.0,0.0,0.0,1383091200,0,0.0,1,JordanManual,CCCAGG,NIO,2017-12-30 17:53:13.776440
0.0,0.0,0.0,0.0,1383350400,0,0.0,1,JordanManual,CCCAGG,NIO,2017-12-30 17:53:13.776440
0.0,0.0,0.0,0.0,1383609600,0,0.0,1,JordanManual,CCCAGG,NIO,2017-12-30 17:53:13.776440
0.0,0.0,0.0,0.0,1383868800,0,0.0,1,JordanManual,CCCAGG,NIO,2017-12-30 17:53:13.776440
0.0,0.0,0.0,0.0,1384128000,0,0.0,1,JordanManual,CCCAGG,NIO,2017-12-30 17:53:13.776440
0.0,0.0,0.0,0.0,1384387200,0,0.0,1,JordanManual,CCCAGG,NIO,2017-12-30 17:53:13.776440
0.0,0.0,0.0,0.0,1384646400,0,0.0,1,JordanManual,CCCAGG,NIO,2017-12-30 17:53:13.776440
0.0,0.0,0.0,0.0,1384905600,0,0.0,1,JordanManual,CCCAGG,NIO,2017-12-30 17:53:13.776440
0.0,0.0,0.0,0.0,1385164800,0,0.0,1,JordanManual,CCCAGG,NIO,2017-12-30 17:53:13.776440
0.0,0.0,0.0,0.0,1385424000,0,0.0,1,JordanManual,CCCAGG,NIO,2017-12-30 17:53:13.776440
0.0,0.0,0.0,0.0,1385683200,0,0.0,1,JordanManual,CCCAGG,NIO,2017-12-30 17:53:13.776440
0.0,0.0,0.0,0.0,1385942400,0,0.0,1,JordanManual,CCCAGG,NIO,2017-12-30 17:53:13.776440
0.0,0.0,0.0,0.0,1386201600,0,0.0,1,JordanManual,CCCAGG,NIO,2017-12-30 17:53:13.776440
0.0,0.0,0.0,0.0,1386460800,0,0.0,1,JordanManual,CCCAGG,NIO,2017-12-30 17:53:13.776440
0.0,0.0,0.0,0.0,1386720000,0,0.0,1,JordanManual,CCCAGG,NIO,2017-12-30 17:53:13.776440
0.0,0.0,0.0,0.0,1386979200,0,0.0,1,JordanManual,CCCAGG,NIO,2017-12-30 17:53:13.776440
0.0,0.0,0.0,0.0,1387238400,0,0.0,1,JordanManual,CCCAGG,NIO,2017-12-30 17:53:13.776440
0.0,0.0,0.0,0.0,1387497600,0,0.0,1,JordanManual,CCCAGG,NIO,2017-12-30 17:53:13.776440
0.0,0.0,0.0,0.0,1387756800,0,0.0,1,JordanManual,CCCAGG,NIO,2017-12-30 17:53:13.776440
0.0,0.0,0.0,0.0,1388016000,0,0.0,1,JordanManual,CCCAGG,NIO,2017-12-30 17:53:13.776440
0.0,0.0,0.0,0.0,1388275200,0,0.0,1,JordanManual,CCCAGG,NIO,2017-12-30 17:53:13.776440
0.0,0.0,0.0,0.0,1388534400,0,0.0,1,JordanManual,CCCAGG,NIO,2017-12-30 17:53:13.776440
0.0,0.0,0.0,0.0,1388793600,0,0.0,1,JordanManual,CCCAGG,NIO,2017-12-30 17:53:13.776440
0.0,0.0,0.0,0.0,1389052800,0,0.0,1,JordanManual,CCCAGG,NIO,2017-12-30 17:53:13.776440
0.0,0.0,0.0,0.0,1389312000,0,0.0,1,JordanManual,CCCAGG,NIO,2017-12-30 17:53:13.776440
0.0,0.0,0.0,0.0,1389571200,0,0.0,1,JordanManual,CCCAGG,NIO,2017-12-30 17:53:13.776440
0.0,0.0,0.0,0.0,1389830400,0,0.0,1,JordanManual,CCCAGG,NIO,2017-12-30 17:53:13.776440
0.0,0.0,0.0,0.0,1390089600,0,0.0,1,JordanManual,CCCAGG,NIO,2017-12-30 17:53:13.776440
0.0,0.0,0.0,0.0,1390348800,0,0.0,1,JordanManual,CCCAGG,NIO,2017-12-30 17:53:13.776440
0.0,0.0,0.0,0.0,1390608000,0,0.0,1,JordanManual,CCCAGG,NIO,2017-12-30 17:53:13.776440
0.0,0.0,0.0,0.0,1390867200,0,0.0,1,JordanManual,CCCAGG,NIO,2017-12-30 17:53:13.776440
0.0,0.0,0.0,0.0,1391126400,0,0.0,1,JordanManual,CCCAGG,NIO,2017-12-30 17:53:13.776440
0.0,0.0,0.0,0.0,1391385600,0,0.0,1,JordanManual,CCCAGG,NIO,2017-12-30 17:53:13.776440
0.0,0.0,0.0,0.0,1391644800,0,0.0,1,JordanManual,CCCAGG,NIO,2017-12-30 17:53:13.776440
0.0,0.0,0.0,0.0,1391904000,0,0.0,1,JordanManual,CCCAGG,NIO,2017-12-30 17:53:13.776440
0.0,0.0,0.0,0.0,1392163200,0,0.0,1,JordanManual,CCCAGG,NIO,2017-12-30 17:53:13.776440
0.0,0.0,0.0,0.0,1392422400,0,0.0,1,JordanManual,CCCAGG,NIO,2017-12-30 17:53:13.776440
0.0,0.0,0.0,0.0,1392681600,0,0.0,1,JordanManual,CCCAGG,NIO,2017-12-30 17:53:13.776440
0.0,0.0,0.0,0.0,1392940800,0,0.0,1,JordanManual,CCCAGG,NIO,2017-12-30 17:53:13.776440
0.0,0.0,0.0,0.0,1393200000,0,0.0,1,JordanManual,CCCAGG,NIO,2017-12-30 17:53:13.776440
0.0,0.0,0.0,0.0,1393459200,0,0.0,1,JordanManual,CCCAGG,NIO,2017-12-30 17:53:13.776440
0.0,0.0,0.0,0.0,1393718400,0,0.0,1,JordanManual,CCCAGG,NIO,2017-12-30 17:53:13.776440
0.0,0.0,0.0,0.0,1393977600,0,0.0,1,JordanManual,CCCAGG,NIO,2017-12-30 17:53:13.776440
0.0,0.0,0.0,0.0,1394236800,0,0.0,1,JordanManual,CCCAGG,NIO,2017-12-30 17:53:13.776440
0.0,0.0,0.0,0.0,1394496000,0,0.0,1,JordanManual,CCCAGG,NIO,2017-12-30 17:53:13.776440
0.0,0.0,0.0,0.0,1394755200,0,0.0,1,JordanManual,CCCAGG,NIO,2017-12-30 17:53:13.776440
0.0,0.0,0.0,0.0,1395014400,0,0.0,1,JordanManual,CCCAGG,NIO,2017-12-30 17:53:13.776440
0.0,0.0,0.0,0.0,1395273600,0,0.0,1,JordanManual,CCCAGG,NIO,2017-12-30 17:53:13.776440
0.0,0.0,0.0,0.0,1395532800,0,0.0,1,JordanManual,CCCAGG,NIO,2017-12-30 17:53:13.776440
0.0,0.0,0.0,0.0,1395792000,0,0.0,1,JordanManual,CCCAGG,NIO,2017-12-30 17:53:13.776440
0.0,0.0,0.0,0.0,1396051200,0,0.0,1,JordanManual,CCCAGG,NIO,2017-12-30 17:53:13.776440
0.0,0.0,0.0,0.0,1396310400,0,0.0,1,JordanManual,CCCAGG,NIO,2017-12-30 17:53:13.776440
0.0,0.0,0.0,0.0,1396569600,0,0.0,1,JordanManual,CCCAGG,NIO,2017-12-30 17:53:13.776440
0.0,0.0,0.0,0.0,1396828800,0,0.0,1,JordanManual,CCCAGG,NIO,2017-12-30 17:53:13.776440
0.0,0.0,0.0,0.0,1397088000,0,0.0,1,JordanManual,CCCAGG,NIO,2017-12-30 17:53:13.776440
0.0,0.0,0.0,0.0,1397347200,0,0.0,1,JordanManual,CCCAGG,NIO,2017-12-30 17:53:13.776440
0.0,0.0,0.0,0.0,1397606400,0,0.0,1,JordanManual,CCCAGG,NIO,2017-12-30 17:53:13.776440
0.0,0.0,0.0,0.0,1397865600,0,0.0,1,JordanManual,CCCAGG,NIO,2017-12-30 17:53:13.776440
0.0,0.0,0.0,0.0,1398124800,0,0.0,1,JordanManual,CCCAGG,NIO,2017-12-30 17:53:13.776440
0.0,0.0,0.0,0.0,1398384000,0,0.0,1,JordanManual,CCCAGG,NIO,2017-12-30 17:53:13.776440
0.0,0.0,0.0,0.0,1398643200,0,0.0,1,JordanManual,CCCAGG,NIO,2017-12-30 17:53:13.776440
0.0,0.0,0.0,0.0,1398902400,0,0.0,1,JordanManual,CCCAGG,NIO,2017-12-30 17:53:13.776440
0.0,0.0,0.0,0.0,1399161600,0,0.0,1,JordanManual,CCCAGG,NIO,2017-12-30 17:53:13.776440
0.0,0.0,0.0,0.0,1399420800,0,0.0,1,JordanManual,CCCAGG,NIO,2017-12-30 17:53:13.776440
0.0,0.0,0.0,0.0,1399680000,0,0.0,1,JordanManual,CCCAGG,NIO,2017-12-30 17:53:13.776440
0.0,0.0,0.0,0.0,1399939200,0,0.0,1,JordanManual,CCCAGG,NIO,2017-12-30 17:53:13.776440
0.0,0.0,0.0,0.0,1400198400,0,0.0,1,JordanManual,CCCAGG,NIO,2017-12-30 17:53:13.776440
0.0,0.0,0.0,0.0,1400457600,0,0.0,1,JordanManual,CCCAGG,NIO,2017-12-30 17:53:13.776440
0.0,0.0,0.0,0.0,1400716800,0,0.0,1,JordanManual,CCCAGG,NIO,2017-12-30 17:53:13.776440
0.0,0.0,0.0,0.0,1400976000,0,0.0,1,JordanManual,CCCAGG,NIO,2017-12-30 17:53:13.776440
0.0,0.0,0.0,0.0,1401235200,0,0.0,1,JordanManual,CCCAGG,NIO,2017-12-30 17:53:13.776440
0.0,0.0,0.0,0.0,1401494400,0,0.0,1,JordanManual,CCCAGG,NIO,2017-12-30 17:53:13.776440
0.0,0.0,0.0,0.0,1401753600,0,0.0,1,JordanManual,CCCAGG,NIO,2017-12-30 17:53:13.776440
0.0,0.0,0.0,0.0,1402012800,0,0.0,1,JordanManual,CCCAGG,NIO,2017-12-30 17:53:13.776440
0.0,0.0,0.0,0.0,1402272000,0,0.0,1,JordanManual,CCCAGG,NIO,2017-12-30 17:53:13.776440
0.0,0.0,0.0,0.0,1402531200,0,0.0,1,JordanManual,CCCAGG,NIO,2017-12-30 17:53:13.776440
0.0,0.0,0.0,0.0,1402790400,0,0.0,1,JordanManual,CCCAGG,NIO,2017-12-30 17:53:13.776440
0.0,0.0,0.0,0.0,1403049600,0,0.0,1,JordanManual,CCCAGG,NIO,2017-12-30 17:53:13.776440
0.0,0.0,0.0,0.0,1403308800,0,0.0,1,JordanManual,CCCAGG,NIO,2017-12-30 17:53:13.776440
0.0,0.0,0.0,0.0,1403568000,0,0.0,1,JordanManual,CCCAGG,NIO,2017-12-30 17:53:13.776440
0.0,0.0,0.0,0.0,1403827200,0,0.0,1,JordanManual,CCCAGG,NIO,2017-12-30 17:53:13.776440
0.0,0.0,0.0,0.0,1404086400,0,0.0,1,JordanManual,CCCAGG,NIO,2017-12-30 17:53:13.776440
0.0,0.0,0.0,0.0,1404345600,0,0.0,1,JordanManual,CCCAGG,NIO,2017-12-30 17:53:13.776440
0.0,0.0,0.0,0.0,1404604800,0,0.0,1,JordanManual,CCCAGG,NIO,2017-12-30 17:53:13.776440
0.0,0.0,0.0,0.0,1404864000,0,0.0,1,JordanManual,CCCAGG,NIO,2017-12-30 17:53:13.776440
0.0,0.0,0.0,0.0,1405123200,0,0.0,1,JordanManual,CCCAGG,NIO,2017-12-30 17:53:13.776440
0.0,0.0,0.0,0.0,1405382400,0,0.0,1,JordanManual,CCCAGG,NIO,2017-12-30 17:53:13.776440
0.0,0.0,0.0,0.0,1405641600,0,0.0,1,JordanManual,CCCAGG,NIO,2017-12-30 17:53:13.776440
0.0,0.0,0.0,0.0,1405900800,0,0.0,1,JordanManual,CCCAGG,NIO,2017-12-30 17:53:13.776440
0.0,0.0,0.0,0.0,1406160000,0,0.0,1,JordanManual,CCCAGG,NIO,2017-12-30 17:53:13.776440
0.0,0.0,0.0,0.0,1406419200,0,0.0,1,JordanManual,CCCAGG,NIO,2017-12-30 17:53:13.776440
0.0,0.0,0.0,0.0,1406678400,0,0.0,1,JordanManual,CCCAGG,NIO,2017-12-30 17:53:13.776440
0.0,0.0,0.0,0.0,1406937600,0,0.0,1,JordanManual,CCCAGG,NIO,2017-12-30 17:53:13.776440
0.0,0.0,0.0,0.0,1407196800,0,0.0,1,JordanManual,CCCAGG,NIO,2017-12-30 17:53:13.776440
0.0,0.0,0.0,0.0,1407456000,0,0.0,1,JordanManual,CCCAGG,NIO,2017-12-30 17:53:13.776440
0.0,0.0,0.0,0.0,1407715200,0,0.0,1,JordanManual,CCCAGG,NIO,2017-12-30 17:53:13.776440
0.0,0.0,0.0,0.0,1407974400,0,0.0,1,JordanManual,CCCAGG,NIO,2017-12-30 17:53:13.776440
0.0,0.0,0.0,0.0,1408233600,0,0.0,1,JordanManual,CCCAGG,NIO,2017-12-30 17:53:13.776440
0.0,0.0,0.0,0.0,1408492800,0,0.0,1,JordanManual,CCCAGG,NIO,2017-12-30 17:53:13.776440
0.0,0.0,0.0,0.0,1408752000,0,0.0,1,JordanManual,CCCAGG,NIO,2017-12-30 17:53:13.776440
0.0,0.0,0.0,0.0,1409011200,0,0.0,1,JordanManual,CCCAGG,NIO,2017-12-30 17:53:13.776440
0.0,0.0,0.0,0.0,1409270400,0,0.0,1,JordanManual,CCCAGG,NIO,2017-12-30 17:53:13.776440
0.0,0.0,0.0,0.0,1409529600,0,0.0,1,JordanManual,CCCAGG,NIO,2017-12-30 17:53:13.776440
0.0,0.0,0.0,0.0,1409788800,0,0.0,1,JordanManual,CCCAGG,NIO,2017-12-30 17:53:13.776440
0.0,0.0,0.0,0.0,1410048000,0,0.0,1,JordanManual,CCCAGG,NIO,2017-12-30 17:53:13.776440
0.0,0.0,0.0,0.0,1410307200,0,0.0,1,JordanManual,CCCAGG,NIO,2017-12-30 17:53:13.776440
0.0,0.0,0.0,0.0,1410566400,0,0.0,1,JordanManual,CCCAGG,NIO,2017-12-30 17:53:13.776440
0.0,0.0,0.0,0.0,1410825600,0,0.0,1,JordanManual,CCCAGG,NIO,2017-12-30 17:53:13.776440
0.0,0.0,0.0,0.0,1411084800,0,0.0,1,JordanManual,CCCAGG,NIO,2017-12-30 17:53:13.776440
0.0,0.0,0.0,0.0,1411344000,0,0.0,1,JordanManual,CCCAGG,NIO,2017-12-30 17:53:13.776440
0.0,0.0,0.0,0.0,1411603200,0,0.0,1,JordanManual,CCCAGG,NIO,2017-12-30 17:53:13.776440
0.0,0.0,0.0,0.0,1411862400,0,0.0,1,JordanManual,CCCAGG,NIO,2017-12-30 17:53:13.776440
0.0,0.0,0.0,0.0,1412121600,0,0.0,1,JordanManual,CCCAGG,NIO,2017-12-30 17:53:13.776440
0.0,0.0,0.0,0.0,1412380800,0,0.0,1,JordanManual,CCCAGG,NIO,2017-12-30 17:53:13.776440
0.0,0.0,0.0,0.0,1412640000,0,0.0,1,JordanManual,CCCAGG,NIO,2017-12-30 17:53:13.776440
0.0,0.0,0.0,0.0,1412899200,0,0.0,1,JordanManual,CCCAGG,NIO,2017-12-30 17:53:13.776440
0.0,0.0,0.0,0.0,1413158400,0,0.0,1,JordanManual,CCCAGG,NIO,2017-12-30 17:53:13.776440
0.0,0.0,0.0,0.0,1413417600,0,0.0,1,JordanManual,CCCAGG,NIO,2017-12-30 17:53:13.776440
0.0,0.0,0.0,0.0,1413676800,0,0.0,1,JordanManual,CCCAGG,NIO,2017-12-30 17:53:13.776440
0.0,0.0,0.0,0.0,1413936000,0,0.0,1,JordanManual,CCCAGG,NIO,2017-12-30 17:53:13.776440
0.0,0.0,0.0,0.0,1414195200,0,0.0,1,JordanManual,CCCAGG,NIO,2017-12-30 17:53:13.776440
0.0,0.0,0.0,0.0,1414454400,0,0.0,1,JordanManual,CCCAGG,NIO,2017-12-30 17:53:13.776440
0.0,0.0,0.0,0.0,1414713600,0,0.0,1,JordanManual,CCCAGG,NIO,2017-12-30 17:53:13.776440
0.0,0.0,0.0,0.0,1414972800,0,0.0,1,JordanManual,CCCAGG,NIO,2017-12-30 17:53:13.776440
0.0,0.0,0.0,0.0,1415232000,0,0.0,1,JordanManual,CCCAGG,NIO,2017-12-30 17:53:13.776440
0.0,0.0,0.0,0.0,1415491200,0,0.0,1,JordanManual,CCCAGG,NIO,2017-12-30 17:53:13.776440
0.0,0.0,0.0,0.0,1415750400,0,0.0,1,JordanManual,CCCAGG,NIO,2017-12-30 17:53:13.776440
0.0,0.0,0.0,0.0,1416009600,0,0.0,1,JordanManual,CCCAGG,NIO,2017-12-30 17:53:13.776440
0.0,0.0,0.0,0.0,1416268800,0,0.0,1,JordanManual,CCCAGG,NIO,2017-12-30 17:53:13.776440
0.0,0.0,0.0,0.0,1416528000,0,0.0,1,JordanManual,CCCAGG,NIO,2017-12-30 17:53:13.776440
0.0,0.0,0.0,0.0,1416787200,0,0.0,1,JordanManual,CCCAGG,NIO,2017-12-30 17:53:13.776440
0.0,0.0,0.0,0.0,1417046400,0,0.0,1,JordanManual,CCCAGG,NIO,2017-12-30 17:53:13.776440
0.0,0.0,0.0,0.0,1417305600,0,0.0,1,JordanManual,CCCAGG,NIO,2017-12-30 17:53:13.776440
0.0,0.0,0.0,0.0,1417564800,0,0.0,1,JordanManual,CCCAGG,NIO,2017-12-30 17:53:13.776440
0.0,0.0,0.0,0.0,1417824000,0,0.0,1,JordanManual,CCCAGG,NIO,2017-12-30 17:53:13.776440
0.0,0.0,0.0,0.0,1418083200,0,0.0,1,JordanManual,CCCAGG,NIO,2017-12-30 17:53:13.776440
0.0,0.0,0.0,0.0,1418342400,0,0.0,1,JordanManual,CCCAGG,NIO,2017-12-30 17:53:13.776440
0.0,0.0,0.0,0.0,1418601600,0,0.0,1,JordanManual,CCCAGG,NIO,2017-12-30 17:53:13.776440
0.0,0.0,0.0,0.0,1418860800,0,0.0,1,JordanManual,CCCAGG,NIO,2017-12-30 17:53:13.776440
0.0,0.0,0.0,0.0,1419120000,0,0.0,1,JordanManual,CCCAGG,NIO,2017-12-30 17:53:13.776440
0.0,0.0,0.0,0.0,1419379200,0,0.0,1,JordanManual,CCCAGG,NIO,2017-12-30 17:53:13.776440
0.0,0.0,0.0,0.0,1419638400,0,0.0,1,JordanManual,CCCAGG,NIO,2017-12-30 17:53:13.776440
0.0,0.0,0.0,0.0,1419897600,0,0.0,1,JordanManual,CCCAGG,NIO,2017-12-30 17:53:13.776440
0.0,0.0,0.0,0.0,1420156800,0,0.0,1,JordanManual,CCCAGG,NIO,2017-12-30 17:53:13.776440
0.0,0.0,0.0,0.0,1420416000,0,0.0,1,JordanManual,CCCAGG,NIO,2017-12-30 17:53:13.776440
0.0,0.0,0.0,0.0,1420675200,0,0.0,1,JordanManual,CCCAGG,NIO,2017-12-30 17:53:13.776440
0.0,0.0,0.0,0.0,1420934400,0,0.0,1,JordanManual,CCCAGG,NIO,2017-12-30 17:53:13.776440
0.0,0.0,0.0,0.0,1421193600,0,0.0,1,JordanManual,CCCAGG,NIO,2017-12-30 17:53:13.776440
0.0,0.0,0.0,0.0,1421452800,0,0.0,1,JordanManual,CCCAGG,NIO,2017-12-30 17:53:13.776440
0.0,0.0,0.0,0.0,1421712000,0,0.0,1,JordanManual,CCCAGG,NIO,2017-12-30 17:53:13.776440
0.0,0.0,0.0,0.0,1421971200,0,0.0,1,JordanManual,CCCAGG,NIO,2017-12-30 17:53:13.776440
0.0,0.0,0.0,0.0,1422230400,0,0.0,1,JordanManual,CCCAGG,NIO,2017-12-30 17:53:13.776440
0.0,0.0,0.0,0.0,1422489600,0,0.0,1,JordanManual,CCCAGG,NIO,2017-12-30 17:53:13.776440
0.0,0.0,0.0,0.0,1422748800,0,0.0,1,JordanManual,CCCAGG,NIO,2017-12-30 17:53:13.776440
0.0,0.0,0.0,0.0,1423008000,0,0.0,1,JordanManual,CCCAGG,NIO,2017-12-30 17:53:13.776440
0.0,0.0,0.0,0.0,1423267200,0,0.0,1,JordanManual,CCCAGG,NIO,2017-12-30 17:53:13.776440
0.0,0.0,0.0,0.0,1423526400,0,0.0,1,JordanManual,CCCAGG,NIO,2017-12-30 17:53:13.776440
0.0,0.0,0.0,0.0,1423785600,0,0.0,1,JordanManual,CCCAGG,NIO,2017-12-30 17:53:13.776440
0.0,0.0,0.0,0.0,1424044800,0,0.0,1,JordanManual,CCCAGG,NIO,2017-12-30 17:53:13.776440
0.0,0.0,0.0,0.0,1424304000,0,0.0,1,JordanManual,CCCAGG,NIO,2017-12-30 17:53:13.776440
0.0,0.0,0.0,0.0,1424563200,0,0.0,1,JordanManual,CCCAGG,NIO,2017-12-30 17:53:13.776440
0.0,0.0,0.0,0.0,1424822400,0,0.0,1,JordanManual,CCCAGG,NIO,2017-12-30 17:53:13.776440
0.0,0.0,0.0,0.0,1425081600,0,0.0,1,JordanManual,CCCAGG,NIO,2017-12-30 17:53:13.776440
0.0,0.0,0.0,0.0,1425340800,0,0.0,1,JordanManual,CCCAGG,NIO,2017-12-30 17:53:13.776440
0.0,0.0,0.0,0.0,1425600000,0,0.0,1,JordanManual,CCCAGG,NIO,2017-12-30 17:53:13.776440
0.0,0.0,0.0,0.0,1425859200,0,0.0,1,JordanManual,CCCAGG,NIO,2017-12-30 17:53:13.776440
0.0,0.0,0.0,0.0,1426118400,0,0.0,1,JordanManual,CCCAGG,NIO,2017-12-30 17:53:13.776440
0.0,0.0,0.0,0.0,1426377600,0,0.0,1,JordanManual,CCCAGG,NIO,2017-12-30 17:53:13.776440
0.0,0.0,0.0,0.0,1426636800,0,0.0,1,JordanManual,CCCAGG,NIO,2017-12-30 17:53:13.776440
0.0,0.0,0.0,0.0,1426896000,0,0.0,1,JordanManual,CCCAGG,NIO,2017-12-30 17:53:13.776440
0.0,0.0,0.0,0.0,1427155200,0,0.0,1,JordanManual,CCCAGG,NIO,2017-12-30 17:53:13.776440
0.0,0.0,0.0,0.0,1427414400,0,0.0,1,JordanManual,CCCAGG,NIO,2017-12-30 17:53:13.776440
0.0,0.0,0.0,0.0,1427673600,0,0.0,1,JordanManual,CCCAGG,NIO,2017-12-30 17:53:13.776440
0.0,0.0,0.0,0.0,1427932800,0,0.0,1,JordanManual,CCCAGG,NIO,2017-12-30 17:53:13.776440
0.0,0.0,0.0,0.0,1428192000,0,0.0,1,JordanManual,CCCAGG,NIO,2017-12-30 17:53:13.776440
0.0,0.0,0.0,0.0,1428451200,0,0.0,1,JordanManual,CCCAGG,NIO,2017-12-30 17:53:13.776440
0.0,0.0,0.0,0.0,1428710400,0,0.0,1,JordanManual,CCCAGG,NIO,2017-12-30 17:53:13.776440
0.0,0.0,0.0,0.0,1428969600,0,0.0,1,JordanManual,CCCAGG,NIO,2017-12-30 17:53:13.776440
0.0,0.0,0.0,0.0,1429228800,0,0.0,1,JordanManual,CCCAGG,NIO,2017-12-30 17:53:13.776440
0.0,0.0,0.0,0.0,1429488000,0,0.0,1,JordanManual,CCCAGG,NIO,2017-12-30 17:53:13.776440
0.0,0.0,0.0,0.0,1429747200,0,0.0,1,JordanManual,CCCAGG,NIO,2017-12-30 17:53:13.776440
0.0,0.0,0.0,0.0,1430006400,0,0.0,1,JordanManual,CCCAGG,NIO,2017-12-30 17:53:13.776440
0.0,0.0,0.0,0.0,1430265600,0,0.0,1,JordanManual,CCCAGG,NIO,2017-12-30 17:53:13.776440
0.0,0.0,0.0,0.0,1430524800,0,0.0,1,JordanManual,CCCAGG,NIO,2017-12-30 17:53:13.776440
0.0,0.0,0.0,0.0,1430784000,0,0.0,1,JordanManual,CCCAGG,NIO,2017-12-30 17:53:13.776440
0.0,0.0,0.0,0.0,1431043200,0,0.0,1,JordanManual,CCCAGG,NIO,2017-12-30 17:53:13.776440
0.0,0.0,0.0,0.0,1431302400,0,0.0,1,JordanManual,CCCAGG,NIO,2017-12-30 17:53:13.776440
0.0,0.0,0.0,0.0,1431561600,0,0.0,1,JordanManual,CCCAGG,NIO,2017-12-30 17:53:13.776440
0.0,0.0,0.0,0.0,1431820800,0,0.0,1,JordanManual,CCCAGG,NIO,2017-12-30 17:53:13.776440
0.0,0.0,0.0,0.0,1432080000,0,0.0,1,JordanManual,CCCAGG,NIO,2017-12-30 17:53:13.776440
0.0,0.0,0.0,0.0,1432339200,0,0.0,1,JordanManual,CCCAGG,NIO,2017-12-30 17:53:13.776440
0.0,0.0,0.0,0.0,1432598400,0,0.0,1,JordanManual,CCCAGG,NIO,2017-12-30 17:53:13.776440
0.0,0.0,0.0,0.0,1432857600,0,0.0,1,JordanManual,CCCAGG,NIO,2017-12-30 17:53:13.776440
0.0,0.0,0.0,0.0,1433116800,0,0.0,1,JordanManual,CCCAGG,NIO,2017-12-30 17:53:13.776440
0.0,0.0,0.0,0.0,1433376000,0,0.0,1,JordanManual,CCCAGG,NIO,2017-12-30 17:53:13.776440
0.0,0.0,0.0,0.0,1433635200,0,0.0,1,JordanManual,CCCAGG,NIO,2017-12-30 17:53:13.776440
0.0,0.0,0.0,0.0,1433894400,0,0.0,1,JordanManual,CCCAGG,NIO,2017-12-30 17:53:13.776440
0.0,0.0,0.0,0.0,1434153600,0,0.0,1,JordanManual,CCCAGG,NIO,2017-12-30 17:53:13.776440
0.0,0.0,0.0,0.0,1434412800,0,0.0,1,JordanManual,CCCAGG,NIO,2017-12-30 17:53:13.776440
0.0,0.0,0.0,0.0,1434672000,0,0.0,1,JordanManual,CCCAGG,NIO,2017-12-30 17:53:13.776440
0.0,0.0,0.0,0.0,1434931200,0,0.0,1,JordanManual,CCCAGG,NIO,2017-12-30 17:53:13.776440
0.0,0.0,0.0,0.0,1435190400,0,0.0,1,JordanManual,CCCAGG,NIO,2017-12-30 17:53:13.776440
0.0,0.0,0.0,0.0,1435449600,0,0.0,1,JordanManual,CCCAGG,NIO,2017-12-30 17:53:13.776440
0.0,0.0,0.0,0.0,1435708800,0,0.0,1,JordanManual,CCCAGG,NIO,2017-12-30 17:53:13.776440
0.0,0.0,0.0,0.0,1435968000,0,0.0,1,JordanManual,CCCAGG,NIO,2017-12-30 17:53:13.776440
0.0,0.0,0.0,0.0,1436227200,0,0.0,1,JordanManual,CCCAGG,NIO,2017-12-30 17:53:13.776440
0.0,0.0,0.0,0.0,1436486400,0,0.0,1,JordanManual,CCCAGG,NIO,2017-12-30 17:53:13.776440
0.0,0.0,0.0,0.0,1436745600,0,0.0,1,JordanManual,CCCAGG,NIO,2017-12-30 17:53:13.776440
0.0,0.0,0.0,0.0,1437004800,0,0.0,1,JordanManual,CCCAGG,NIO,2017-12-30 17:53:13.776440
0.0,0.0,0.0,0.0,1437264000,0,0.0,1,JordanManual,CCCAGG,NIO,2017-12-30 17:53:13.776440
0.0,0.0,0.0,0.0,1437523200,0,0.0,1,JordanManual,CCCAGG,NIO,2017-12-30 17:53:13.776440
0.0,0.0,0.0,0.0,1437782400,0,0.0,1,JordanManual,CCCAGG,NIO,2017-12-30 17:53:13.776440
0.0,0.0,0.0,0.0,1438041600,0,0.0,1,JordanManual,CCCAGG,NIO,2017-12-30 17:53:13.776440
0.0,0.0,0.0,0.0,1438300800,0,0.0,1,JordanManual,CCCAGG,NIO,2017-12-30 17:53:13.776440
0.0,0.0,0.0,0.0,1438560000,0,0.0,1,JordanManual,CCCAGG,NIO,2017-12-30 17:53:13.776440
0.0,0.0,0.0,0.0,1438819200,0,0.0,1,JordanManual,CCCAGG,NIO,2017-12-30 17:53:13.776440
0.0,0.0,0.0,0.0,1439078400,0,0.0,1,JordanManual,CCCAGG,NIO,2017-12-30 17:53:13.776440
0.0,0.0,0.0,0.0,1439337600,0,0.0,1,JordanManual,CCCAGG,NIO,2017-12-30 17:53:13.776440
0.0,0.0,0.0,0.0,1439596800,0,0.0,1,JordanManual,CCCAGG,NIO,2017-12-30 17:53:13.776440
0.0,0.0,0.0,0.0,1439856000,0,0.0,1,JordanManual,CCCAGG,NIO,2017-12-30 17:53:13.776440
0.0,0.0,0.0,0.0,1440115200,0,0.0,1,JordanManual,CCCAGG,NIO,2017-12-30 17:53:13.776440
0.0,0.0,0.0,0.0,1440374400,0,0.0,1,JordanManual,CCCAGG,NIO,2017-12-30 17:53:13.776440
0.0,0.0,0.0,0.0,1440633600,0,0.0,1,JordanManual,CCCAGG,NIO,2017-12-30 17:53:13.776440
0.0,0.0,0.0,0.0,1440892800,0,0.0,1,JordanManual,CCCAGG,NIO,2017-12-30 17:53:13.776440
0.0,0.0,0.0,0.0,1441152000,0,0.0,1,JordanManual,CCCAGG,NIO,2017-12-30 17:53:13.776440
0.0,0.0,0.0,0.0,1441411200,0,0.0,1,JordanManual,CCCAGG,NIO,2017-12-30 17:53:13.776440
0.0,0.0,0.0,0.0,1441670400,0,0.0,1,JordanManual,CCCAGG,NIO,2017-12-30 17:53:13.776440
0.0,0.0,0.0,0.0,1441929600,0,0.0,1,JordanManual,CCCAGG,NIO,2017-12-30 17:53:13.776440
0.0,0.0,0.0,0.0,1442188800,0,0.0,1,JordanManual,CCCAGG,NIO,2017-12-30 17:53:13.776440
0.0,0.0,0.0,0.0,1442448000,0,0.0,1,JordanManual,CCCAGG,NIO,2017-12-30 17:53:13.776440
0.0,0.0,0.0,0.0,1442707200,0,0.0,1,JordanManual,CCCAGG,NIO,2017-12-30 17:53:13.776440
0.0,0.0,0.0,0.0,1442966400,0,0.0,1,JordanManual,CCCAGG,NIO,2017-12-30 17:53:13.776440
0.0,0.0,0.0,0.0,1443225600,0,0.0,1,JordanManual,CCCAGG,NIO,2017-12-30 17:53:13.776440
0.0,0.0,0.0,0.0,1443484800,0,0.0,1,JordanManual,CCCAGG,NIO,2017-12-30 17:53:13.776440
0.0,0.0,0.0,0.0,1443744000,0,0.0,1,JordanManual,CCCAGG,NIO,2017-12-30 17:53:13.776440
0.0,0.0,0.0,0.0,1444003200,0,0.0,1,JordanManual,CCCAGG,NIO,2017-12-30 17:53:13.776440
0.0,0.0,0.0,0.0,1444262400,0,0.0,1,JordanManual,CCCAGG,NIO,2017-12-30 17:53:13.776440
0.0,0.0,0.0,0.0,1444521600,0,0.0,1,JordanManual,CCCAGG,NIO,2017-12-30 17:53:13.776440
0.0,0.0,0.0,0.0,1444780800,0,0.0,1,JordanManual,CCCAGG,NIO,2017-12-30 17:53:13.776440
0.0,0.0,0.0,0.0,1445040000,0,0.0,1,JordanManual,CCCAGG,NIO,2017-12-30 17:53:13.776440
0.0,0.0,0.0,0.0,1445299200,0,0.0,1,JordanManual,CCCAGG,NIO,2017-12-30 17:53:13.776440
0.0,0.0,0.0,0.0,1445558400,0,0.0,1,JordanManual,CCCAGG,NIO,2017-12-30 17:53:13.776440
0.0,0.0,0.0,0.0,1445817600,0,0.0,1,JordanManual,CCCAGG,NIO,2017-12-30 17:53:13.776440
0.0,0.0,0.0,0.0,1446076800,0,0.0,1,JordanManual,CCCAGG,NIO,2017-12-30 17:53:13.776440
0.0,0.0,0.0,0.0,1446336000,0,0.0,1,JordanManual,CCCAGG,NIO,2017-12-30 17:53:13.776440
0.0,0.0,0.0,0.0,1446595200,0,0.0,1,JordanManual,CCCAGG,NIO,2017-12-30 17:53:13.776440
0.0,0.0,0.0,0.0,1446854400,0,0.0,1,JordanManual,CCCAGG,NIO,2017-12-30 17:53:13.776440
0.0,0.0,0.0,0.0,1447113600,0,0.0,1,JordanManual,CCCAGG,NIO,2017-12-30 17:53:13.776440
0.0,0.0,0.0,0.0,1447372800,0,0.0,1,JordanManual,CCCAGG,NIO,2017-12-30 17:53:13.776440
0.0,0.0,0.0,0.0,1447632000,0,0.0,1,JordanManual,CCCAGG,NIO,2017-12-30 17:53:13.776440
0.0,0.0,0.0,0.0,1447891200,0,0.0,1,JordanManual,CCCAGG,NIO,2017-12-30 17:53:13.776440
0.0,0.0,0.0,0.0,1448150400,0,0.0,1,JordanManual,CCCAGG,NIO,2017-12-30 17:53:13.776440
0.0,0.0,0.0,0.0,1448409600,0,0.0,1,JordanManual,CCCAGG,NIO,2017-12-30 17:53:13.776440
0.0,0.0,0.0,0.0,1448668800,0,0.0,1,JordanManual,CCCAGG,NIO,2017-12-30 17:53:13.776440
0.0,0.0,0.0,0.0,1448928000,0,0.0,1,JordanManual,CCCAGG,NIO,2017-12-30 17:53:13.776440
0.0,0.0,0.0,0.0,1449187200,0,0.0,1,JordanManual,CCCAGG,NIO,2017-12-30 17:53:13.776440
0.0,0.0,0.0,0.0,1449446400,0,0.0,1,JordanManual,CCCAGG,NIO,2017-12-30 17:53:13.776440
0.0,0.0,0.0,0.0,1449705600,0,0.0,1,JordanManual,CCCAGG,NIO,2017-12-30 17:53:13.776440
0.0,0.0,0.0,0.0,1449964800,0,0.0,1,JordanManual,CCCAGG,NIO,2017-12-30 17:53:13.776440
0.0,0.0,0.0,0.0,1450224000,0,0.0,1,JordanManual,CCCAGG,NIO,2017-12-30 17:53:13.776440
0.0,0.0,0.0,0.0,1450483200,0,0.0,1,JordanManual,CCCAGG,NIO,2017-12-30 17:53:13.776440
0.0,0.0,0.0,0.0,1450742400,0,0.0,1,JordanManual,CCCAGG,NIO,2017-12-30 17:53:13.776440
0.0,0.0,0.0,0.0,1451001600,0,0.0,1,JordanManual,CCCAGG,NIO,2017-12-30 17:53:13.776440
0.0,0.0,0.0,0.0,1451260800,0,0.0,1,JordanManual,CCCAGG,NIO,2017-12-30 17:53:13.776440
0.0,0.0,0.0,0.0,1451520000,0,0.0,1,JordanManual,CCCAGG,NIO,2017-12-30 17:53:13.776440
0.0,0.0,0.0,0.0,1451779200,0,0.0,1,JordanManual,CCCAGG,NIO,2017-12-30 17:53:13.776440
0.0,0.0,0.0,0.0,1452038400,0,0.0,1,JordanManual,CCCAGG,NIO,2017-12-30 17:53:13.776440
0.0,0.0,0.0,0.0,1452297600,0,0.0,1,JordanManual,CCCAGG,NIO,2017-12-30 17:53:13.776440
0.0,0.0,0.0,0.0,1452556800,0,0.0,1,JordanManual,CCCAGG,NIO,2017-12-30 17:53:13.776440
0.0,0.0,0.0,0.0,1452816000,0,0.0,1,JordanManual,CCCAGG,NIO,2017-12-30 17:53:13.776440
0.0,0.0,0.0,0.0,1453075200,0,0.0,1,JordanManual,CCCAGG,NIO,2017-12-30 17:53:13.776440
0.0,0.0,0.0,0.0,1453334400,0,0.0,1,JordanManual,CCCAGG,NIO,2017-12-30 17:53:13.776440
0.0,0.0,0.0,0.0,1453593600,0,0.0,1,JordanManual,CCCAGG,NIO,2017-12-30 17:53:13.776440
0.0,0.0,0.0,0.0,1453852800,0,0.0,1,JordanManual,CCCAGG,NIO,2017-12-30 17:53:13.776440
0.0,0.0,0.0,0.0,1454112000,0,0.0,1,JordanManual,CCCAGG,NIO,2017-12-30 17:53:13.776440
0.0,0.0,0.0,0.0,1454371200,0,0.0,1,JordanManual,CCCAGG,NIO,2017-12-30 17:53:13.776440
0.0,0.0,0.0,0.0,1454630400,0,0.0,1,JordanManual,CCCAGG,NIO,2017-12-30 17:53:13.776440
0.0,0.0,0.0,0.0,1454889600,0,0.0,1,JordanManual,CCCAGG,NIO,2017-12-30 17:53:13.776440
0.0,0.0,0.0,0.0,1455148800,0,0.0,1,JordanManual,CCCAGG,NIO,2017-12-30 17:53:13.776440
0.0,0.0,0.0,0.0,1455408000,0,0.0,1,JordanManual,CCCAGG,NIO,2017-12-30 17:53:13.776440
0.0,0.0,0.0,0.0,1455667200,0,0.0,1,JordanManual,CCCAGG,NIO,2017-12-30 17:53:13.776440
0.0,0.0,0.0,0.0,1455926400,0,0.0,1,JordanManual,CCCAGG,NIO,2017-12-30 17:53:13.776440
0.0,0.0,0.0,0.0,1456185600,0,0.0,1,JordanManual,CCCAGG,NIO,2017-12-30 17:53:13.776440
0.0,0.0,0.0,0.0,1456444800,0,0.0,1,JordanManual,CCCAGG,NIO,2017-12-30 17:53:13.776440
0.0,0.0,0.0,0.0,1456704000,0,0.0,1,JordanManual,CCCAGG,NIO,2017-12-30 17:53:13.776440
0.0,0.0,0.0,0.0,1456963200,0,0.0,1,JordanManual,CCCAGG,NIO,2017-12-30 17:53:13.776440
0.0,0.0,0.0,0.0,1457222400,0,0.0,1,JordanManual,CCCAGG,NIO,2017-12-30 17:53:13.776440
0.0,0.0,0.0,0.0,1457481600,0,0.0,1,JordanManual,CCCAGG,NIO,2017-12-30 17:53:13.776440
0.0,0.0,0.0,0.0,1457740800,0,0.0,1,JordanManual,CCCAGG,NIO,2017-12-30 17:53:13.776440
0.0,0.0,0.0,0.0,1458000000,0,0.0,1,JordanManual,CCCAGG,NIO,2017-12-30 17:53:13.776440
0.0,0.0,0.0,0.0,1458259200,0,0.0,1,JordanManual,CCCAGG,NIO,2017-12-30 17:53:13.776440
0.0,0.0,0.0,0.0,1458518400,0,0.0,1,JordanManual,CCCAGG,NIO,2017-12-30 17:53:13.776440
0.0,0.0,0.0,0.0,1458777600,0,0.0,1,JordanManual,CCCAGG,NIO,2017-12-30 17:53:13.776440
0.0,0.0,0.0,0.0,1459036800,0,0.0,1,JordanManual,CCCAGG,NIO,2017-12-30 17:53:13.776440
0.0,0.0,0.0,0.0,1459296000,0,0.0,1,JordanManual,CCCAGG,NIO,2017-12-30 17:53:13.776440
0.0,0.0,0.0,0.0,1459555200,0,0.0,1,JordanManual,CCCAGG,NIO,2017-12-30 17:53:13.776440
0.0,0.0,0.0,0.0,1459814400,0,0.0,1,JordanManual,CCCAGG,NIO,2017-12-30 17:53:13.776440
0.0,0.0,0.0,0.0,1460073600,0,0.0,1,JordanManual,CCCAGG,NIO,2017-12-30 17:53:13.776440
0.0,0.0,0.0,0.0,1460332800,0,0.0,1,JordanManual,CCCAGG,NIO,2017-12-30 17:53:13.776440
0.0,0.0,0.0,0.0,1460592000,0,0.0,1,JordanManual,CCCAGG,NIO,2017-12-30 17:53:13.776440
0.0,0.0,0.0,0.0,1460851200,0,0.0,1,JordanManual,CCCAGG,NIO,2017-12-30 17:53:13.776440
0.0,0.0,0.0,0.0,1461110400,0,0.0,1,JordanManual,CCCAGG,NIO,2017-12-30 17:53:13.776440
0.0,0.0,0.0,0.0,1461369600,0,0.0,1,JordanManual,CCCAGG,NIO,2017-12-30 17:53:13.776440
0.0,0.0,0.0,0.0,1461628800,0,0.0,1,JordanManual,CCCAGG,NIO,2017-12-30 17:53:13.776440
0.0,0.0,0.0,0.0,1461888000,0,0.0,1,JordanManual,CCCAGG,NIO,2017-12-30 17:53:13.776440
0.0,0.0,0.0,0.0,1462147200,0,0.0,1,JordanManual,CCCAGG,NIO,2017-12-30 17:53:13.776440
0.0,0.0,0.0,0.0,1462406400,0,0.0,1,JordanManual,CCCAGG,NIO,2017-12-30 17:53:13.776440
0.0,0.0,0.0,0.0,1462665600,0,0.0,1,JordanManual,CCCAGG,NIO,2017-12-30 17:53:13.776440
0.0,0.0,0.0,0.0,1462924800,0,0.0,1,JordanManual,CCCAGG,NIO,2017-12-30 17:53:13.776440
0.0,0.0,0.0,0.0,1463184000,0,0.0,1,JordanManual,CCCAGG,NIO,2017-12-30 17:53:13.776440
0.0,0.0,0.0,0.0,1463443200,0,0.0,1,JordanManual,CCCAGG,NIO,2017-12-30 17:53:13.776440
0.0,0.0,0.0,0.0,1463702400,0,0.0,1,JordanManual,CCCAGG,NIO,2017-12-30 17:53:13.776440
0.0,0.0,0.0,0.0,1463961600,0,0.0,1,JordanManual,CCCAGG,NIO,2017-12-30 17:53:13.776440
0.0,0.0,0.0,0.0,1464220800,0,0.0,1,JordanManual,CCCAGG,NIO,2017-12-30 17:53:13.776440
0.0,0.0,0.0,0.0,1464480000,0,0.0,1,JordanManual,CCCAGG,NIO,2017-12-30 17:53:13.776440
0.0,0.0,0.0,0.0,1464739200,0,0.0,1,JordanManual,CCCAGG,NIO,2017-12-30 17:53:13.776440
0.0,0.0,0.0,0.0,1464998400,0,0.0,1,JordanManual,CCCAGG,NIO,2017-12-30 17:53:13.776440
0.0,0.0,0.0,0.0,1465257600,0,0.0,1,JordanManual,CCCAGG,NIO,2017-12-30 17:53:13.776440
0.0,0.0,0.0,0.0,1465516800,0,0.0,1,JordanManual,CCCAGG,NIO,2017-12-30 17:53:13.776440
0.0,0.0,0.0,0.0,1465776000,0,0.0,1,JordanManual,CCCAGG,NIO,2017-12-30 17:53:13.776440
0.0,0.0,0.0,0.0,1466035200,0,0.0,1,JordanManual,CCCAGG,NIO,2017-12-30 17:53:13.776440
0.0,0.0,0.0,0.0,1466294400,0,0.0,1,JordanManual,CCCAGG,NIO,2017-12-30 17:53:13.776440
0.0,0.0,0.0,0.0,1466553600,0,0.0,1,JordanManual,CCCAGG,NIO,2017-12-30 17:53:13.776440
0.0,0.0,0.0,0.0,1466812800,0,0.0,1,JordanManual,CCCAGG,NIO,2017-12-30 17:53:13.776440
0.0,0.0,0.0,0.0,1467072000,0,0.0,1,JordanManual,CCCAGG,NIO,2017-12-30 17:53:13.776440
0.0,0.0,0.0,0.0,1467331200,0,0.0,1,JordanManual,CCCAGG,NIO,2017-12-30 17:53:13.776440
0.0,0.0,0.0,0.0,1467590400,0,0.0,1,JordanManual,CCCAGG,NIO,2017-12-30 17:53:13.776440
0.0,0.0,0.0,0.0,1467849600,0,0.0,1,JordanManual,CCCAGG,NIO,2017-12-30 17:53:13.776440
0.0,0.0,0.0,0.0,1468108800,0,0.0,1,JordanManual,CCCAGG,NIO,2017-12-30 17:53:13.776440
0.0,0.0,0.0,0.0,1468368000,0,0.0,1,JordanManual,CCCAGG,NIO,2017-12-30 17:53:13.776440
0.0,0.0,0.0,0.0,1468627200,0,0.0,1,JordanManual,CCCAGG,NIO,2017-12-30 17:53:13.776440
0.0,0.0,0.0,0.0,1468886400,0,0.0,1,JordanManual,CCCAGG,NIO,2017-12-30 17:53:13.776440
0.0,0.0,0.0,0.0,1469145600,0,0.0,1,JordanManual,CCCAGG,NIO,2017-12-30 17:53:13.776440
0.0,0.0,0.0,0.0,1469404800,0,0.0,1,JordanManual,CCCAGG,NIO,2017-12-30 17:53:13.776440
0.0,0.0,0.0,0.0,1469664000,0,0.0,1,JordanManual,CCCAGG,NIO,2017-12-30 17:53:13.776440
0.0,0.0,0.0,0.0,1469923200,0,0.0,1,JordanManual,CCCAGG,NIO,2017-12-30 17:53:13.776440
0.0,0.0,0.0,0.0,1470182400,0,0.0,1,JordanManual,CCCAGG,NIO,2017-12-30 17:53:13.776440
0.0,0.0,0.0,0.0,1470441600,0,0.0,1,JordanManual,CCCAGG,NIO,2017-12-30 17:53:13.776440
0.0,0.0,0.0,0.0,1470700800,0,0.0,1,JordanManual,CCCAGG,NIO,2017-12-30 17:53:13.776440
0.0,0.0,0.0,0.0,1470960000,0,0.0,1,JordanManual,CCCAGG,NIO,2017-12-30 17:53:13.776440
0.0,0.0,0.0,0.0,1471219200,0,0.0,1,JordanManual,CCCAGG,NIO,2017-12-30 17:53:13.776440
0.0,0.0,0.0,0.0,1471478400,0,0.0,1,JordanManual,CCCAGG,NIO,2017-12-30 17:53:13.776440
0.0,0.0,0.0,0.0,1471737600,0,0.0,1,JordanManual,CCCAGG,NIO,2017-12-30 17:53:13.776440
0.0,0.0,0.0,0.0,1471996800,0,0.0,1,JordanManual,CCCAGG,NIO,2017-12-30 17:53:13.776440
0.0,0.0,0.0,0.0,1472256000,0,0.0,1,JordanManual,CCCAGG,NIO,2017-12-30 17:53:13.776440
0.0,0.0,0.0,0.0,1472515200,0,0.0,1,JordanManual,CCCAGG,NIO,2017-12-30 17:53:13.776440
0.0,0.0,0.0,0.0,1472774400,0,0.0,1,JordanManual,CCCAGG,NIO,2017-12-30 17:53:13.776440
0.0,0.0,0.0,0.0,1473033600,0,0.0,1,JordanManual,CCCAGG,NIO,2017-12-30 17:53:13.776440
0.0,0.0,0.0,0.0,1473292800,0,0.0,1,JordanManual,CCCAGG,NIO,2017-12-30 17:53:13.776440
0.0,0.0,0.0,0.0,1473552000,0,0.0,1,JordanManual,CCCAGG,NIO,2017-12-30 17:53:13.776440
0.0,0.0,0.0,0.0,1473811200,0,0.0,1,JordanManual,CCCAGG,NIO,2017-12-30 17:53:13.776440
0.0,0.0,0.0,0.0,1474070400,0,0.0,1,JordanManual,CCCAGG,NIO,2017-12-30 17:53:13.776440
0.0,0.0,0.0,0.0,1474329600,0,0.0,1,JordanManual,CCCAGG,NIO,2017-12-30 17:53:13.776440
0.0,0.0,0.0,0.0,1474588800,0,0.0,1,JordanManual,CCCAGG,NIO,2017-12-30 17:53:13.776440
0.0,0.0,0.0,0.0,1474848000,0,0.0,1,JordanManual,CCCAGG,NIO,2017-12-30 17:53:13.776440
0.0,0.0,0.0,0.0,1475107200,0,0.0,1,JordanManual,CCCAGG,NIO,2017-12-30 17:53:13.776440
0.0,0.0,0.0,0.0,1475366400,0,0.0,1,JordanManual,CCCAGG,NIO,2017-12-30 17:53:13.776440
0.0,0.0,0.0,0.0,1475625600,0,0.0,1,JordanManual,CCCAGG,NIO,2017-12-30 17:53:13.776440
0.0,0.0,0.0,0.0,1475884800,0,0.0,1,JordanManual,CCCAGG,NIO,2017-12-30 17:53:13.776440
0.0,0.0,0.0,0.0,1476144000,0,0.0,1,JordanManual,CCCAGG,NIO,2017-12-30 17:53:13.776440
0.0,0.0,0.0,0.0,1476403200,0,0.0,1,JordanManual,CCCAGG,NIO,2017-12-30 17:53:13.776440
0.0,0.0,0.0,0.0,1476662400,0,0.0,1,JordanManual,CCCAGG,NIO,2017-12-30 17:53:13.776440
0.0,0.0,0.0,0.0,1476921600,0,0.0,1,JordanManual,CCCAGG,NIO,2017-12-30 17:53:13.776440
0.0,0.0,0.0,0.0,1477180800,0,0.0,1,JordanManual,CCCAGG,NIO,2017-12-30 17:53:13.776440
0.0,0.0,0.0,0.0,1477440000,0,0.0,1,JordanManual,CCCAGG,NIO,2017-12-30 17:53:13.776440
0.0,0.0,0.0,0.0,1477699200,0,0.0,1,JordanManual,CCCAGG,NIO,2017-12-30 17:53:13.776440
0.0,0.0,0.0,0.0,1477958400,0,0.0,1,JordanManual,CCCAGG,NIO,2017-12-30 17:53:13.776440
0.0,0.0,0.0,0.0,1478217600,0,0.0,1,JordanManual,CCCAGG,NIO,2017-12-30 17:53:13.776440
0.0,0.0,0.0,0.0,1478476800,0,0.0,1,JordanManual,CCCAGG,NIO,2017-12-30 17:53:13.776440
0.0,0.0,0.0,0.0,1478736000,0,0.0,1,JordanManual,CCCAGG,NIO,2017-12-30 17:53:13.776440
0.0,0.0,0.0,0.0,1478995200,0,0.0,1,JordanManual,CCCAGG,NIO,2017-12-30 17:53:13.776440
0.0,0.0,0.0,0.0,1479254400,0,0.0,1,JordanManual,CCCAGG,NIO,2017-12-30 17:53:13.776440
0.0,0.0,0.0,0.0,1479513600,0,0.0,1,JordanManual,CCCAGG,NIO,2017-12-30 17:53:13.776440
0.0,0.0,0.0,0.0,1479772800,0,0.0,1,JordanManual,CCCAGG,NIO,2017-12-30 17:53:13.776440
0.0,0.0,0.0,0.0,1480032000,0,0.0,1,JordanManual,CCCAGG,NIO,2017-12-30 17:53:13.776440
0.0,0.0,0.0,0.0,1480291200,0,0.0,1,JordanManual,CCCAGG,NIO,2017-12-30 17:53:13.776440
0.0,0.0,0.0,0.0,1480550400,0,0.0,1,JordanManual,CCCAGG,NIO,2017-12-30 17:53:13.776440
0.0,0.0,0.0,0.0,1480809600,0,0.0,1,JordanManual,CCCAGG,NIO,2017-12-30 17:53:13.776440
0.0,0.0,0.0,0.0,1481068800,0,0.0,1,JordanManual,CCCAGG,NIO,2017-12-30 17:53:13.776440
0.0,0.0,0.0,0.0,1481328000,0,0.0,1,JordanManual,CCCAGG,NIO,2017-12-30 17:53:13.776440
0.0,0.0,0.0,0.0,1481587200,0,0.0,1,JordanManual,CCCAGG,NIO,2017-12-30 17:53:13.776440
0.0,0.0,0.0,0.0,1481846400,0,0.0,1,JordanManual,CCCAGG,NIO,2017-12-30 17:53:13.776440
0.0,0.0,0.0,0.0,1482105600,0,0.0,1,JordanManual,CCCAGG,NIO,2017-12-30 17:53:13.776440
0.0,0.0,0.0,0.0,1482364800,0,0.0,1,JordanManual,CCCAGG,NIO,2017-12-30 17:53:13.776440
0.0,0.0,0.0,0.0,1482624000,0,0.0,1,JordanManual,CCCAGG,NIO,2017-12-30 17:53:13.776440
0.0,0.0,0.0,0.0,1482883200,0,0.0,1,JordanManual,CCCAGG,NIO,2017-12-30 17:53:13.776440
0.0,0.0,0.0,0.0,1483142400,0,0.0,1,JordanManual,CCCAGG,NIO,2017-12-30 17:53:13.776440
0.0,0.0,0.0,0.0,1483401600,0,0.0,1,JordanManual,CCCAGG,NIO,2017-12-30 17:53:13.776440
0.0,0.0,0.0,0.0,1483660800,0,0.0,1,JordanManual,CCCAGG,NIO,2017-12-30 17:53:13.776440
0.0,0.0,0.0,0.0,1483920000,0,0.0,1,JordanManual,CCCAGG,NIO,2017-12-30 17:53:13.776440
0.0,0.0,0.0,0.0,1484179200,0,0.0,1,JordanManual,CCCAGG,NIO,2017-12-30 17:53:13.776440
0.0,0.0,0.0,0.0,1484438400,0,0.0,1,JordanManual,CCCAGG,NIO,2017-12-30 17:53:13.776440
0.0,0.0,0.0,0.0,1484697600,0,0.0,1,JordanManual,CCCAGG,NIO,2017-12-30 17:53:13.776440
0.0,0.0,0.0,0.0,1484956800,0,0.0,1,JordanManual,CCCAGG,NIO,2017-12-30 17:53:13.776440
0.0,0.0,0.0,0.0,1485216000,0,0.0,1,JordanManual,CCCAGG,NIO,2017-12-30 17:53:13.776440
0.0,0.0,0.0,0.0,1485475200,0,0.0,1,JordanManual,CCCAGG,NIO,2017-12-30 17:53:13.776440
0.0,0.0,0.0,0.0,1485734400,0,0.0,1,JordanManual,CCCAGG,NIO,2017-12-30 17:53:13.776440
0.0,0.0,0.0,0.0,1485993600,0,0.0,1,JordanManual,CCCAGG,NIO,2017-12-30 17:53:13.776440
0.0,0.0,0.0,0.0,1486252800,0,0.0,1,JordanManual,CCCAGG,NIO,2017-12-30 17:53:13.776440
0.0,0.0,0.0,0.0,1486512000,0,0.0,1,JordanManual,CCCAGG,NIO,2017-12-30 17:53:13.776440
0.0,0.0,0.0,0.0,1486771200,0,0.0,1,JordanManual,CCCAGG,NIO,2017-12-30 17:53:13.776440
0.0,0.0,0.0,0.0,1487030400,0,0.0,1,JordanManual,CCCAGG,NIO,2017-12-30 17:53:13.776440
0.0,0.0,0.0,0.0,1487289600,0,0.0,1,JordanManual,CCCAGG,NIO,2017-12-30 17:53:13.776440
0.0,0.0,0.0,0.0,1487548800,0,0.0,1,JordanManual,CCCAGG,NIO,2017-12-30 17:53:13.776440
0.0,0.0,0.0,0.0,1487808000,0,0.0,1,JordanManual,CCCAGG,NIO,2017-12-30 17:53:13.776440
0.0,0.0,0.0,0.0,1488067200,0,0.0,1,JordanManual,CCCAGG,NIO,2017-12-30 17:53:13.776440
0.0,0.0,0.0,0.0,1488326400,0,0.0,1,JordanManual,CCCAGG,NIO,2017-12-30 17:53:13.776440
0.0,0.0,0.0,0.0,1488585600,0,0.0,1,JordanManual,CCCAGG,NIO,2017-12-30 17:53:13.776440
0.0,0.0,0.0,0.0,1488844800,0,0.0,1,JordanManual,CCCAGG,NIO,2017-12-30 17:53:13.776440
0.0,0.0,0.0,0.0,1489104000,0,0.0,1,JordanManual,CCCAGG,NIO,2017-12-30 17:53:13.776440
0.0,0.0,0.0,0.0,1489363200,0,0.0,1,JordanManual,CCCAGG,NIO,2017-12-30 17:53:13.776440
0.0,0.0,0.0,0.0,1489622400,0,0.0,1,JordanManual,CCCAGG,NIO,2017-12-30 17:53:13.776440
0.0,0.0,0.0,0.0,1489881600,0,0.0,1,JordanManual,CCCAGG,NIO,2017-12-30 17:53:13.776440
0.0,0.0,0.0,0.0,1490140800,0,0.0,1,JordanManual,CCCAGG,NIO,2017-12-30 17:53:13.776440
0.0,0.0,0.0,0.0,1490400000,0,0.0,1,JordanManual,CCCAGG,NIO,2017-12-30 17:53:13.776440
0.0,0.0,0.0,0.0,1490659200,0,0.0,1,JordanManual,CCCAGG,NIO,2017-12-30 17:53:13.776440
0.0,0.0,0.0,0.0,1490918400,0,0.0,1,JordanManual,CCCAGG,NIO,2017-12-30 17:53:13.776440
0.0,0.0,0.0,0.0,1491177600,0,0.0,1,JordanManual,CCCAGG,NIO,2017-12-30 17:53:13.776440
0.0,0.0,0.0,0.0,1491436800,0,0.0,1,JordanManual,CCCAGG,NIO,2017-12-30 17:53:13.776440
0.0,0.0,0.0,0.0,1491696000,0,0.0,1,JordanManual,CCCAGG,NIO,2017-12-30 17:53:13.776440
0.0,0.0,0.0,0.0,1491955200,0,0.0,1,JordanManual,CCCAGG,NIO,2017-12-30 17:53:13.776440
0.0,0.0,0.0,0.0,1492214400,0,0.0,1,JordanManual,CCCAGG,NIO,2017-12-30 17:53:13.776440
0.0,0.0,0.0,0.0,1492473600,0,0.0,1,JordanManual,CCCAGG,NIO,2017-12-30 17:53:13.776440
0.0,0.0,0.0,0.0,1492732800,0,0.0,1,JordanManual,CCCAGG,NIO,2017-12-30 17:53:13.776440
0.0,0.0,0.0,0.0,1492992000,0,0.0,1,JordanManual,CCCAGG,NIO,2017-12-30 17:53:13.776440
0.0,0.0,0.0,0.0,1493251200,0,0.0,1,JordanManual,CCCAGG,NIO,2017-12-30 17:53:13.776440
0.0,0.0,0.0,0.0,1493510400,0,0.0,1,JordanManual,CCCAGG,NIO,2017-12-30 17:53:13.776440
0.0,0.0,0.0,0.0,1493769600,0,0.0,1,JordanManual,CCCAGG,NIO,2017-12-30 17:53:13.776440
0.0,0.0,0.0,0.0,1494028800,0,0.0,1,JordanManual,CCCAGG,NIO,2017-12-30 17:53:13.776440
0.0,0.0,0.0,0.0,1494288000,0,0.0,1,JordanManual,CCCAGG,NIO,2017-12-30 17:53:13.776440
0.0,0.0,0.0,0.0,1494547200,0,0.0,1,JordanManual,CCCAGG,NIO,2017-12-30 17:53:13.776440
0.0,0.0,0.0,0.0,1494806400,0,0.0,1,JordanManual,CCCAGG,NIO,2017-12-30 17:53:13.776440
0.0,0.0,0.0,0.0,1495065600,0,0.0,1,JordanManual,CCCAGG,NIO,2017-12-30 17:53:13.776440
0.0,0.0,0.0,0.0,1495324800,0,0.0,1,JordanManual,CCCAGG,NIO,2017-12-30 17:53:13.776440
0.0,0.0,0.0,0.0,1495584000,0,0.0,1,JordanManual,CCCAGG,NIO,2017-12-30 17:53:13.776440
0.0,0.0,0.0,0.0,1495843200,0,0.0,1,JordanManual,CCCAGG,NIO,2017-12-30 17:53:13.776440
0.0,0.0,0.0,0.0,1496102400,0,0.0,1,JordanManual,CCCAGG,NIO,2017-12-30 17:53:13.776440
0.0,0.0,0.0,0.0,1496361600,0,0.0,1,JordanManual,CCCAGG,NIO,2017-12-30 17:53:13.776440
0.0,0.0,0.0,0.0,1496620800,0,0.0,1,JordanManual,CCCAGG,NIO,2017-12-30 17:53:13.776440
0.0,0.0,0.0,0.0,1496880000,0,0.0,1,JordanManual,CCCAGG,NIO,2017-12-30 17:53:13.776440
0.0,0.0,0.0,0.0,1497139200,0,0.0,1,JordanManual,CCCAGG,NIO,2017-12-30 17:53:13.776440
0.0,0.0,0.0,0.0,1497398400,0,0.0,1,JordanManual,CCCAGG,NIO,2017-12-30 17:53:13.776440
0.0,0.0,0.0,0.0,1497657600,0,0.0,1,JordanManual,CCCAGG,NIO,2017-12-30 17:53:13.776440
0.0,0.0,0.0,0.0,1497916800,0,0.0,1,JordanManual,CCCAGG,NIO,2017-12-30 17:53:13.776440
0.0,0.0,0.0,0.0,1498176000,0,0.0,1,JordanManual,CCCAGG,NIO,2017-12-30 17:53:13.776440
0.0,0.0,0.0,0.0,1498435200,0,0.0,1,JordanManual,CCCAGG,NIO,2017-12-30 17:53:13.776440
0.0,0.0,0.0,0.0,1498694400,0,0.0,1,JordanManual,CCCAGG,NIO,2017-12-30 17:53:13.776440
0.0,0.0,0.0,0.0,1498953600,0,0.0,1,JordanManual,CCCAGG,NIO,2017-12-30 17:53:13.776440
0.0,0.0,0.0,0.0,1499212800,0,0.0,1,JordanManual,CCCAGG,NIO,2017-12-30 17:53:13.776440
0.0,0.0,0.0,0.0,1499472000,0,0.0,1,JordanManual,CCCAGG,NIO,2017-12-30 17:53:13.776440
0.0,0.0,0.0,0.0,1499731200,0,0.0,1,JordanManual,CCCAGG,NIO,2017-12-30 17:53:13.776440
0.0,0.0,0.0,0.0,1499990400,0,0.0,1,JordanManual,CCCAGG,NIO,2017-12-30 17:53:13.776440
0.0,0.0,0.0,0.0,1500249600,0,0.0,1,JordanManual,CCCAGG,NIO,2017-12-30 17:53:13.776440
0.0,0.0,0.0,0.0,1500508800,0,0.0,1,JordanManual,CCCAGG,NIO,2017-12-30 17:53:13.776440
0.0,0.0,0.0,0.0,1500768000,0,0.0,1,JordanManual,CCCAGG,NIO,2017-12-30 17:53:13.776440
0.0,0.0,0.0,0.0,1501027200,0,0.0,1,JordanManual,CCCAGG,NIO,2017-12-30 17:53:13.776440
0.0,0.0,0.0,0.0,1501286400,0,0.0,1,JordanManual,CCCAGG,NIO,2017-12-30 17:53:13.776440
0.0,0.0,0.0,0.0,1501545600,0,0.0,1,JordanManual,CCCAGG,NIO,2017-12-30 17:53:13.776440
0.0,0.0,0.0,0.0,1501804800,0,0.0,1,JordanManual,CCCAGG,NIO,2017-12-30 17:53:13.776440
0.0,0.0,0.0,0.0,1502064000,0,0.0,1,JordanManual,CCCAGG,NIO,2017-12-30 17:53:13.776440
0.0,0.0,0.0,0.0,1502323200,0,0.0,1,JordanManual,CCCAGG,NIO,2017-12-30 17:53:13.776440
0.0,0.0,0.0,0.0,1502582400,0,0.0,1,JordanManual,CCCAGG,NIO,2017-12-30 17:53:13.776440
0.0,0.0,0.0,0.0,1502841600,0,0.0,1,JordanManual,CCCAGG,NIO,2017-12-30 17:53:13.776440
0.0,0.0,0.0,0.0,1503100800,0,0.0,1,JordanManual,CCCAGG,NIO,2017-12-30 17:53:13.776440
0.0,0.0,0.0,0.0,1503360000,0,0.0,1,JordanManual,CCCAGG,NIO,2017-12-30 17:53:13.776440
0.0,0.0,0.0,0.0,1503619200,0,0.0,1,JordanManual,CCCAGG,NIO,2017-12-30 17:53:13.776440
0.0,0.0,0.0,0.0,1503878400,0,0.0,1,JordanManual,CCCAGG,NIO,2017-12-30 17:53:13.776440
0.0,0.0,0.0,0.0,1504137600,0,0.0,1,JordanManual,CCCAGG,NIO,2017-12-30 17:53:13.776440
0.0,0.0,0.0,0.0,1504396800,0,0.0,1,JordanManual,CCCAGG,NIO,2017-12-30 17:53:13.776440
0.0,0.0,0.0,0.0,1504656000,0,0.0,1,JordanManual,CCCAGG,NIO,2017-12-30 17:53:13.776440
0.0,0.0,0.0,0.0,1504915200,0,0.0,1,JordanManual,CCCAGG,NIO,2017-12-30 17:53:13.776440
0.0,0.0,0.0,0.0,1505174400,0,0.0,1,JordanManual,CCCAGG,NIO,2017-12-30 17:53:13.776440
0.0,0.0,0.0,0.0,1505433600,0,0.0,1,JordanManual,CCCAGG,NIO,2017-12-30 17:53:13.776440
0.0,0.0,0.0,0.0,1505692800,0,0.0,1,JordanManual,CCCAGG,NIO,2017-12-30 17:53:13.776440
0.0,0.0,0.0,0.0,1505952000,0,0.0,1,JordanManual,CCCAGG,NIO,2017-12-30 17:53:13.776440
0.0,0.0,0.0,0.0,1506211200,0,0.0,1,JordanManual,CCCAGG,NIO,2017-12-30 17:53:13.776440
0.0,0.0,0.0,0.0,1506470400,0,0.0,1,JordanManual,CCCAGG,NIO,2017-12-30 17:53:13.776440
0.0,0.0,0.0,0.0,1506729600,0,0.0,1,JordanManual,CCCAGG,NIO,2017-12-30 17:53:13.776440
0.0,0.0,0.0,0.0,1506988800,0,0.0,1,JordanManual,CCCAGG,NIO,2017-12-30 17:53:13.776440
0.0,0.0,0.0,0.0,1507248000,0,0.0,1,JordanManual,CCCAGG,NIO,2017-12-30 17:53:13.776440
0.0,0.0,0.0,0.0,1507507200,0,0.0,1,JordanManual,CCCAGG,NIO,2017-12-30 17:53:13.776440
0.0,0.0,0.0,0.0,1507766400,0,0.0,1,JordanManual,CCCAGG,NIO,2017-12-30 17:53:13.776440
0.0,0.0,0.0,0.0,1508025600,0,0.0,1,JordanManual,CCCAGG,NIO,2017-12-30 17:53:13.776440
0.0,0.0,0.0,0.0,1508284800,0,0.0,1,JordanManual,CCCAGG,NIO,2017-12-30 17:53:13.776440
0.0,0.0,0.0,0.0,1508544000,0,0.0,1,JordanManual,CCCAGG,NIO,2017-12-30 17:53:13.776440
0.0,0.0,0.0,0.0,1508803200,0,0.0,1,JordanManual,CCCAGG,NIO,2017-12-30 17:53:13.776440
0.0,0.0,0.0,0.0,1509062400,0,0.0,1,JordanManual,CCCAGG,NIO,2017-12-30 17:53:13.776440
0.0,0.0,0.0,0.0,1509321600,0,0.0,1,JordanManual,CCCAGG,NIO,2017-12-30 17:53:13.776440
0.00285,0.05101,0.0021,0.00297,1509580800,188668,537.7,1,JordanManual,CCCAGG,NIO,2017-12-30 17:53:13.776440
0.01897,0.02609,0.001481,0.02609,1509840000,9890180,105313.67,1,JordanManual,CCCAGG,NIO,2017-12-30 17:53:13.776440
0.03726,0.375,0.02213,0.02213,1510099200,14456351,491620.21,1,JordanManual,CCCAGG,NIO,2017-12-30 17:53:13.776440
0.1391,0.8714,0.03688,0.03724,1510358400,4274905,369496.11,1,JordanManual,CCCAGG,NIO,2017-12-30 17:53:13.776440
0.05615,0.1523,0.04558,0.1523,1510617600,2600014,242778.87,1,JordanManual,CCCAGG,NIO,2017-12-30 17:53:13.776440
0.0589,0.1135,0.04312,0.05639,1510876800,1361102,80519.73,1,JordanManual,CCCAGG,NIO,2017-12-30 17:53:13.776440
0.06703,0.1523,0.04507,0.06108,1511136000,714631,59931.72,1,JordanManual,CCCAGG,NIO,2017-12-30 17:53:13.776440
0.07898,0.9409,0.06505,0.1159,1511395200,609916,50572.68,1,JordanManual,CCCAGG,NIO,2017-12-30 17:53:13.776440
0.07927,0.09844,0.0556,0.07999,1511654400,546479,47529.73,1,JordanManual,CCCAGG,NIO,2017-12-30 17:53:13.776440
0.07939,0.8697,0.06485,0.0842,1511913600,345051,27536.5,1,JordanManual,CCCAGG,NIO,2017-12-30 17:53:13.776440
0.07004,0.0877,0.06479,0.08014,1512172800,200444,15109.09,1,JordanManual,CCCAGG,NIO,2017-12-30 17:53:13.776440
0.05715,0.06809,0.03879,0.06809,1512432000,339511,18992.83,1,JordanManual,CCCAGG,NIO,2017-12-30 17:53:13.776440
0.03841,0.06799,0.03148,0.0613,1512691200,639524,24969.22,1,JordanManual,CCCAGG,NIO,2017-12-30 17:53:13.776440
0.04684,0.09438,0.03417,0.04517,1512950400,1190579,53387.15,1,JordanManual,CCCAGG,NIO,2017-12-30 17:53:13.776440
0.04642,0.05427,0.04247,0.04786,1513209600,471722,21752.45,1,JordanManual,CCCAGG,NIO,2017-12-30 17:53:13.776440
0.065,47.85,0.02871,0.04665,1513468800,754091,42503.53,1,JordanManual,CCCAGG,NIO,2017-12-30 17:53:13.776440
0.06052,0.06553,0.06052,0.06473,1513728000,29229,1846.65,1,JordanManual,CCCAGG,NIO,2017-12-30 17:53:13.776440
0.06508,0.4909,0.04731,0.06654,1513987200,208731,13241.16,1,JordanManual,CCCAGG,NIO,2017-12-30 17:53:13.776440
0.0645,0.1433,0.01648,0.06781,1514246400,418277,25014.81,1,JordanManual,CCCAGG,NIO,2017-12-30 17:53:13.776440
0.043,0.06767,0.04228,0.06656,1514505600,85399,4931.67,1,JordanManual,CCCAGG,NIO,2017-12-30 17:53:13.776440
